           1           1  0.500000000      -9.53777730E-02 -0.500000000    
           1           2  0.500000000      -9.53777730E-02 -0.500000000    
           1           3  0.500000000      -9.53777730E-02 -0.500000000    
           1           4  0.500000000      -9.53777730E-02 -0.500000000    
           1           5  0.500000000      -9.53777730E-02 -0.500000000    
           1           6  0.500000000      -9.53777730E-02 -0.500000000    
           1           7  0.500000000      -9.53777730E-02 -0.500000000    
           1           8  0.500000000      -9.53777730E-02 -0.500000000    
           1           9  0.500000000      -9.53777730E-02 -0.500000000    
           1          10  0.500000000      -9.53777730E-02 -0.500000000    
           1          11  0.500000000      -9.53777730E-02 -0.500000000    
           1          12  0.500000000      -9.53777730E-02 -0.500000000    
           1          13  0.500000000      -9.53777730E-02 -0.500000000    
           1          14  0.500000000      -9.53777730E-02 -0.500000000    
           1          15  0.500000000      -9.53777730E-02 -0.500000000    
           1          16  0.500000000      -9.53777730E-02 -0.500000000    
           1          17  0.500000000      -9.53777730E-02 -0.500000000    
           1          18  0.500000000      -9.53777730E-02 -0.500000000    
           1          19  0.500000000      -9.53777730E-02 -0.500000000    
           1          20  0.500000000      -9.53777730E-02 -0.500000000    
           1          21  0.500000000      -9.53777730E-02 -0.500000000    
           1          22  0.500000000      -9.53777730E-02 -0.500000000    
           1          23  0.500000000      -9.53777730E-02 -0.500000000    
           1          24  0.500000000      -9.53777730E-02 -0.500000000    
           1          25  0.500000000      -9.53777730E-02 -0.500000000    
           1          26  0.500000000      -9.53777730E-02 -0.500000000    
           1          27  0.500000000      -9.53777730E-02 -0.500000000    
           1          28  0.500000000      -9.53777730E-02 -0.500000000    
           1          29  0.500000000      -9.53777730E-02 -0.500000000    
           1          30  0.500000000      -9.53777730E-02 -0.500000000    
           1          31  0.500000000      -9.53777730E-02 -0.500000000    
           1          32  0.500000000      -9.53777730E-02 -0.500000000    
           1          33  0.500000000      -9.53777730E-02 -0.500000000    
           2           1  0.500000000      -9.53777730E-02 -0.500000000    
           2           2  0.500000000      -9.53777730E-02 -0.500000000    
           2           3  0.500000000      -9.53777730E-02 -0.500000000    
           2           4  0.500000000      -9.53777730E-02 -0.500000000    
           2           5  0.500000000      -9.53777730E-02 -0.500000000    
           2           6  0.500000000      -9.53777730E-02 -0.500000000    
           2           7  0.500000000      -9.53777730E-02 -0.500000000    
           2           8  0.500000000      -9.53777730E-02 -0.500000000    
           2           9  0.500000000      -9.53777730E-02 -0.500000000    
           2          10  0.500000000      -9.53777730E-02 -0.500000000    
           2          11  0.500000000      -9.53777730E-02 -0.500000000    
           2          12  0.500000000      -9.53777730E-02 -0.500000000    
           2          13  0.500000000      -9.53777730E-02 -0.500000000    
           2          14  0.500000000      -9.53777730E-02 -0.500000000    
           2          15  0.500000000      -9.53777730E-02 -0.500000000    
           2          16  0.500000000      -9.53777730E-02 -0.500000000    
           2          17  0.500000000      -9.53777730E-02 -0.500000000    
           2          18  0.500000000      -9.53777730E-02 -0.500000000    
           2          19  0.500000000      -9.53777730E-02 -0.500000000    
           2          20  0.500000000      -9.53777730E-02 -0.500000000    
           2          21  0.500000000      -9.53777730E-02 -0.500000000    
           2          22  0.500000000      -9.53777730E-02 -0.500000000    
           2          23  0.500000000      -9.53777730E-02 -0.500000000    
           2          24  0.500000000      -9.53777730E-02 -0.500000000    
           2          25  0.500000000      -9.53777730E-02 -0.500000000    
           2          26  0.500000000      -9.53777730E-02 -0.500000000    
           2          27  0.500000000      -9.53777730E-02 -0.500000000    
           2          28  0.500000000      -9.53777730E-02 -0.500000000    
           2          29  0.500000000      -9.53777730E-02 -0.500000000    
           2          30  0.500000000      -9.53777730E-02 -0.500000000    
           2          31  0.500000000      -9.53777730E-02 -0.500000000    
           2          32  0.500000000      -9.53777730E-02 -0.500000000    
           2          33  0.500000000      -9.53777730E-02 -0.500000000    
           3           1  0.500000000      -9.53777730E-02 -0.500000000    
           3           2  0.500000000      -9.53777730E-02 -0.500000000    
           3           3  0.500000000      -9.53777730E-02 -0.500000000    
           3           4  0.500000000      -9.53777730E-02 -0.500000000    
           3           5  0.500000000      -9.53777730E-02 -0.500000000    
           3           6  0.500000000      -9.53777730E-02 -0.500000000    
           3           7  0.500000000      -9.53777730E-02 -0.500000000    
           3           8  0.500000000      -9.53777730E-02 -0.500000000    
           3           9  0.500000000      -9.53777730E-02 -0.500000000    
           3          10  0.500000000      -9.53777730E-02 -0.500000000    
           3          11  0.500000000      -9.53777730E-02 -0.500000000    
           3          12  0.500000000      -9.53777730E-02 -0.500000000    
           3          13  0.500000000      -9.53777730E-02 -0.500000000    
           3          14  0.500000000      -9.53777730E-02 -0.500000000    
           3          15  0.499999881      -9.53777730E-02 -0.500000000    
           3          16  0.499999672      -9.53777730E-02 -0.500000000    
           3          17  0.499999672      -9.53777730E-02 -0.500000000    
           3          18  0.499999791      -9.53777730E-02 -0.500000000    
           3          19  0.499999970      -9.53777730E-02 -0.500000000    
           3          20  0.500000000      -9.53777730E-02 -0.500000000    
           3          21  0.500000000      -9.53777730E-02 -0.500000000    
           3          22  0.500000000      -9.53777730E-02 -0.500000000    
           3          23  0.500000000      -9.53777730E-02 -0.500000000    
           3          24  0.500000000      -9.53777730E-02 -0.500000000    
           3          25  0.500000000      -9.53777730E-02 -0.500000000    
           3          26  0.500000000      -9.53777730E-02 -0.500000000    
           3          27  0.500000000      -9.53777730E-02 -0.500000000    
           3          28  0.500000000      -9.53777730E-02 -0.500000000    
           3          29  0.500000000      -9.53777730E-02 -0.500000000    
           3          30  0.500000000      -9.53777730E-02 -0.500000000    
           3          31  0.500000000      -9.53777730E-02 -0.500000000    
           3          32  0.500000000      -9.53777730E-02 -0.500000000    
           3          33  0.500000000      -9.53777730E-02 -0.500000000    
           4           1  0.500000000      -9.53777730E-02 -0.500000000    
           4           2  0.500000000      -9.53777730E-02 -0.500000000    
           4           3  0.500000000      -9.53777730E-02 -0.500000000    
           4           4  0.500000000      -9.53777730E-02 -0.500000000    
           4           5  0.500000000      -9.53777730E-02 -0.500000000    
           4           6  0.500000000      -9.53777730E-02 -0.500000000    
           4           7  0.500000000      -9.53777730E-02 -0.500000000    
           4           8  0.500000000      -9.53777730E-02 -0.500000000    
           4           9  0.500000000      -9.53777730E-02 -0.500000000    
           4          10  0.500000000      -9.53777730E-02 -0.500000000    
           4          11  0.500000000      -9.53777730E-02 -0.500000000    
           4          12  0.499999791      -9.53777730E-02 -0.500000000    
           4          13  0.499997735      -9.53777730E-02 -0.500000000    
           4          14  0.499990821      -9.53777730E-02 -0.500000000    
           4          15  0.499978304      -9.53777730E-02 -0.500000000    
           4          16  0.499966472      -9.53777730E-02 -0.500000000    
           4          17  0.499964386      -9.53777730E-02 -0.500000000    
           4          18  0.499973804      -9.53777730E-02 -0.500000000    
           4          19  0.499987125      -9.53777730E-02 -0.500000000    
           4          20  0.499996156      -9.53777730E-02 -0.500000000    
           4          21  0.499999493      -9.53777730E-02 -0.500000000    
           4          22  0.500000000      -9.53777730E-02 -0.500000000    
           4          23  0.500000000      -9.53777730E-02 -0.500000000    
           4          24  0.500000000      -9.53777730E-02 -0.500000000    
           4          25  0.500000000      -9.53777730E-02 -0.500000000    
           4          26  0.500000000      -9.53777730E-02 -0.500000000    
           4          27  0.500000000      -9.53777730E-02 -0.500000000    
           4          28  0.500000000      -9.53777730E-02 -0.500000000    
           4          29  0.500000000      -9.53777730E-02 -0.500000000    
           4          30  0.500000000      -9.53777730E-02 -0.500000000    
           4          31  0.500000000      -9.53777730E-02 -0.500000000    
           4          32  0.500000000      -9.53777730E-02 -0.500000000    
           4          33  0.500000000      -9.53777730E-02 -0.500000000    
           5           1  0.500000000      -9.53777730E-02 -0.500000000    
           5           2  0.500000000      -9.53777730E-02 -0.500000000    
           5           3  0.500000000      -9.53777730E-02 -0.500000000    
           5           4  0.500000000      -9.53777730E-02 -0.500000000    
           5           5  0.500000000      -9.53777730E-02 -0.500000000    
           5           6  0.500000000      -9.53777730E-02 -0.500000000    
           5           7  0.500000000      -9.53777730E-02 -0.500000000    
           5           8  0.500000000      -9.53777730E-02 -0.500000000    
           5           9  0.500000000      -9.53777730E-02 -0.500000000    
           5          10  0.499999940      -9.53777730E-02 -0.500000000    
           5          11  0.499997407      -9.53777730E-02 -0.500000000    
           5          12  0.499973834      -9.53777730E-02 -0.500000000    
           5          13  0.499877244      -9.53777730E-02 -0.500000000    
           5          14  0.499659836      -9.53777730E-02 -0.500000000    
           5          15  0.499363869      -9.53777581E-02 -0.500000000    
           5          16  0.499128908      -9.53777209E-02 -0.500000000    
           5          17  0.499089956      -9.53777209E-02 -0.500000000    
           5          18  0.499270707      -9.53777581E-02 -0.500000000    
           5          19  0.499564409      -9.53777656E-02 -0.500000000    
           5          20  0.499818653      -9.53777730E-02 -0.500000000    
           5          21  0.499953121      -9.53777730E-02 -0.500000000    
           5          22  0.499993682      -9.53777730E-02 -0.500000000    
           5          23  0.499999702      -9.53777730E-02 -0.500000000    
           5          24  0.500000000      -9.53777730E-02 -0.500000000    
           5          25  0.500000000      -9.53777730E-02 -0.500000000    
           5          26  0.500000000      -9.53777730E-02 -0.500000000    
           5          27  0.500000000      -9.53777730E-02 -0.500000000    
           5          28  0.500000000      -9.53777730E-02 -0.500000000    
           5          29  0.500000000      -9.53777730E-02 -0.500000000    
           5          30  0.500000000      -9.53777730E-02 -0.500000000    
           5          31  0.500000000      -9.53777730E-02 -0.500000000    
           5          32  0.500000000      -9.53777730E-02 -0.500000000    
           5          33  0.500000000      -9.53777730E-02 -0.500000000    
           6           1  0.500000000      -9.53777730E-02 -0.500000000    
           6           2  0.500000000      -9.53777730E-02 -0.500000000    
           6           3  0.500000000      -9.53777730E-02 -0.500000000    
           6           4  0.500000000      -9.53777730E-02 -0.500000000    
           6           5  0.500000000      -9.53777730E-02 -0.500000000    
           6           6  0.500000000      -9.53777730E-02 -0.500000000    
           6           7  0.500000000      -9.53777730E-02 -0.500000000    
           6           8  0.500000000      -9.53777730E-02 -0.500000000    
           6           9  0.499999732      -9.53777730E-02 -0.500000000    
           6          10  0.499987841      -9.53777730E-02 -0.500000000    
           6          11  0.499856979      -9.53777730E-02 -0.500000000    
           6          12  0.499234319      -9.53777656E-02 -0.500000000    
           6          13  0.497701019      -9.53776464E-02 -0.500000000    
           6          14  0.495359480      -9.53772366E-02 -0.500000000    
           6          15  0.492906332      -9.53765512E-02 -0.500000000    
           6          16  0.491229922      -9.53758955E-02 -0.500000000    
           6          17  0.490967721      -9.53757688E-02 -0.500000000    
           6          18  0.492220849      -9.53763127E-02 -0.500000000    
           6          19  0.494509578      -9.53770280E-02 -0.500000000    
           6          20  0.496985227      -9.53775719E-02 -0.500000000    
           6          21  0.498833895      -9.53777507E-02 -0.500000000    
           6          22  0.499729663      -9.53777730E-02 -0.500000000    
           6          23  0.499969423      -9.53777730E-02 -0.500000000    
           6          24  0.499998719      -9.53777730E-02 -0.500000000    
           6          25  0.500000000      -9.53777730E-02 -0.500000000    
           6          26  0.500000000      -9.53777730E-02 -0.500000000    
           6          27  0.500000000      -9.53777730E-02 -0.500000000    
           6          28  0.500000000      -9.53777730E-02 -0.500000000    
           6          29  0.500000000      -9.53777730E-02 -0.500000000    
           6          30  0.500000000      -9.53777730E-02 -0.500000000    
           6          31  0.500000000      -9.53777730E-02 -0.500000000    
           6          32  0.500000000      -9.53777730E-02 -0.500000000    
           6          33  0.500000000      -9.53777730E-02 -0.500000000    
           7           1  0.500000000      -9.53777730E-02 -0.500000000    
           7           2  0.500000000      -9.53777730E-02 -0.500000000    
           7           3  0.500000000      -9.53777730E-02 -0.500000000    
           7           4  0.500000000      -9.53777730E-02 -0.500000000    
           7           5  0.500000000      -9.53777730E-02 -0.500000000    
           7           6  0.500000000      -9.53777730E-02 -0.500000000    
           7           7  0.500000000      -9.53777730E-02 -0.500000000    
           7           8  0.499999523      -9.53777730E-02 -0.500000000    
           7           9  0.499970853      -9.53777730E-02 -0.500000000    
           7          10  0.499575108      -9.53777730E-02 -0.500000000    
           7          11  0.497460932      -9.53776389E-02 -0.500000000    
           7          12  0.492251098      -9.53764096E-02 -0.500000000    
           7          13  0.484335840      -9.53717008E-02 -0.500000000    
           7          14  0.475208849      -9.53618437E-02 -0.500000000    
           7          15  0.466877311      -9.53487679E-02 -0.500000000    
           7          16  0.461517334      -9.53383148E-02 -0.500000000    
           7          17  0.460695505      -9.53365639E-02 -0.500000000    
           7          18  0.464661896      -9.53446329E-02 -0.500000000    
           7          19  0.472233117      -9.53576267E-02 -0.500000000    
           7          20  0.481338203      -9.53689739E-02 -0.500000000    
           7          21  0.489851922      -9.53753591E-02 -0.500000000    
           7          22  0.496085763      -9.53774452E-02 -0.500000000    
           7          23  0.499155819      -9.53777656E-02 -0.500000000    
           7          24  0.499920577      -9.53777730E-02 -0.500000000    
           7          25  0.499997526      -9.53777730E-02 -0.500000000    
           7          26  0.500000000      -9.53777730E-02 -0.500000000    
           7          27  0.500000000      -9.53777730E-02 -0.500000000    
           7          28  0.500000000      -9.53777730E-02 -0.500000000    
           7          29  0.500000000      -9.53777730E-02 -0.500000000    
           7          30  0.500000000      -9.53777730E-02 -0.500000000    
           7          31  0.500000000      -9.53777730E-02 -0.500000000    
           7          32  0.500000000      -9.53777730E-02 -0.500000000    
           7          33  0.500000000      -9.53777730E-02 -0.500000000    
           8           1  0.500000000      -9.53777730E-02 -0.500000000    
           8           2  0.500000000      -9.53777730E-02 -0.500000000    
           8           3  0.500000000      -9.53777730E-02 -0.500000000    
           8           4  0.500000000      -9.53777730E-02 -0.500000000    
           8           5  0.500000000      -9.53777730E-02 -0.500000000    
           8           6  0.500000000      -9.53777730E-02 -0.500000000    
           8           7  0.499999523      -9.53777730E-02 -0.500000000    
           8           8  0.499961257      -9.53777730E-02 -0.500000000    
           8           9  0.499277323      -9.53777656E-02 -0.500000000    
           8          10  0.495073885      -9.53773037E-02 -0.500000000    
           8          11  0.484889984      -9.53722447E-02 -0.500000000    
           8          12  0.468978375      -9.53524262E-02 -0.500000000    
           8          13  0.447418362      -9.53041092E-02 -0.500000000    
           8          14  0.423266649      -9.52207148E-02 -0.500000000    
           8          15  0.401886076      -9.51199159E-02 -0.500000000    
           8          16  0.388505489      -9.50434431E-02 -0.500000000    
           8          17  0.386479855      -9.50309858E-02 -0.500000000    
           8          18  0.396320134      -9.50893685E-02 -0.500000000    
           8          19  0.415550798      -9.51873288E-02 -0.500000000    
           8          20  0.439412773      -9.52799544E-02 -0.500000000    
           8          21  0.462344080      -9.53401327E-02 -0.500000000    
           8          22  0.480247617      -9.53679234E-02 -0.500000000    
           8          23  0.492324710      -9.53765363E-02 -0.500000000    
           8          24  0.498475045      -9.53777432E-02 -0.500000000    
           8          25  0.499884367      -9.53777730E-02 -0.500000000    
           8          26  0.499997199      -9.53777730E-02 -0.500000000    
           8          27  0.500000000      -9.53777730E-02 -0.500000000    
           8          28  0.500000000      -9.53777730E-02 -0.500000000    
           8          29  0.500000000      -9.53777730E-02 -0.500000000    
           8          30  0.500000000      -9.53777730E-02 -0.500000000    
           8          31  0.500000000      -9.53777730E-02 -0.500000000    
           8          32  0.500000000      -9.53777730E-02 -0.500000000    
           8          33  0.500000000      -9.53777730E-02 -0.500000000    
           9           1  0.500000000      -9.53777730E-02 -0.500000000    
           9           2  0.500000000      -9.53777730E-02 -0.500000000    
           9           3  0.500000000      -9.53777730E-02 -0.500000000    
           9           4  0.500000000      -9.53777730E-02 -0.500000000    
           9           5  0.500000000      -9.53777730E-02 -0.500000000    
           9           6  0.499999732      -9.53777730E-02 -0.500000000    
           9           7  0.499970853      -9.53777730E-02 -0.500000000    
           9           8  0.499277323      -9.53777656E-02 -0.500000000    
           9           9  0.493928283      -9.53770354E-02 -0.500000000    
           9          10  0.479978889      -9.53675359E-02 -0.500000000    
           9          11  0.454865307      -9.53242332E-02 -0.500000000    
           9          12  0.415895283      -9.51906741E-02 -0.500000000    
           9          13  0.367955953      -9.49060023E-02 -0.500000000    
           9          14  0.318387657      -9.44668353E-02 -0.500000000    
           9          15  0.276923656      -9.39765573E-02 -0.500000000    
           9          16  0.252014041      -9.36223269E-02 -0.500000000    
           9          17  0.248314261      -9.35655534E-02 -0.500000000    
           9          18  0.266463101      -9.38335881E-02 -0.500000000    
           9          19  0.303186715      -9.43008140E-02 -0.500000000    
           9          20  0.351157337      -9.47741196E-02 -0.500000000    
           9          21  0.400616616      -9.51145068E-02 -0.500000000    
           9          22  0.443209201      -9.52932015E-02 -0.500000000    
           9          23  0.473252952      -9.53588635E-02 -0.500000000    
           9          24  0.490188092      -9.53756794E-02 -0.500000000    
           9          25  0.498342812      -9.53777358E-02 -0.500000000    
           9          26  0.499904156      -9.53777730E-02 -0.500000000    
           9          27  0.499998271      -9.53777730E-02 -0.500000000    
           9          28  0.500000000      -9.53777730E-02 -0.500000000    
           9          29  0.500000000      -9.53777730E-02 -0.500000000    
           9          30  0.500000000      -9.53777730E-02 -0.500000000    
           9          31  0.500000000      -9.53777730E-02 -0.500000000    
           9          32  0.500000000      -9.53777730E-02 -0.500000000    
           9          33  0.500000000      -9.53777730E-02 -0.500000000    
          10           1  0.500000000      -9.53777730E-02 -0.500000000    
          10           2  0.500000000      -9.53777730E-02 -0.500000000    
          10           3  0.500000000      -9.53777730E-02 -0.500000000    
          10           4  0.500000000      -9.53777730E-02 -0.500000000    
          10           5  0.499999940      -9.53777730E-02 -0.500000000    
          10           6  0.499987841      -9.53777730E-02 -0.500000000    
          10           7  0.499575108      -9.53777730E-02 -0.500000000    
          10           8  0.495073885      -9.53773037E-02 -0.500000000    
          10           9  0.479978889      -9.53675359E-02 -0.500000000    
          10          10  0.448696643      -9.53095406E-02 -0.500000000    
          10          11  0.395846486      -9.50859115E-02 -0.500000000    
          10          12  0.321723372      -9.45062861E-02 -0.500000000    
          10          13  0.237590626      -9.34011340E-02 -0.500000000    
          10          14  0.160203621      -9.18477029E-02 -0.500000000    
          10          15  0.103158414      -9.02482644E-02 -0.500000000    
          10          16   7.23365694E-02  -8.91581997E-02 -0.500000000    
          10          17   6.79362789E-02  -8.89878571E-02 -0.500000000    
          10          18   8.99251848E-02  -8.98025706E-02 -0.500000000    
          10          19  0.138473153      -9.12923068E-02 -0.500000000    
          10          20  0.210196838      -9.29192305E-02 -0.500000000    
          10          21  0.293911189      -9.41995010E-02 -0.500000000    
          10          22  0.373149514      -9.49436501E-02 -0.500000000    
          10          23  0.433128536      -9.52611417E-02 -0.500000000    
          10          24  0.472131252      -9.53571945E-02 -0.500000000    
          10          25  0.491305083      -9.53761786E-02 -0.500000000    
          10          26  0.498910159      -9.53777507E-02 -0.500000000    
          10          27  0.499955058      -9.53777730E-02 -0.500000000    
          10          28  0.499999434      -9.53777730E-02 -0.500000000    
          10          29  0.500000000      -9.53777730E-02 -0.500000000    
          10          30  0.500000000      -9.53777730E-02 -0.500000000    
          10          31  0.500000000      -9.53777730E-02 -0.500000000    
          10          32  0.500000000      -9.53777730E-02 -0.500000000    
          10          33  0.500000000      -9.53777730E-02 -0.500000000    
          11           1  0.500000000      -9.53777730E-02 -0.500000000    
          11           2  0.500000000      -9.53777730E-02 -0.500000000    
          11           3  0.500000000      -9.53777730E-02 -0.500000000    
          11           4  0.500000000      -9.53777730E-02 -0.500000000    
          11           5  0.499997407      -9.53777730E-02 -0.500000000    
          11           6  0.499856979      -9.53777730E-02 -0.500000000    
          11           7  0.497460932      -9.53776389E-02 -0.500000000    
          11           8  0.484889984      -9.53722447E-02 -0.500000000    
          11           9  0.454865307      -9.53242332E-02 -0.500000000    
          11          10  0.395846546      -9.50859115E-02 -0.500000000    
          11          11  0.303604454      -9.43103656E-02 -0.500000000    
          11          12  0.189990774      -9.25253034E-02 -0.500000000    
          11          13   8.11443999E-02  -8.95057842E-02 -0.500000000    
          11          14   2.54445407E-03  -8.57409462E-02 -0.500000000    
          11          15  -4.11751494E-02  -8.22623372E-02 -0.500000000    
          11          16  -5.91725782E-02  -8.00625309E-02 -0.500000000    
          11          17  -6.12559952E-02  -7.97332972E-02 -0.500000000    
          11          18  -4.93903607E-02  -8.13452527E-02 -0.500000000    
          11          19  -1.58359930E-02  -8.44949484E-02 -0.500000000    
          11          20   5.09510040E-02  -8.82914439E-02 -0.500000000    
          11          21  0.151939541      -9.16499048E-02 -0.500000000    
          11          22  0.267830759      -9.38509628E-02 -0.500000000    
          11          23  0.368656754      -9.49128643E-02 -0.500000000    
          11          24  0.438348114      -9.52785015E-02 -0.500000000    
          11          25  0.477417618      -9.53646302E-02 -0.500000000    
          11          26  0.494828761      -9.53771994E-02 -0.500000000    
          11          27  0.499578744      -9.53777730E-02 -0.500000000    
          11          28  0.499988556      -9.53777730E-02 -0.500000000    
          11          29  0.499999970      -9.53777730E-02 -0.500000000    
          11          30  0.500000000      -9.53777730E-02 -0.500000000    
          11          31  0.500000000      -9.53777730E-02 -0.500000000    
          11          32  0.500000000      -9.53777730E-02 -0.500000000    
          11          33  0.500000000      -9.53777730E-02 -0.500000000    
          12           1  0.500000000      -9.53777730E-02 -0.500000000    
          12           2  0.500000000      -9.53777730E-02 -0.500000000    
          12           3  0.500000000      -9.53777730E-02 -0.500000000    
          12           4  0.499999791      -9.53777730E-02 -0.500000000    
          12           5  0.499973834      -9.53777730E-02 -0.500000000    
          12           6  0.499234319      -9.53777656E-02 -0.500000000    
          12           7  0.492251098      -9.53764096E-02 -0.500000000    
          12           8  0.468978375      -9.53524262E-02 -0.500000000    
          12           9  0.415895432      -9.51906741E-02 -0.500000000    
          12          10  0.321723551      -9.45062861E-02 -0.500000000    
          12          11  0.189991102      -9.25252810E-02 -0.500000000    
          12          12   5.49857914E-02  -8.84887651E-02 -0.500000000    
          12          13  -3.87761854E-02  -8.25703591E-02 -0.500000000    
          12          14  -7.79269561E-02  -7.61775970E-02 -0.500000000    
          12          15  -8.34980458E-02  -7.09391981E-02 -0.500000000    
          12          16  -8.04619566E-02  -6.78797215E-02 -0.500000000    
          12          17  -7.90261552E-02  -6.74220547E-02 -0.500000000    
          12          18  -8.31924528E-02  -6.96476474E-02 -0.500000000    
          12          19  -8.18800777E-02  -7.42446706E-02 -0.500000000    
          12          20  -5.66401407E-02  -8.04009810E-02 -0.500000000    
          12          21   1.76529959E-02  -8.66670161E-02 -0.500000000    
          12          22  0.143220857      -9.14234743E-02 -0.500000000    
          12          23  0.280840725      -9.40350071E-02 -0.500000000    
          12          24  0.389501661      -9.50501636E-02 -0.500000000    
          12          25  0.455623060      -9.53255221E-02 -0.500000000    
          12          26  0.486664772      -9.53735039E-02 -0.500000000    
          12          27  0.498133302      -9.53777060E-02 -0.500000000    
          12          28  0.499909490      -9.53777730E-02 -0.500000000    
          12          29  0.499998629      -9.53777730E-02 -0.500000000    
          12          30  0.500000000      -9.53777730E-02 -0.500000000    
          12          31  0.500000000      -9.53777730E-02 -0.500000000    
          12          32  0.500000000      -9.53777730E-02 -0.500000000    
          12          33  0.500000000      -9.53777730E-02 -0.500000000    
          13           1  0.500000000      -9.53777730E-02 -0.500000000    
          13           2  0.500000000      -9.53777730E-02 -0.500000000    
          13           3  0.500000000      -9.53777730E-02 -0.500000000    
          13           4  0.499997735      -9.53777730E-02 -0.500000000    
          13           5  0.499877244      -9.53777730E-02 -0.500000000    
          13           6  0.497701019      -9.53776464E-02 -0.500000000    
          13           7  0.484335840      -9.53717008E-02 -0.500000000    
          13           8  0.447418511      -9.53041092E-02 -0.500000000    
          13           9  0.367956251      -9.49059948E-02 -0.500000000    
          13          10  0.237591326      -9.34011191E-02 -0.500000000    
          13          11   8.11448544E-02  -8.95057842E-02 -0.500000000    
          13          12  -3.87760103E-02  -8.25703442E-02 -0.500000000    
          13          13  -8.28630179E-02  -7.38430098E-02 -0.500000000    
          13          14  -7.46187642E-02  -6.56088740E-02 -0.500000000    
          13          15  -5.18607534E-02  -5.94610721E-02 -0.500000000    
          13          16  -3.54646891E-02  -5.60535938E-02 -0.500000000    
          13          17  -3.28849331E-02  -5.55654503E-02 -0.500000000    
          13          18  -4.51453067E-02  -5.80048189E-02 -0.500000000    
          13          19  -6.73437938E-02  -6.32814988E-02 -0.500000000    
          13          20  -8.36798474E-02  -7.09452480E-02 -0.500000000    
          13          21  -6.13132007E-02  -7.97468349E-02 -0.500000000    
          13          22   3.45773883E-02  -8.75131711E-02 -0.500000000    
          13          23  0.185950577      -9.24321637E-02 -0.500000000    
          13          24  0.330171525      -9.45862532E-02 -0.500000000    
          13          25  0.426329821      -9.52338055E-02 -0.500000000    
          13          26  0.475383282      -9.53621045E-02 -0.500000000    
          13          27  0.495142192      -9.53772366E-02 -0.500000000    
          13          28  0.499635041      -9.53777730E-02 -0.500000000    
          13          29  0.499990195      -9.53777730E-02 -0.500000000    
          13          30  0.500000000      -9.53777730E-02 -0.500000000    
          13          31  0.500000000      -9.53777730E-02 -0.500000000    
          13          32  0.500000000      -9.53777730E-02 -0.500000000    
          13          33  0.500000000      -9.53777730E-02 -0.500000000    
          14           1  0.500000000      -9.53777730E-02 -0.500000000    
          14           2  0.500000000      -9.53777730E-02 -0.500000000    
          14           3  0.500000000      -9.53777730E-02 -0.500000000    
          14           4  0.499990821      -9.53777730E-02 -0.500000000    
          14           5  0.499659836      -9.53777730E-02 -0.500000000    
          14           6  0.495359510      -9.53772366E-02 -0.500000000    
          14           7  0.475208938      -9.53618437E-02 -0.500000000    
          14           8  0.423267007      -9.52207148E-02 -0.500000000    
          14           9  0.318388462      -9.44668502E-02 -0.500000000    
          14          10  0.160204664      -9.18477327E-02 -0.500000000    
          14          11   2.54512811E-03  -8.57409909E-02 -0.500000000    
          14          12  -7.79269412E-02  -7.61776119E-02 -0.500000000    
          14          13  -7.46187568E-02  -6.56089261E-02 -0.500000000    
          14          14  -3.79155949E-02  -5.65462224E-02 -0.500000000    
          14          15  -2.95089534E-03  -5.01680523E-02 -0.500000000    
          14          16   1.72366537E-02  -4.67490517E-02 -0.500000000    
          14          17   2.02363040E-02  -4.62606698E-02 -0.500000000    
          14          18   5.57695515E-03  -4.87004034E-02 -0.500000000    
          14          19  -2.50829607E-02  -5.40962964E-02 -0.500000000    
          14          20  -6.38300180E-02  -6.23365231E-02 -0.500000000    
          14          21  -8.37300122E-02  -7.26223588E-02 -0.500000000    
          14          22  -3.52304019E-02  -8.28588828E-02 -0.500000000    
          14          23  0.103231415      -9.02582929E-02 -0.500000000    
          14          24  0.270182401      -9.38888788E-02 -0.500000000    
          14          25  0.394637346      -9.50806588E-02 -0.500000000    
          14          26  0.462625682      -9.53406319E-02 -0.500000000    
          14          27  0.491087496      -9.53758284E-02 -0.500000000    
          14          28  0.499092609      -9.53777581E-02 -0.500000000    
          14          29  0.499965578      -9.53777730E-02 -0.500000000    
          14          30  0.499999672      -9.53777730E-02 -0.500000000    
          14          31  0.500000000      -9.53777730E-02 -0.500000000    
          14          32  0.500000000      -9.53777730E-02 -0.500000000    
          14          33  0.500000000      -9.53777730E-02 -0.500000000    
          15           1  0.500000000      -9.53777730E-02 -0.500000000    
          15           2  0.500000000      -9.53777730E-02 -0.500000000    
          15           3  0.499999881      -9.53777730E-02 -0.500000000    
          15           4  0.499978304      -9.53777730E-02 -0.500000000    
          15           5  0.499363869      -9.53777581E-02 -0.500000000    
          15           6  0.492906362      -9.53765512E-02 -0.500000000    
          15           7  0.466877460      -9.53487679E-02 -0.500000000    
          15           8  0.401886672      -9.51199159E-02 -0.500000000    
          15           9  0.276924700      -9.39765871E-02 -0.500000000    
          15          10  0.103159651      -9.02483240E-02 -0.500000000    
          15          11  -4.11747433E-02  -8.22623894E-02 -0.500000000    
          15          12  -8.34981799E-02  -7.09392428E-02 -0.500000000    
          15          13  -5.18612042E-02  -5.94611354E-02 -0.500000000    
          15          14  -2.95101572E-03  -5.01680672E-02 -0.500000000    
          15          15   3.49696949E-02  -4.38455157E-02 -0.500000000    
          15          16   5.52862957E-02  -4.05132137E-02 -0.500000000    
          15          17   5.81153035E-02  -4.00412083E-02 -0.500000000    
          15          18   4.37600799E-02  -4.24108729E-02 -0.500000000    
          15          19   1.15680536E-02  -4.77200374E-02 -0.500000000    
          15          20  -3.56080346E-02  -5.60535379E-02 -0.500000000    
          15          21  -7.84231275E-02  -6.69812635E-02 -0.500000000    
          15          22  -6.77357689E-02  -7.87168145E-02 -0.500000000    
          15          23   4.64394353E-02  -8.80892649E-02 -0.500000000    
          15          24  0.221671760      -9.31275114E-02 -0.500000000    
          15          25  0.367255270      -9.49009359E-02 -0.500000000    
          15          26  0.450997680      -9.53133851E-02 -0.500000000    
          15          27  0.487127215      -9.53736752E-02 -0.500000000    
          15          28  0.498418003      -9.53777060E-02 -0.500000000    
          15          29  0.499925286      -9.53777730E-02 -0.500000000    
          15          30  0.499998897      -9.53777730E-02 -0.500000000    
          15          31  0.500000000      -9.53777730E-02 -0.500000000    
          15          32  0.500000000      -9.53777730E-02 -0.500000000    
          15          33  0.500000000      -9.53777730E-02 -0.500000000    
          16           1  0.500000000      -9.53777730E-02 -0.500000000    
          16           2  0.500000000      -9.53777730E-02 -0.500000000    
          16           3  0.499999672      -9.53777730E-02 -0.500000000    
          16           4  0.499966472      -9.53777730E-02 -0.500000000    
          16           5  0.499128908      -9.53777209E-02 -0.500000000    
          16           6  0.491229922      -9.53758955E-02 -0.500000000    
          16           7  0.461517662      -9.53383148E-02 -0.500000000    
          16           8  0.388506353      -9.50434431E-02 -0.500000000    
          16           9  0.252015620      -9.36223567E-02 -0.500000000    
          16          10   7.23379478E-02  -8.91582668E-02 -0.500000000    
          16          11  -5.91721013E-02  -8.00626203E-02 -0.500000000    
          16          12  -8.04622322E-02  -6.78798109E-02 -0.500000000    
          16          13  -3.54650095E-02  -5.60536645E-02 -0.500000000    
          16          14   1.72365438E-02  -4.67490889E-02 -0.500000000    
          16          15   5.52861989E-02  -4.05132696E-02 -0.500000000    
          16          16   7.46289939E-02  -3.72535959E-02 -0.500000000    
          16          17   7.74833784E-02  -3.67858596E-02 -0.500000000    
          16          18   6.34403452E-02  -3.91107872E-02 -0.500000000    
          16          19   3.22575830E-02  -4.43309918E-02 -0.500000000    
          16          20  -1.66757572E-02  -5.26147820E-02 -0.500000000    
          16          21  -6.93479255E-02  -6.37400448E-02 -0.500000000    
          16          22  -7.78775811E-02  -7.61719644E-02 -0.500000000    
          16          23   1.75660979E-02  -8.66457447E-02 -0.500000000    
          16          24  0.193342775      -9.25866663E-02 -0.500000000    
          16          25  0.350337654      -9.47672352E-02 -0.500000000    
          16          26  0.443531990      -9.52920988E-02 -0.500000000    
          16          27  0.484515101      -9.53717455E-02 -0.500000000    
          16          28  0.497910082      -9.53776389E-02 -0.500000000    
          16          29  0.499889642      -9.53777730E-02 -0.500000000    
          16          30  0.499997914      -9.53777730E-02 -0.500000000    
          16          31  0.500000000      -9.53777730E-02 -0.500000000    
          16          32  0.500000000      -9.53777730E-02 -0.500000000    
          16          33  0.500000000      -9.53777730E-02 -0.500000000    
          17           1  0.500000000      -9.53777730E-02 -0.500000000    
          17           2  0.500000000      -9.53777730E-02 -0.500000000    
          17           3  0.499999672      -9.53777730E-02 -0.500000000    
          17           4  0.499964386      -9.53777730E-02 -0.500000000    
          17           5  0.499089956      -9.53777209E-02 -0.500000000    
          17           6  0.490967780      -9.53757688E-02 -0.500000000    
          17           7  0.460695833      -9.53365639E-02 -0.500000000    
          17           8  0.386480719      -9.50309858E-02 -0.500000000    
          17           9  0.248315915      -9.35655907E-02 -0.500000000    
          17          10   6.79376870E-02  -8.89879316E-02 -0.500000000    
          17          11  -6.12555034E-02  -7.97333643E-02 -0.500000000    
          17          12  -7.90263936E-02  -6.74221590E-02 -0.500000000    
          17          13  -3.28852013E-02  -5.55655025E-02 -0.500000000    
          17          14   2.02360768E-02  -4.62607481E-02 -0.500000000    
          17          15   5.81151731E-02  -4.00412008E-02 -0.500000000    
          17          16   7.74833560E-02  -3.67858484E-02 -0.500000000    
          17          17   8.05439577E-02  -3.63263898E-02 -0.500000000    
          17          18   6.64148629E-02  -3.86350974E-02 -0.500000000    
          17          19   3.48019786E-02  -4.38482761E-02 -0.500000000    
          17          20  -1.41861690E-02  -5.21312393E-02 -0.500000000    
          17          21  -6.72410429E-02  -6.32749498E-02 -0.500000000    
          17          22  -7.93232098E-02  -7.57948980E-02 -0.500000000    
          17          23   1.35867400E-02  -8.64216238E-02 -0.500000000    
          17          24  0.189195231      -9.25006643E-02 -0.500000000    
          17          25  0.347788662      -9.47455615E-02 -0.500000000    
          17          26  0.442389131      -9.52885747E-02 -0.500000000    
          17          27  0.484111577      -9.53714103E-02 -0.500000000    
          17          28  0.497827739      -9.53776315E-02 -0.500000000    
          17          29  0.499883443      -9.53777730E-02 -0.500000000    
          17          30  0.499997795      -9.53777730E-02 -0.500000000    
          17          31  0.500000000      -9.53777730E-02 -0.500000000    
          17          32  0.500000000      -9.53777730E-02 -0.500000000    
          17          33  0.500000000      -9.53777730E-02 -0.500000000    
          18           1  0.500000000      -9.53777730E-02 -0.500000000    
          18           2  0.500000000      -9.53777730E-02 -0.500000000    
          18           3  0.499999791      -9.53777730E-02 -0.500000000    
          18           4  0.499973804      -9.53777730E-02 -0.500000000    
          18           5  0.499270707      -9.53777581E-02 -0.500000000    
          18           6  0.492220938      -9.53763127E-02 -0.500000000    
          18           7  0.464662164      -9.53446329E-02 -0.500000000    
          18           8  0.396320879      -9.50893685E-02 -0.500000000    
          18           9  0.266464412      -9.38336179E-02 -0.500000000    
          18          10   8.99265483E-02  -8.98026377E-02 -0.500000000    
          18          11  -4.93897498E-02  -8.13453421E-02 -0.500000000    
          18          12  -8.31925943E-02  -6.96477294E-02 -0.500000000    
          18          13  -4.51455861E-02  -5.80048747E-02 -0.500000000    
          18          14   5.57678007E-03  -4.87004183E-02 -0.500000000    
          18          15   4.37599719E-02  -4.24108654E-02 -0.500000000    
          18          16   6.34404644E-02  -3.91108058E-02 -0.500000000    
          18          17   6.64150566E-02  -3.86351421E-02 -0.500000000    
          18          18   5.19885756E-02  -4.09925096E-02 -0.500000000    
          18          19   2.05454640E-02  -4.62660380E-02 -0.500000000    
          18          20  -2.73974612E-02  -5.45789525E-02 -0.500000000    
          18          21  -7.50633702E-02  -6.56002164E-02 -0.500000000    
          18          22  -7.24392459E-02  -7.76522979E-02 -0.500000000    
          18          23   3.38227563E-02  -8.74961764E-02 -0.500000000    
          18          24  0.209697217      -9.29083154E-02 -0.500000000    
          18          25  0.360200375      -9.48473290E-02 -0.500000000    
          18          26  0.447909862      -9.53049511E-02 -0.500000000    
          18          27  0.486052155      -9.53729227E-02 -0.500000000    
          18          28  0.498214453      -9.53776762E-02 -0.500000000    
          18          29  0.499911457      -9.53777730E-02 -0.500000000    
          18          30  0.499998510      -9.53777730E-02 -0.500000000    
          18          31  0.500000000      -9.53777730E-02 -0.500000000    
          18          32  0.500000000      -9.53777730E-02 -0.500000000    
          18          33  0.500000000      -9.53777730E-02 -0.500000000    
          19           1  0.500000000      -9.53777730E-02 -0.500000000    
          19           2  0.500000000      -9.53777730E-02 -0.500000000    
          19           3  0.499999970      -9.53777730E-02 -0.500000000    
          19           4  0.499987125      -9.53777730E-02 -0.500000000    
          19           5  0.499564409      -9.53777656E-02 -0.500000000    
          19           6  0.494509608      -9.53770280E-02 -0.500000000    
          19           7  0.472233295      -9.53576267E-02 -0.500000000    
          19           8  0.415551275      -9.51873288E-02 -0.500000000    
          19           9  0.303187758      -9.43008289E-02 -0.500000000    
          19          10  0.138474301      -9.12923589E-02 -0.500000000    
          19          11  -1.58354342E-02  -8.44950080E-02 -0.500000000    
          19          12  -8.18801820E-02  -7.42447078E-02 -0.500000000    
          19          13  -6.73440099E-02  -6.32815287E-02 -0.500000000    
          19          14  -2.50830669E-02  -5.40963225E-02 -0.500000000    
          19          15   1.15681989E-02  -4.77200337E-02 -0.500000000    
          19          16   3.22577618E-02  -4.43309732E-02 -0.500000000    
          19          17   3.48021276E-02  -4.38483246E-02 -0.500000000    
          19          18   2.05455478E-02  -4.62660193E-02 -0.500000000    
          19          19  -1.11521352E-02  -5.16345315E-02 -0.500000000    
          19          20  -5.43490537E-02  -5.99392615E-02 -0.500000000    
          19          21  -8.40198621E-02  -7.05204308E-02 -0.500000000    
          19          22  -4.96586449E-02  -8.13542530E-02 -0.500000000    
          19          23   8.11815709E-02  -8.94982889E-02 -0.500000000    
          19          24  0.252202004      -9.36291963E-02 -0.500000000    
          19          25  0.384698033      -9.50205922E-02 -0.500000000    
          19          26  0.458471030      -9.53317359E-02 -0.500000000    
          19          27  0.489691943      -9.53751653E-02 -0.500000000    
          19          28  0.498869300      -9.53777432E-02 -0.500000000    
          19          29  0.499953300      -9.53777730E-02 -0.500000000    
          19          30  0.499999464      -9.53777730E-02 -0.500000000    
          19          31  0.500000000      -9.53777730E-02 -0.500000000    
          19          32  0.500000000      -9.53777730E-02 -0.500000000    
          19          33  0.500000000      -9.53777730E-02 -0.500000000    
          20           1  0.500000000      -9.53777730E-02 -0.500000000    
          20           2  0.500000000      -9.53777730E-02 -0.500000000    
          20           3  0.500000000      -9.53777730E-02 -0.500000000    
          20           4  0.499996156      -9.53777730E-02 -0.500000000    
          20           5  0.499818653      -9.53777730E-02 -0.500000000    
          20           6  0.496985227      -9.53775719E-02 -0.500000000    
          20           7  0.481338203      -9.53689739E-02 -0.500000000    
          20           8  0.439412951      -9.52799544E-02 -0.500000000    
          20           9  0.351157755      -9.47741196E-02 -0.500000000    
          20          10  0.210197583      -9.29192305E-02 -0.500000000    
          20          11   5.09515740E-02  -8.82914960E-02 -0.500000000    
          20          12  -5.66399135E-02  -8.04009959E-02 -0.500000000    
          20          13  -8.36798549E-02  -7.09452555E-02 -0.500000000    
          20          14  -6.38299435E-02  -6.23364709E-02 -0.500000000    
          20          15  -3.56076993E-02  -5.60534894E-02 -0.500000000    
          20          16  -1.66754089E-02  -5.26147150E-02 -0.500000000    
          20          17  -1.41858626E-02  -5.21311872E-02 -0.500000000    
          20          18  -2.73971558E-02  -5.45789115E-02 -0.500000000    
          20          19  -5.43486997E-02  -5.99392131E-02 -0.500000000    
          20          20  -8.04352984E-02  -6.78886771E-02 -0.500000000    
          20          21  -7.36794099E-02  -7.73043707E-02 -0.500000000    
          20          22   6.12407038E-03  -8.59867707E-02 -0.500000000    
          20          23  0.156118795      -9.17491913E-02 -0.500000000    
          20          24  0.309633225      -9.43750367E-02 -0.500000000    
          20          25  0.415708691      -9.51888710E-02 -0.500000000    
          20          26  0.471187115      -9.53560174E-02 -0.500000000    
          20          27  0.493859768      -9.53768939E-02 -0.500000000    
          20          28  0.499482185      -9.53777656E-02 -0.500000000    
          20          29  0.499984145      -9.53777730E-02 -0.500000000    
          20          30  0.499999940      -9.53777730E-02 -0.500000000    
          20          31  0.500000000      -9.53777730E-02 -0.500000000    
          20          32  0.500000000      -9.53777730E-02 -0.500000000    
          20          33  0.500000000      -9.53777730E-02 -0.500000000    
          21           1  0.500000000      -9.53777730E-02 -0.500000000    
          21           2  0.500000000      -9.53777730E-02 -0.500000000    
          21           3  0.500000000      -9.53777730E-02 -0.500000000    
          21           4  0.499999493      -9.53777730E-02 -0.500000000    
          21           5  0.499953121      -9.53777730E-02 -0.500000000    
          21           6  0.498833895      -9.53777507E-02 -0.500000000    
          21           7  0.489851922      -9.53753591E-02 -0.500000000    
          21           8  0.462344110      -9.53401327E-02 -0.500000000    
          21           9  0.400616765      -9.51145068E-02 -0.500000000    
          21          10  0.293911576      -9.41994935E-02 -0.500000000    
          21          11  0.151940078      -9.16498899E-02 -0.500000000    
          21          12   1.76531095E-02  -8.66670012E-02 -0.500000000    
          21          13  -6.13132752E-02  -7.97468200E-02 -0.500000000    
          21          14  -8.37300196E-02  -7.26223066E-02 -0.500000000    
          21          15  -7.84228444E-02  -6.69812039E-02 -0.500000000    
          21          16  -6.93477094E-02  -6.37399703E-02 -0.500000000    
          21          17  -6.72407448E-02  -6.32748604E-02 -0.500000000    
          21          18  -7.50631988E-02  -6.56001270E-02 -0.500000000    
          21          19  -8.40197876E-02  -7.05203563E-02 -0.500000000    
          21          20  -7.36794993E-02  -7.73043633E-02 -0.500000000    
          21          21  -1.54276844E-02  -8.45048055E-02 -0.500000000    
          21          22  0.103439212      -9.02708247E-02 -0.500000000    
          21          23  0.248966709      -9.35823023E-02 -0.500000000    
          21          24  0.370548755      -9.49244872E-02 -0.500000000    
          21          25  0.446506023      -9.53019112E-02 -0.500000000    
          21          26  0.483185112      -9.53707621E-02 -0.500000000    
          21          27  0.497304469      -9.53776166E-02 -0.500000000    
          21          28  0.499846429      -9.53777730E-02 -0.500000000    
          21          29  0.499997050      -9.53777730E-02 -0.500000000    
          21          30  0.500000000      -9.53777730E-02 -0.500000000    
          21          31  0.500000000      -9.53777730E-02 -0.500000000    
          21          32  0.500000000      -9.53777730E-02 -0.500000000    
          21          33  0.500000000      -9.53777730E-02 -0.500000000    
          22           1  0.500000000      -9.53777730E-02 -0.500000000    
          22           2  0.500000000      -9.53777730E-02 -0.500000000    
          22           3  0.500000000      -9.53777730E-02 -0.500000000    
          22           4  0.500000000      -9.53777730E-02 -0.500000000    
          22           5  0.499993682      -9.53777730E-02 -0.500000000    
          22           6  0.499729663      -9.53777730E-02 -0.500000000    
          22           7  0.496085763      -9.53774452E-02 -0.500000000    
          22           8  0.480247617      -9.53679234E-02 -0.500000000    
          22           9  0.443209320      -9.52932015E-02 -0.500000000    
          22          10  0.373149574      -9.49436501E-02 -0.500000000    
          22          11  0.267830729      -9.38509479E-02 -0.500000000    
          22          12  0.143220723      -9.14234743E-02 -0.500000000    
          22          13   3.45769078E-02  -8.75131562E-02 -0.500000000    
          22          14  -3.52307707E-02  -8.28588083E-02 -0.500000000    
          22          15  -6.77359402E-02  -7.87167326E-02 -0.500000000    
          22          16  -7.78776184E-02  -7.61718899E-02 -0.500000000    
          22          17  -7.93231875E-02  -7.57948235E-02 -0.500000000    
          22          18  -7.24395066E-02  -7.76522160E-02 -0.500000000    
          22          19  -4.96590957E-02  -8.13541859E-02 -0.500000000    
          22          20   6.12357818E-03  -8.59867334E-02 -0.500000000    
          22          21  0.103438854      -9.02708322E-02 -0.500000000    
          22          22  0.226560816      -9.32187811E-02 -0.500000000    
          22          23  0.341022491      -9.46927518E-02 -0.500000000    
          22          24  0.423579752      -9.52239260E-02 -0.500000000    
          22          25  0.471130252      -9.53558385E-02 -0.500000000    
          22          26  0.492531747      -9.53765213E-02 -0.500000000    
          22          27  0.499255747      -9.53777656E-02 -0.500000000    
          22          28  0.499974996      -9.53777730E-02 -0.500000000    
          22          29  0.499999851      -9.53777730E-02 -0.500000000    
          22          30  0.500000000      -9.53777730E-02 -0.500000000    
          22          31  0.500000000      -9.53777730E-02 -0.500000000    
          22          32  0.500000000      -9.53777730E-02 -0.500000000    
          22          33  0.500000000      -9.53777730E-02 -0.500000000    
          23           1  0.500000000      -9.53777730E-02 -0.500000000    
          23           2  0.500000000      -9.53777730E-02 -0.500000000    
          23           3  0.500000000      -9.53777730E-02 -0.500000000    
          23           4  0.500000000      -9.53777730E-02 -0.500000000    
          23           5  0.499999702      -9.53777730E-02 -0.500000000    
          23           6  0.499969423      -9.53777730E-02 -0.500000000    
          23           7  0.499155819      -9.53777656E-02 -0.500000000    
          23           8  0.492324710      -9.53765363E-02 -0.500000000    
          23           9  0.473252952      -9.53588635E-02 -0.500000000    
          23          10  0.433128595      -9.52611417E-02 -0.500000000    
          23          11  0.368656754      -9.49128643E-02 -0.500000000    
          23          12  0.280840546      -9.40349847E-02 -0.500000000    
          23          13  0.185949981      -9.24320891E-02 -0.500000000    
          23          14  0.103230603      -9.02582258E-02 -0.500000000    
          23          15   4.64383923E-02  -8.80892053E-02 -0.500000000    
          23          16   1.75648555E-02  -8.66456851E-02 -0.500000000    
          23          17   1.35855787E-02  -8.64215717E-02 -0.500000000    
          23          18   3.38217467E-02  -8.74961019E-02 -0.500000000    
          23          19   8.11805949E-02  -8.94982219E-02 -0.500000000    
          23          20  0.156118140      -9.17491466E-02 -0.500000000    
          23          21  0.248966306      -9.35822949E-02 -0.500000000    
          23          22  0.341022372      -9.46927518E-02 -0.500000000    
          23          23  0.414680630      -9.51838344E-02 -0.500000000    
          23          24  0.462921709      -9.53414962E-02 -0.500000000    
          23          25  0.487403125      -9.53740999E-02 -0.500000000    
          23          26  0.498001754      -9.53777060E-02 -0.500000000    
          23          27  0.499895751      -9.53777730E-02 -0.500000000    
          23          28  0.499998242      -9.53777730E-02 -0.500000000    
          23          29  0.500000000      -9.53777730E-02 -0.500000000    
          23          30  0.500000000      -9.53777730E-02 -0.500000000    
          23          31  0.500000000      -9.53777730E-02 -0.500000000    
          23          32  0.500000000      -9.53777730E-02 -0.500000000    
          23          33  0.500000000      -9.53777730E-02 -0.500000000    
          24           1  0.500000000      -9.53777730E-02 -0.500000000    
          24           2  0.500000000      -9.53777730E-02 -0.500000000    
          24           3  0.500000000      -9.53777730E-02 -0.500000000    
          24           4  0.500000000      -9.53777730E-02 -0.500000000    
          24           5  0.500000000      -9.53777730E-02 -0.500000000    
          24           6  0.499998719      -9.53777730E-02 -0.500000000    
          24           7  0.499920577      -9.53777730E-02 -0.500000000    
          24           8  0.498475045      -9.53777432E-02 -0.500000000    
          24           9  0.490188092      -9.53756794E-02 -0.500000000    
          24          10  0.472131252      -9.53571945E-02 -0.500000000    
          24          11  0.438348114      -9.52785015E-02 -0.500000000    
          24          12  0.389501452      -9.50501636E-02 -0.500000000    
          24          13  0.330171049      -9.45862308E-02 -0.500000000    
          24          14  0.270181626      -9.38888565E-02 -0.500000000    
          24          15  0.221670642      -9.31274742E-02 -0.500000000    
          24          16  0.193341255      -9.25866440E-02 -0.500000000    
          24          17  0.189193785      -9.25006568E-02 -0.500000000    
          24          18  0.209695920      -9.29083005E-02 -0.500000000    
          24          19  0.252201080      -9.36291814E-02 -0.500000000    
          24          20  0.309632599      -9.43750218E-02 -0.500000000    
          24          21  0.370548517      -9.49244797E-02 -0.500000000    
          24          22  0.423579603      -9.52239260E-02 -0.500000000    
          24          23  0.462921709      -9.53414962E-02 -0.500000000    
          24          24  0.485286027      -9.53726098E-02 -0.500000000    
          24          25  0.496801764      -9.53776091E-02 -0.500000000    
          24          26  0.499760062      -9.53777730E-02 -0.500000000    
          24          27  0.499994040      -9.53777730E-02 -0.500000000    
          24          28  0.500000000      -9.53777730E-02 -0.500000000    
          24          29  0.500000000      -9.53777730E-02 -0.500000000    
          24          30  0.500000000      -9.53777730E-02 -0.500000000    
          24          31  0.500000000      -9.53777730E-02 -0.500000000    
          24          32  0.500000000      -9.53777730E-02 -0.500000000    
          24          33  0.500000000      -9.53777730E-02 -0.500000000    
          25           1  0.500000000      -9.53777730E-02 -0.500000000    
          25           2  0.500000000      -9.53777730E-02 -0.500000000    
          25           3  0.500000000      -9.53777730E-02 -0.500000000    
          25           4  0.500000000      -9.53777730E-02 -0.500000000    
          25           5  0.500000000      -9.53777730E-02 -0.500000000    
          25           6  0.500000000      -9.53777730E-02 -0.500000000    
          25           7  0.499997526      -9.53777730E-02 -0.500000000    
          25           8  0.499884367      -9.53777730E-02 -0.500000000    
          25           9  0.498342812      -9.53777358E-02 -0.500000000    
          25          10  0.491305083      -9.53761786E-02 -0.500000000    
          25          11  0.477417618      -9.53646302E-02 -0.500000000    
          25          12  0.455623031      -9.53255221E-02 -0.500000000    
          25          13  0.426329643      -9.52337906E-02 -0.500000000    
          25          14  0.394636899      -9.50806811E-02 -0.500000000    
          25          15  0.367254406      -9.49009433E-02 -0.500000000    
          25          16  0.350336701      -9.47672352E-02 -0.500000000    
          25          17  0.347787619      -9.47455615E-02 -0.500000000    
          25          18  0.360199541      -9.48473290E-02 -0.500000000    
          25          19  0.384697527      -9.50205922E-02 -0.500000000    
          25          20  0.415708393      -9.51888636E-02 -0.500000000    
          25          21  0.446505934      -9.53019112E-02 -0.500000000    
          25          22  0.471130222      -9.53558385E-02 -0.500000000    
          25          23  0.487403125      -9.53740999E-02 -0.500000000    
          25          24  0.496801764      -9.53776091E-02 -0.500000000    
          25          25  0.499684542      -9.53777730E-02 -0.500000000    
          25          26  0.499989271      -9.53777730E-02 -0.500000000    
          25          27  0.499999970      -9.53777730E-02 -0.500000000    
          25          28  0.500000000      -9.53777730E-02 -0.500000000    
          25          29  0.500000000      -9.53777730E-02 -0.500000000    
          25          30  0.500000000      -9.53777730E-02 -0.500000000    
          25          31  0.500000000      -9.53777730E-02 -0.500000000    
          25          32  0.500000000      -9.53777730E-02 -0.500000000    
          25          33  0.500000000      -9.53777730E-02 -0.500000000    
          26           1  0.500000000      -9.53777730E-02 -0.500000000    
          26           2  0.500000000      -9.53777730E-02 -0.500000000    
          26           3  0.500000000      -9.53777730E-02 -0.500000000    
          26           4  0.500000000      -9.53777730E-02 -0.500000000    
          26           5  0.500000000      -9.53777730E-02 -0.500000000    
          26           6  0.500000000      -9.53777730E-02 -0.500000000    
          26           7  0.500000000      -9.53777730E-02 -0.500000000    
          26           8  0.499997199      -9.53777730E-02 -0.500000000    
          26           9  0.499904156      -9.53777730E-02 -0.500000000    
          26          10  0.498910159      -9.53777507E-02 -0.500000000    
          26          11  0.494828761      -9.53771994E-02 -0.500000000    
          26          12  0.486664772      -9.53735039E-02 -0.500000000    
          26          13  0.475383282      -9.53621045E-02 -0.500000000    
          26          14  0.462625474      -9.53406319E-02 -0.500000000    
          26          15  0.450997323      -9.53133851E-02 -0.500000000    
          26          16  0.443531662      -9.52920988E-02 -0.500000000    
          26          17  0.442388713      -9.52885747E-02 -0.500000000    
          26          18  0.447909445      -9.53049511E-02 -0.500000000    
          26          19  0.458470762      -9.53317359E-02 -0.500000000    
          26          20  0.471187085      -9.53560174E-02 -0.500000000    
          26          21  0.483185142      -9.53707621E-02 -0.500000000    
          26          22  0.492531747      -9.53765213E-02 -0.500000000    
          26          23  0.498001754      -9.53777060E-02 -0.500000000    
          26          24  0.499760062      -9.53777730E-02 -0.500000000    
          26          25  0.499989271      -9.53777730E-02 -0.500000000    
          26          26  0.499999940      -9.53777730E-02 -0.500000000    
          26          27  0.500000000      -9.53777730E-02 -0.500000000    
          26          28  0.500000000      -9.53777730E-02 -0.500000000    
          26          29  0.500000000      -9.53777730E-02 -0.500000000    
          26          30  0.500000000      -9.53777730E-02 -0.500000000    
          26          31  0.500000000      -9.53777730E-02 -0.500000000    
          26          32  0.500000000      -9.53777730E-02 -0.500000000    
          26          33  0.500000000      -9.53777730E-02 -0.500000000    
          27           1  0.500000000      -9.53777730E-02 -0.500000000    
          27           2  0.500000000      -9.53777730E-02 -0.500000000    
          27           3  0.500000000      -9.53777730E-02 -0.500000000    
          27           4  0.500000000      -9.53777730E-02 -0.500000000    
          27           5  0.500000000      -9.53777730E-02 -0.500000000    
          27           6  0.500000000      -9.53777730E-02 -0.500000000    
          27           7  0.500000000      -9.53777730E-02 -0.500000000    
          27           8  0.500000000      -9.53777730E-02 -0.500000000    
          27           9  0.499998271      -9.53777730E-02 -0.500000000    
          27          10  0.499955058      -9.53777730E-02 -0.500000000    
          27          11  0.499578744      -9.53777730E-02 -0.500000000    
          27          12  0.498133302      -9.53777060E-02 -0.500000000    
          27          13  0.495142192      -9.53772366E-02 -0.500000000    
          27          14  0.491087437      -9.53758284E-02 -0.500000000    
          27          15  0.487127185      -9.53736752E-02 -0.500000000    
          27          16  0.484515101      -9.53717455E-02 -0.500000000    
          27          17  0.484111458      -9.53714103E-02 -0.500000000    
          27          18  0.486052126      -9.53729227E-02 -0.500000000    
          27          19  0.489691854      -9.53751653E-02 -0.500000000    
          27          20  0.493859798      -9.53768939E-02 -0.500000000    
          27          21  0.497304469      -9.53776166E-02 -0.500000000    
          27          22  0.499255747      -9.53777656E-02 -0.500000000    
          27          23  0.499895751      -9.53777730E-02 -0.500000000    
          27          24  0.499994040      -9.53777730E-02 -0.500000000    
          27          25  0.499999970      -9.53777730E-02 -0.500000000    
          27          26  0.500000000      -9.53777730E-02 -0.500000000    
          27          27  0.500000000      -9.53777730E-02 -0.500000000    
          27          28  0.500000000      -9.53777730E-02 -0.500000000    
          27          29  0.500000000      -9.53777730E-02 -0.500000000    
          27          30  0.500000000      -9.53777730E-02 -0.500000000    
          27          31  0.500000000      -9.53777730E-02 -0.500000000    
          27          32  0.500000000      -9.53777730E-02 -0.500000000    
          27          33  0.500000000      -9.53777730E-02 -0.500000000    
          28           1  0.500000000      -9.53777730E-02 -0.500000000    
          28           2  0.500000000      -9.53777730E-02 -0.500000000    
          28           3  0.500000000      -9.53777730E-02 -0.500000000    
          28           4  0.500000000      -9.53777730E-02 -0.500000000    
          28           5  0.500000000      -9.53777730E-02 -0.500000000    
          28           6  0.500000000      -9.53777730E-02 -0.500000000    
          28           7  0.500000000      -9.53777730E-02 -0.500000000    
          28           8  0.500000000      -9.53777730E-02 -0.500000000    
          28           9  0.500000000      -9.53777730E-02 -0.500000000    
          28          10  0.499999434      -9.53777730E-02 -0.500000000    
          28          11  0.499988556      -9.53777730E-02 -0.500000000    
          28          12  0.499909490      -9.53777730E-02 -0.500000000    
          28          13  0.499635041      -9.53777730E-02 -0.500000000    
          28          14  0.499092609      -9.53777581E-02 -0.500000000    
          28          15  0.498418003      -9.53777060E-02 -0.500000000    
          28          16  0.497910082      -9.53776389E-02 -0.500000000    
          28          17  0.497827739      -9.53776315E-02 -0.500000000    
          28          18  0.498214453      -9.53776762E-02 -0.500000000    
          28          19  0.498869300      -9.53777432E-02 -0.500000000    
          28          20  0.499482185      -9.53777656E-02 -0.500000000    
          28          21  0.499846429      -9.53777730E-02 -0.500000000    
          28          22  0.499974996      -9.53777730E-02 -0.500000000    
          28          23  0.499998242      -9.53777730E-02 -0.500000000    
          28          24  0.500000000      -9.53777730E-02 -0.500000000    
          28          25  0.500000000      -9.53777730E-02 -0.500000000    
          28          26  0.500000000      -9.53777730E-02 -0.500000000    
          28          27  0.500000000      -9.53777730E-02 -0.500000000    
          28          28  0.500000000      -9.53777730E-02 -0.500000000    
          28          29  0.500000000      -9.53777730E-02 -0.500000000    
          28          30  0.500000000      -9.53777730E-02 -0.500000000    
          28          31  0.500000000      -9.53777730E-02 -0.500000000    
          28          32  0.500000000      -9.53777730E-02 -0.500000000    
          28          33  0.500000000      -9.53777730E-02 -0.500000000    
          29           1  0.500000000      -9.53777730E-02 -0.500000000    
          29           2  0.500000000      -9.53777730E-02 -0.500000000    
          29           3  0.500000000      -9.53777730E-02 -0.500000000    
          29           4  0.500000000      -9.53777730E-02 -0.500000000    
          29           5  0.500000000      -9.53777730E-02 -0.500000000    
          29           6  0.500000000      -9.53777730E-02 -0.500000000    
          29           7  0.500000000      -9.53777730E-02 -0.500000000    
          29           8  0.500000000      -9.53777730E-02 -0.500000000    
          29           9  0.500000000      -9.53777730E-02 -0.500000000    
          29          10  0.500000000      -9.53777730E-02 -0.500000000    
          29          11  0.499999970      -9.53777730E-02 -0.500000000    
          29          12  0.499998629      -9.53777730E-02 -0.500000000    
          29          13  0.499990195      -9.53777730E-02 -0.500000000    
          29          14  0.499965578      -9.53777730E-02 -0.500000000    
          29          15  0.499925286      -9.53777730E-02 -0.500000000    
          29          16  0.499889642      -9.53777730E-02 -0.500000000    
          29          17  0.499883443      -9.53777730E-02 -0.500000000    
          29          18  0.499911457      -9.53777730E-02 -0.500000000    
          29          19  0.499953300      -9.53777730E-02 -0.500000000    
          29          20  0.499984145      -9.53777730E-02 -0.500000000    
          29          21  0.499997050      -9.53777730E-02 -0.500000000    
          29          22  0.499999851      -9.53777730E-02 -0.500000000    
          29          23  0.500000000      -9.53777730E-02 -0.500000000    
          29          24  0.500000000      -9.53777730E-02 -0.500000000    
          29          25  0.500000000      -9.53777730E-02 -0.500000000    
          29          26  0.500000000      -9.53777730E-02 -0.500000000    
          29          27  0.500000000      -9.53777730E-02 -0.500000000    
          29          28  0.500000000      -9.53777730E-02 -0.500000000    
          29          29  0.500000000      -9.53777730E-02 -0.500000000    
          29          30  0.500000000      -9.53777730E-02 -0.500000000    
          29          31  0.500000000      -9.53777730E-02 -0.500000000    
          29          32  0.500000000      -9.53777730E-02 -0.500000000    
          29          33  0.500000000      -9.53777730E-02 -0.500000000    
          30           1  0.500000000      -9.53777730E-02 -0.500000000    
          30           2  0.500000000      -9.53777730E-02 -0.500000000    
          30           3  0.500000000      -9.53777730E-02 -0.500000000    
          30           4  0.500000000      -9.53777730E-02 -0.500000000    
          30           5  0.500000000      -9.53777730E-02 -0.500000000    
          30           6  0.500000000      -9.53777730E-02 -0.500000000    
          30           7  0.500000000      -9.53777730E-02 -0.500000000    
          30           8  0.500000000      -9.53777730E-02 -0.500000000    
          30           9  0.500000000      -9.53777730E-02 -0.500000000    
          30          10  0.500000000      -9.53777730E-02 -0.500000000    
          30          11  0.500000000      -9.53777730E-02 -0.500000000    
          30          12  0.500000000      -9.53777730E-02 -0.500000000    
          30          13  0.500000000      -9.53777730E-02 -0.500000000    
          30          14  0.499999672      -9.53777730E-02 -0.500000000    
          30          15  0.499998897      -9.53777730E-02 -0.500000000    
          30          16  0.499997914      -9.53777730E-02 -0.500000000    
          30          17  0.499997795      -9.53777730E-02 -0.500000000    
          30          18  0.499998510      -9.53777730E-02 -0.500000000    
          30          19  0.499999464      -9.53777730E-02 -0.500000000    
          30          20  0.499999940      -9.53777730E-02 -0.500000000    
          30          21  0.500000000      -9.53777730E-02 -0.500000000    
          30          22  0.500000000      -9.53777730E-02 -0.500000000    
          30          23  0.500000000      -9.53777730E-02 -0.500000000    
          30          24  0.500000000      -9.53777730E-02 -0.500000000    
          30          25  0.500000000      -9.53777730E-02 -0.500000000    
          30          26  0.500000000      -9.53777730E-02 -0.500000000    
          30          27  0.500000000      -9.53777730E-02 -0.500000000    
          30          28  0.500000000      -9.53777730E-02 -0.500000000    
          30          29  0.500000000      -9.53777730E-02 -0.500000000    
          30          30  0.500000000      -9.53777730E-02 -0.500000000    
          30          31  0.500000000      -9.53777730E-02 -0.500000000    
          30          32  0.500000000      -9.53777730E-02 -0.500000000    
          30          33  0.500000000      -9.53777730E-02 -0.500000000    
          31           1  0.500000000      -9.53777730E-02 -0.500000000    
          31           2  0.500000000      -9.53777730E-02 -0.500000000    
          31           3  0.500000000      -9.53777730E-02 -0.500000000    
          31           4  0.500000000      -9.53777730E-02 -0.500000000    
          31           5  0.500000000      -9.53777730E-02 -0.500000000    
          31           6  0.500000000      -9.53777730E-02 -0.500000000    
          31           7  0.500000000      -9.53777730E-02 -0.500000000    
          31           8  0.500000000      -9.53777730E-02 -0.500000000    
          31           9  0.500000000      -9.53777730E-02 -0.500000000    
          31          10  0.500000000      -9.53777730E-02 -0.500000000    
          31          11  0.500000000      -9.53777730E-02 -0.500000000    
          31          12  0.500000000      -9.53777730E-02 -0.500000000    
          31          13  0.500000000      -9.53777730E-02 -0.500000000    
          31          14  0.500000000      -9.53777730E-02 -0.500000000    
          31          15  0.500000000      -9.53777730E-02 -0.500000000    
          31          16  0.500000000      -9.53777730E-02 -0.500000000    
          31          17  0.500000000      -9.53777730E-02 -0.500000000    
          31          18  0.500000000      -9.53777730E-02 -0.500000000    
          31          19  0.500000000      -9.53777730E-02 -0.500000000    
          31          20  0.500000000      -9.53777730E-02 -0.500000000    
          31          21  0.500000000      -9.53777730E-02 -0.500000000    
          31          22  0.500000000      -9.53777730E-02 -0.500000000    
          31          23  0.500000000      -9.53777730E-02 -0.500000000    
          31          24  0.500000000      -9.53777730E-02 -0.500000000    
          31          25  0.500000000      -9.53777730E-02 -0.500000000    
          31          26  0.500000000      -9.53777730E-02 -0.500000000    
          31          27  0.500000000      -9.53777730E-02 -0.500000000    
          31          28  0.500000000      -9.53777730E-02 -0.500000000    
          31          29  0.500000000      -9.53777730E-02 -0.500000000    
          31          30  0.500000000      -9.53777730E-02 -0.500000000    
          31          31  0.500000000      -9.53777730E-02 -0.500000000    
          31          32  0.500000000      -9.53777730E-02 -0.500000000    
          31          33  0.500000000      -9.53777730E-02 -0.500000000    
          32           1  0.500000000      -9.53777730E-02 -0.500000000    
          32           2  0.500000000      -9.53777730E-02 -0.500000000    
          32           3  0.500000000      -9.53777730E-02 -0.500000000    
          32           4  0.500000000      -9.53777730E-02 -0.500000000    
          32           5  0.500000000      -9.53777730E-02 -0.500000000    
          32           6  0.500000000      -9.53777730E-02 -0.500000000    
          32           7  0.500000000      -9.53777730E-02 -0.500000000    
          32           8  0.500000000      -9.53777730E-02 -0.500000000    
          32           9  0.500000000      -9.53777730E-02 -0.500000000    
          32          10  0.500000000      -9.53777730E-02 -0.500000000    
          32          11  0.500000000      -9.53777730E-02 -0.500000000    
          32          12  0.500000000      -9.53777730E-02 -0.500000000    
          32          13  0.500000000      -9.53777730E-02 -0.500000000    
          32          14  0.500000000      -9.53777730E-02 -0.500000000    
          32          15  0.500000000      -9.53777730E-02 -0.500000000    
          32          16  0.500000000      -9.53777730E-02 -0.500000000    
          32          17  0.500000000      -9.53777730E-02 -0.500000000    
          32          18  0.500000000      -9.53777730E-02 -0.500000000    
          32          19  0.500000000      -9.53777730E-02 -0.500000000    
          32          20  0.500000000      -9.53777730E-02 -0.500000000    
          32          21  0.500000000      -9.53777730E-02 -0.500000000    
          32          22  0.500000000      -9.53777730E-02 -0.500000000    
          32          23  0.500000000      -9.53777730E-02 -0.500000000    
          32          24  0.500000000      -9.53777730E-02 -0.500000000    
          32          25  0.500000000      -9.53777730E-02 -0.500000000    
          32          26  0.500000000      -9.53777730E-02 -0.500000000    
          32          27  0.500000000      -9.53777730E-02 -0.500000000    
          32          28  0.500000000      -9.53777730E-02 -0.500000000    
          32          29  0.500000000      -9.53777730E-02 -0.500000000    
          32          30  0.500000000      -9.53777730E-02 -0.500000000    
          32          31  0.500000000      -9.53777730E-02 -0.500000000    
          32          32  0.500000000      -9.53777730E-02 -0.500000000    
          32          33  0.500000000      -9.53777730E-02 -0.500000000    
          33           1  0.500000000      -9.53777730E-02 -0.500000000    
          33           2  0.500000000      -9.53777730E-02 -0.500000000    
          33           3  0.500000000      -9.53777730E-02 -0.500000000    
          33           4  0.500000000      -9.53777730E-02 -0.500000000    
          33           5  0.500000000      -9.53777730E-02 -0.500000000    
          33           6  0.500000000      -9.53777730E-02 -0.500000000    
          33           7  0.500000000      -9.53777730E-02 -0.500000000    
          33           8  0.500000000      -9.53777730E-02 -0.500000000    
          33           9  0.500000000      -9.53777730E-02 -0.500000000    
          33          10  0.500000000      -9.53777730E-02 -0.500000000    
          33          11  0.500000000      -9.53777730E-02 -0.500000000    
          33          12  0.500000000      -9.53777730E-02 -0.500000000    
          33          13  0.500000000      -9.53777730E-02 -0.500000000    
          33          14  0.500000000      -9.53777730E-02 -0.500000000    
          33          15  0.500000000      -9.53777730E-02 -0.500000000    
          33          16  0.500000000      -9.53777730E-02 -0.500000000    
          33          17  0.500000000      -9.53777730E-02 -0.500000000    
          33          18  0.500000000      -9.53777730E-02 -0.500000000    
          33          19  0.500000000      -9.53777730E-02 -0.500000000    
          33          20  0.500000000      -9.53777730E-02 -0.500000000    
          33          21  0.500000000      -9.53777730E-02 -0.500000000    
          33          22  0.500000000      -9.53777730E-02 -0.500000000    
          33          23  0.500000000      -9.53777730E-02 -0.500000000    
          33          24  0.500000000      -9.53777730E-02 -0.500000000    
          33          25  0.500000000      -9.53777730E-02 -0.500000000    
          33          26  0.500000000      -9.53777730E-02 -0.500000000    
          33          27  0.500000000      -9.53777730E-02 -0.500000000    
          33          28  0.500000000      -9.53777730E-02 -0.500000000    
          33          29  0.500000000      -9.53777730E-02 -0.500000000    
          33          30  0.500000000      -9.53777730E-02 -0.500000000    
          33          31  0.500000000      -9.53777730E-02 -0.500000000    
          33          32  0.500000000      -9.53777730E-02 -0.500000000    
          33          33  0.500000000      -9.53777730E-02 -0.500000000    
