           1           1  0.500000000      -4.36697640E-02 -0.500000000    
           1           2  0.500000000      -4.36697640E-02 -0.500000000    
           1           3  0.500000000      -4.36697640E-02 -0.500000000    
           1           4  0.500000000      -4.36697640E-02 -0.500000000    
           1           5  0.500000000      -4.36697640E-02 -0.500000000    
           1           6  0.500000000      -4.36697640E-02 -0.500000000    
           1           7  0.500000000      -4.36697640E-02 -0.500000000    
           1           8  0.500000000      -4.36697640E-02 -0.500000000    
           1           9  0.500000000      -4.36697640E-02 -0.500000000    
           1          10  0.500000000      -4.36697640E-02 -0.500000000    
           1          11  0.500000000      -4.36697640E-02 -0.500000000    
           1          12  0.499999672      -4.36697640E-02 -0.500000000    
           1          13  0.499997526      -4.36697640E-02 -0.500000000    
           1          14  0.499992430      -4.36697640E-02 -0.500000000    
           1          15  0.499984980      -4.36697640E-02 -0.500000000    
           1          16  0.499978751      -4.36697640E-02 -0.500000000    
           1          17  0.499977767      -4.36697640E-02 -0.500000000    
           1          18  0.499982625      -4.36697640E-02 -0.500000000    
           1          19  0.499990135      -4.36697640E-02 -0.500000000    
           1          20  0.499996156      -4.36697640E-02 -0.500000000    
           1          21  0.499999225      -4.36697640E-02 -0.500000000    
           1          22  0.499999970      -4.36697640E-02 -0.500000000    
           1          23  0.500000000      -4.36697640E-02 -0.500000000    
           1          24  0.500000000      -4.36697640E-02 -0.500000000    
           1          25  0.500000000      -4.36697640E-02 -0.500000000    
           1          26  0.500000000      -4.36697640E-02 -0.500000000    
           1          27  0.500000000      -4.36697640E-02 -0.500000000    
           1          28  0.500000000      -4.36697640E-02 -0.500000000    
           1          29  0.500000000      -4.36697640E-02 -0.500000000    
           1          30  0.500000000      -4.36697640E-02 -0.500000000    
           1          31  0.500000000      -4.36697640E-02 -0.500000000    
           1          32  0.500000000      -4.36697640E-02 -0.500000000    
           1          33  0.500000000      -4.36697640E-02 -0.500000000    
           2           1  0.500000000      -4.36697640E-02 -0.500000000    
           2           2  0.500000000      -4.36697640E-02 -0.500000000    
           2           3  0.500000000      -4.36697640E-02 -0.500000000    
           2           4  0.500000000      -4.36697640E-02 -0.500000000    
           2           5  0.500000000      -4.36697640E-02 -0.500000000    
           2           6  0.500000000      -4.36697640E-02 -0.500000000    
           2           7  0.500000000      -4.36697640E-02 -0.500000000    
           2           8  0.500000000      -4.36697640E-02 -0.500000000    
           2           9  0.500000000      -4.36697640E-02 -0.500000000    
           2          10  0.499999434      -4.36697640E-02 -0.500000000    
           2          11  0.499993026      -4.36697640E-02 -0.500000000    
           2          12  0.499962956      -4.36697640E-02 -0.500000000    
           2          13  0.499879867      -4.36697602E-02 -0.500000000    
           2          14  0.499729484      -4.36697602E-02 -0.500000000    
           2          15  0.499546498      -4.36697491E-02 -0.500000000    
           2          16  0.499408036      -4.36697491E-02 -0.500000000    
           2          17  0.499385566      -4.36697453E-02 -0.500000000    
           2          18  0.499491096      -4.36697491E-02 -0.500000000    
           2          19  0.499668926      -4.36697528E-02 -0.500000000    
           2          20  0.499836713      -4.36697602E-02 -0.500000000    
           2          21  0.499942571      -4.36697640E-02 -0.500000000    
           2          22  0.499986947      -4.36697640E-02 -0.500000000    
           2          23  0.499998450      -4.36697640E-02 -0.500000000    
           2          24  0.499999970      -4.36697640E-02 -0.500000000    
           2          25  0.500000000      -4.36697640E-02 -0.500000000    
           2          26  0.500000000      -4.36697640E-02 -0.500000000    
           2          27  0.500000000      -4.36697640E-02 -0.500000000    
           2          28  0.500000000      -4.36697640E-02 -0.500000000    
           2          29  0.500000000      -4.36697640E-02 -0.500000000    
           2          30  0.500000000      -4.36697640E-02 -0.500000000    
           2          31  0.500000000      -4.36697640E-02 -0.500000000    
           2          32  0.500000000      -4.36697640E-02 -0.500000000    
           2          33  0.500000000      -4.36697640E-02 -0.500000000    
           3           1  0.500000000      -4.36697640E-02 -0.500000000    
           3           2  0.500000000      -4.36697640E-02 -0.500000000    
           3           3  0.500000000      -4.36697640E-02 -0.500000000    
           3           4  0.500000000      -4.36697640E-02 -0.500000000    
           3           5  0.500000000      -4.36697640E-02 -0.500000000    
           3           6  0.500000000      -4.36697640E-02 -0.500000000    
           3           7  0.500000000      -4.36697640E-02 -0.500000000    
           3           8  0.499999881      -4.36697640E-02 -0.500000000    
           3           9  0.499995738      -4.36697640E-02 -0.500000000    
           3          10  0.499953032      -4.36697640E-02 -0.500000000    
           3          11  0.499731660      -4.36697602E-02 -0.500000000    
           3          12  0.499058723      -4.36697267E-02 -0.500000000    
           3          13  0.497713834      -4.36695665E-02 -0.500000000    
           3          14  0.495804310      -4.36691716E-02 -0.500000000    
           3          15  0.493832499      -4.36685756E-02 -0.500000000    
           3          16  0.492481560      -4.36680578E-02 -0.500000000    
           3          17  0.492269665      -4.36679684E-02 -0.500000000    
           3          18  0.493280858      -4.36683632E-02 -0.500000000    
           3          19  0.495120704      -4.36689816E-02 -0.500000000    
           3          20  0.497122347      -4.36694659E-02 -0.500000000    
           3          21  0.498688579      -4.36696894E-02 -0.500000000    
           3          22  0.499572366      -4.36697602E-02 -0.500000000    
           3          23  0.499910623      -4.36697640E-02 -0.500000000    
           3          24  0.499989659      -4.36697640E-02 -0.500000000    
           3          25  0.499999493      -4.36697640E-02 -0.500000000    
           3          26  0.500000000      -4.36697640E-02 -0.500000000    
           3          27  0.500000000      -4.36697640E-02 -0.500000000    
           3          28  0.500000000      -4.36697640E-02 -0.500000000    
           3          29  0.500000000      -4.36697640E-02 -0.500000000    
           3          30  0.500000000      -4.36697640E-02 -0.500000000    
           3          31  0.500000000      -4.36697640E-02 -0.500000000    
           3          32  0.500000000      -4.36697640E-02 -0.500000000    
           3          33  0.500000000      -4.36697640E-02 -0.500000000    
           4           1  0.500000000      -4.36697640E-02 -0.500000000    
           4           2  0.500000000      -4.36697640E-02 -0.500000000    
           4           3  0.500000000      -4.36697640E-02 -0.500000000    
           4           4  0.500000000      -4.36697640E-02 -0.500000000    
           4           5  0.500000000      -4.36697640E-02 -0.500000000    
           4           6  0.500000000      -4.36697640E-02 -0.500000000    
           4           7  0.499999732      -4.36697640E-02 -0.500000000    
           4           8  0.499985695      -4.36697640E-02 -0.500000000    
           4           9  0.499820441      -4.36697640E-02 -0.500000000    
           4          10  0.498870283      -4.36697230E-02 -0.500000000    
           4          11  0.495844811      -4.36692499E-02 -0.500000000    
           4          12  0.489645153      -4.36668471E-02 -0.500000000    
           4          13  0.480378687      -4.36599255E-02 -0.500000000    
           4          14  0.469563246      -4.36468348E-02 -0.500000000    
           4          15  0.459681839      -4.36302610E-02 -0.500000000    
           4          16  0.453356564      -4.36173230E-02 -0.500000000    
           4          17  0.452389687      -4.36152071E-02 -0.500000000    
           4          18  0.457063586      -4.36251163E-02 -0.500000000    
           4          19  0.466029674      -4.36414033E-02 -0.500000000    
           4          20  0.476836264      -4.36562262E-02 -0.500000000    
           4          21  0.486848950      -4.36651744E-02 -0.500000000    
           4          22  0.494156152      -4.36687768E-02 -0.500000000    
           4          23  0.498163015      -4.36696634E-02 -0.500000000    
           4          24  0.499644846      -4.36697602E-02 -0.500000000    
           4          25  0.499963701      -4.36697640E-02 -0.500000000    
           4          26  0.499998569      -4.36697640E-02 -0.500000000    
           4          27  0.500000000      -4.36697640E-02 -0.500000000    
           4          28  0.500000000      -4.36697640E-02 -0.500000000    
           4          29  0.500000000      -4.36697640E-02 -0.500000000    
           4          30  0.500000000      -4.36697640E-02 -0.500000000    
           4          31  0.500000000      -4.36697640E-02 -0.500000000    
           4          32  0.500000000      -4.36697640E-02 -0.500000000    
           4          33  0.500000000      -4.36697640E-02 -0.500000000    
           5           1  0.500000000      -4.36697640E-02 -0.500000000    
           5           2  0.500000000      -4.36697640E-02 -0.500000000    
           5           3  0.500000000      -4.36697640E-02 -0.500000000    
           5           4  0.500000000      -4.36697640E-02 -0.500000000    
           5           5  0.500000000      -4.36697640E-02 -0.500000000    
           5           6  0.499999523      -4.36697640E-02 -0.500000000    
           5           7  0.499971509      -4.36697640E-02 -0.500000000    
           5           8  0.499572903      -4.36697602E-02 -0.500000000    
           5           9  0.497027487      -4.36695144E-02 -0.500000000    
           5          10  0.488747358      -4.36665379E-02 -0.500000000    
           5          11  0.471882582      -4.36507314E-02 -0.500000000    
           5          12  0.445786774      -4.36010472E-02 -0.500000000    
           5          13  0.412377566      -4.34937291E-02 -0.500000000    
           5          14  0.376730591      -4.33250070E-02 -0.500000000    
           5          15  0.346058130      -4.31336761E-02 -0.500000000    
           5          16  0.327187687      -4.29938100E-02 -0.500000000    
           5          17  0.324351847      -4.29712832E-02 -0.500000000    
           5          18  0.338179559      -4.30773720E-02 -0.500000000    
           5          19  0.365582645      -4.32605147E-02 -0.500000000    
           5          20  0.400410503      -4.34434041E-02 -0.500000000    
           5          21  0.435277134      -4.35725525E-02 -0.500000000    
           5          22  0.464176118      -4.36392054E-02 -0.500000000    
           5          23  0.484156877      -4.36635502E-02 -0.500000000    
           5          24  0.495088428      -4.36691046E-02 -0.500000000    
           5          25  0.499118447      -4.36697453E-02 -0.500000000    
           5          26  0.499922633      -4.36697640E-02 -0.500000000    
           5          27  0.499997556      -4.36697640E-02 -0.500000000    
           5          28  0.500000000      -4.36697640E-02 -0.500000000    
           5          29  0.500000000      -4.36697640E-02 -0.500000000    
           5          30  0.500000000      -4.36697640E-02 -0.500000000    
           5          31  0.500000000      -4.36697640E-02 -0.500000000    
           5          32  0.500000000      -4.36697640E-02 -0.500000000    
           5          33  0.500000000      -4.36697640E-02 -0.500000000    
           6           1  0.500000000      -4.36697640E-02 -0.500000000    
           6           2  0.500000000      -4.36697640E-02 -0.500000000    
           6           3  0.500000000      -4.36697640E-02 -0.500000000    
           6           4  0.500000000      -4.36697640E-02 -0.500000000    
           6           5  0.499999523      -4.36697640E-02 -0.500000000    
           6           6  0.499964118      -4.36697640E-02 -0.500000000    
           6           7  0.499346495      -4.36697565E-02 -0.500000000    
           6           8  0.494835645      -4.36690822E-02 -0.500000000    
           6           9  0.479614675      -4.36598919E-02 -0.500000000    
           6          10  0.447981566      -4.36071232E-02 -0.500000000    
           6          11  0.394980043      -4.34217229E-02 -0.500000000    
           6          12  0.321159154      -4.29554917E-02 -0.500000000    
           6          13  0.237295359      -4.20890227E-02 -0.500000000    
           6          14  0.160133451      -4.08870392E-02 -0.500000000    
           6          15  0.103407778      -3.96586545E-02 -0.500000000    
           6          16   7.27526620E-02  -3.88239995E-02 -0.500000000    
           6          17   6.84164613E-02  -3.86937037E-02 -0.500000000    
           6          18   9.02243927E-02  -3.93171087E-02 -0.500000000    
           6          19  0.138507083      -4.04599234E-02 -0.500000000    
           6          20  0.210006267      -4.17149067E-02 -0.500000000    
           6          21  0.293534815      -4.27130945E-02 -0.500000000    
           6          22  0.372359306      -4.33054455E-02 -0.500000000    
           6          23  0.432858258      -4.35664766E-02 -0.500000000    
           6          24  0.471152514      -4.36501577E-02 -0.500000000    
           6          25  0.491278499      -4.36678901E-02 -0.500000000    
           6          26  0.498578817      -4.36697081E-02 -0.500000000    
           6          27  0.499895543      -4.36697640E-02 -0.500000000    
           6          28  0.499997258      -4.36697640E-02 -0.500000000    
           6          29  0.500000000      -4.36697640E-02 -0.500000000    
           6          30  0.500000000      -4.36697640E-02 -0.500000000    
           6          31  0.500000000      -4.36697640E-02 -0.500000000    
           6          32  0.500000000      -4.36697640E-02 -0.500000000    
           6          33  0.500000000      -4.36697640E-02 -0.500000000    
           7           1  0.500000000      -4.36697640E-02 -0.500000000    
           7           2  0.500000000      -4.36697640E-02 -0.500000000    
           7           3  0.500000000      -4.36697640E-02 -0.500000000    
           7           4  0.499999732      -4.36697640E-02 -0.500000000    
           7           5  0.499971509      -4.36697640E-02 -0.500000000    
           7           6  0.499346495      -4.36697565E-02 -0.500000000    
           7           7  0.493824899      -4.36687991E-02 -0.500000000    
           7           8  0.473229021      -4.36529964E-02 -0.500000000    
           7           9  0.427021205      -4.35489304E-02 -0.500000000    
           7          10  0.341831505      -4.31171693E-02 -0.500000000    
           7          11  0.219924599      -4.18673046E-02 -0.500000000    
           7          12   8.78367350E-02  -3.92789058E-02 -0.500000000    
           7          13  -1.44449007E-02  -3.53532657E-02 -0.500000000    
           7          14  -6.78537488E-02  -3.09022274E-02 -0.500000000    
           7          15  -8.48972723E-02  -2.70767920E-02 -0.500000000    
           7          16  -8.68275911E-02  -2.47675404E-02 -0.500000000    
           7          17  -8.66956860E-02  -2.44242791E-02 -0.500000000    
           7          18  -8.63425583E-02  -2.61075441E-02 -0.500000000    
           7          19  -7.64613450E-02  -2.95046940E-02 -0.500000000    
           7          20  -3.75466868E-02  -3.38709056E-02 -0.500000000    
           7          21   4.87386584E-02  -3.80938537E-02 -0.500000000    
           7          22  0.175045520      -4.11698073E-02 -0.500000000    
           7          23  0.304481596      -4.28208783E-02 -0.500000000    
           7          24  0.403329074      -4.34609205E-02 -0.500000000    
           7          25  0.461355358      -4.36349660E-02 -0.500000000    
           7          26  0.489139736      -4.36669327E-02 -0.500000000    
           7          27  0.498479605      -4.36697006E-02 -0.500000000    
           7          28  0.499910057      -4.36697640E-02 -0.500000000    
           7          29  0.499998182      -4.36697640E-02 -0.500000000    
           7          30  0.500000000      -4.36697640E-02 -0.500000000    
           7          31  0.500000000      -4.36697640E-02 -0.500000000    
           7          32  0.500000000      -4.36697640E-02 -0.500000000    
           7          33  0.500000000      -4.36697640E-02 -0.500000000    
           8           1  0.500000000      -4.36697640E-02 -0.500000000    
           8           2  0.500000000      -4.36697640E-02 -0.500000000    
           8           3  0.499999881      -4.36697640E-02 -0.500000000    
           8           4  0.499985695      -4.36697640E-02 -0.500000000    
           8           5  0.499572903      -4.36697602E-02 -0.500000000    
           8           6  0.494835645      -4.36690822E-02 -0.500000000    
           8           7  0.473229021      -4.36529964E-02 -0.500000000    
           8           8  0.418531865      -4.35204618E-02 -0.500000000    
           8           9  0.308173954      -4.28549312E-02 -0.500000000    
           8          10  0.146099865      -4.06438932E-02 -0.500000000    
           8          11  -1.05278036E-02  -3.56122553E-02 -0.500000000    
           8          12  -8.31071064E-02  -2.77844723E-02 -0.500000000    
           8          13  -7.31346682E-02  -1.90017484E-02 -0.500000000    
           8          14  -3.27200592E-02  -1.12572294E-02 -0.500000000    
           8          15   3.50927375E-03  -5.65009285E-03 -0.500000000    
           8          16   2.41219196E-02  -2.57839519E-03 -0.500000000    
           8          17   2.70762853E-02  -2.13813665E-03 -0.500000000    
           8          18   1.23087168E-02  -4.33642324E-03 -0.500000000    
           8          19  -1.92854870E-02  -9.12099890E-03 -0.500000000    
           8          20  -6.07177764E-02  -1.62313450E-02 -0.500000000    
           8          21  -8.64863321E-02  -2.48502102E-02 -0.500000000    
           8          22  -4.60216664E-02  -3.32483836E-02 -0.500000000    
           8          23   8.86562169E-02  -3.93229499E-02 -0.500000000    
           8          24  0.258647114      -4.23574075E-02 -0.500000000    
           8          25  0.388484418      -4.33949679E-02 -0.500000000    
           8          26  0.459775269      -4.36321311E-02 -0.500000000    
           8          27  0.490259916      -4.36674766E-02 -0.500000000    
           8          28  0.498917073      -4.36697342E-02 -0.500000000    
           8          29  0.499950707      -4.36697640E-02 -0.500000000    
           8          30  0.499999225      -4.36697640E-02 -0.500000000    
           8          31  0.500000000      -4.36697640E-02 -0.500000000    
           8          32  0.500000000      -4.36697640E-02 -0.500000000    
           8          33  0.500000000      -4.36697640E-02 -0.500000000    
           9           1  0.500000000      -4.36697640E-02 -0.500000000    
           9           2  0.500000000      -4.36697640E-02 -0.500000000    
           9           3  0.499995738      -4.36697640E-02 -0.500000000    
           9           4  0.499820441      -4.36697640E-02 -0.500000000    
           9           5  0.497027487      -4.36695144E-02 -0.500000000    
           9           6  0.479614675      -4.36598919E-02 -0.500000000    
           9           7  0.427021205      -4.35489304E-02 -0.500000000    
           9           8  0.308173984      -4.28549312E-02 -0.500000000    
           9           9  0.119661503      -4.00964431E-02 -0.500000000    
           9          10  -4.82839867E-02  -3.30448188E-02 -0.500000000    
           9          11  -8.20061788E-02  -2.16959622E-02 -0.500000000    
           9          12  -1.89779289E-02  -9.15783551E-03 -0.500000000    
           9          13   5.38843013E-02   1.78792328E-03 -0.500000000    
           9          14  0.105460033       1.00831734E-02 -0.500000000    
           9          15  0.135516033       1.56032229E-02 -0.500000000    
           9          16  0.149577573       1.85004193E-02 -0.500000000    
           9          17  0.151522189       1.89091526E-02 -0.500000000    
           9          18  0.141707212       1.68525521E-02 -0.500000000    
           9          19  0.117572308       1.22247627E-02 -0.500000000    
           9          20   7.37997666E-02   4.86446870E-03 -0.500000000    
           9          21   6.88584708E-03  -5.24869515E-03 -0.500000000    
           9          22  -6.66015595E-02  -1.74719878E-02 -0.500000000    
           9          23  -7.61434138E-02  -2.96219904E-02 -0.500000000    
           9          24   5.36658652E-02  -3.82998958E-02 -0.500000000    
           9          25  0.251631141      -4.22753990E-02 -0.500000000    
           9          26  0.396156847      -4.34301235E-02 -0.500000000    
           9          27  0.467216641      -4.36446033E-02 -0.500000000    
           9          28  0.493794501      -4.36687581E-02 -0.500000000    
           9          29  0.499494493      -4.36697602E-02 -0.500000000    
           9          30  0.499983311      -4.36697640E-02 -0.500000000    
           9          31  0.499999881      -4.36697640E-02 -0.500000000    
           9          32  0.500000000      -4.36697640E-02 -0.500000000    
           9          33  0.500000000      -4.36697640E-02 -0.500000000    
          10           1  0.500000000      -4.36697640E-02 -0.500000000    
          10           2  0.499999434      -4.36697640E-02 -0.500000000    
          10           3  0.499953032      -4.36697640E-02 -0.500000000    
          10           4  0.498870283      -4.36697230E-02 -0.500000000    
          10           5  0.488747358      -4.36665379E-02 -0.500000000    
          10           6  0.447981566      -4.36071232E-02 -0.500000000    
          10           7  0.341831654      -4.31171693E-02 -0.500000000    
          10           8  0.146100000      -4.06438932E-02 -0.500000000    
          10           9  -4.82838377E-02  -3.30448188E-02 -0.500000000    
          10          10  -7.40928128E-02  -1.94355715E-02 -0.500000000    
          10          11   1.58004276E-02  -3.95286363E-03 -0.500000000    
          10          12  0.103249937       9.63545777E-03 -0.500000000    
          10          13  0.157122388       2.00991221E-02 -0.500000000    
          10          14  0.184794590       2.75090896E-02 -0.500000000    
          10          15  0.197637349       3.22528034E-02 -0.500000000    
          10          16  0.202216759       3.46795171E-02 -0.500000000    
          10          17  0.202787548       3.50254290E-02 -0.500000000    
          10          18  0.199662775       3.32998037E-02 -0.500000000    
          10          19  0.190577284       2.93686241E-02 -0.500000000    
          10          20  0.168612361       2.28959396E-02 -0.500000000    
          10          21  0.124480307       1.34789553E-02 -0.500000000    
          10          22   4.78696972E-02   8.83191125E-04 -0.500000000    
          10          23  -4.96564060E-02  -1.42505057E-02 -0.500000000    
          10          24  -7.91353583E-02  -2.90455036E-02 -0.500000000    
          10          25   7.10507706E-02  -3.88353691E-02 -0.500000000    
          10          26  0.285574049      -4.26444337E-02 -0.500000000    
          10          27  0.422188550      -4.35323231E-02 -0.500000000    
          10          28  0.479878843      -4.36599776E-02 -0.500000000    
          10          29  0.497321248      -4.36695479E-02 -0.500000000    
          10          30  0.499850333      -4.36697640E-02 -0.500000000    
          10          31  0.499996781      -4.36697640E-02 -0.500000000    
          10          32  0.500000000      -4.36697640E-02 -0.500000000    
          10          33  0.500000000      -4.36697640E-02 -0.500000000    
          11           1  0.500000000      -4.36697640E-02 -0.500000000    
          11           2  0.499993026      -4.36697640E-02 -0.500000000    
          11           3  0.499731660      -4.36697602E-02 -0.500000000    
          11           4  0.495844811      -4.36692499E-02 -0.500000000    
          11           5  0.471882582      -4.36507538E-02 -0.500000000    
          11           6  0.394980192      -4.34217378E-02 -0.500000000    
          11           7  0.219924986      -4.18673046E-02 -0.500000000    
          11           8  -1.05274357E-02  -3.56122628E-02 -0.500000000    
          11           9  -8.20063278E-02  -2.16960125E-02 -0.500000000    
          11          10   1.58002451E-02  -3.95288505E-03 -0.500000000    
          11          11  0.117325731       1.22007355E-02 -0.500000000    
          11          12  0.176077396       2.48419810E-02 -0.500000000    
          11          13  0.201348260       3.39837186E-02 -0.500000000    
          11          14  0.207764223       4.01947536E-02 -0.500000000    
          11          15  0.206365451       4.40696813E-02 -0.500000000    
          11          16  0.204686180       4.60269377E-02 -0.500000000    
          11          17  0.203691870       4.62910160E-02 -0.500000000    
          11          18  0.206137955       4.49211784E-02 -0.500000000    
          11          19  0.207589939       4.17276248E-02 -0.500000000    
          11          20  0.204488710       3.63410786E-02 -0.500000000    
          11          21  0.187517554       2.82458980E-02 -0.500000000    
          11          22  0.141981050       1.68254822E-02 -0.500000000    
          11          23   5.41119054E-02   1.76545326E-03 -0.500000000    
          11          24  -5.86468503E-02  -1.58720259E-02 -0.500000000    
          11          25  -6.10654950E-02  -3.17822583E-02 -0.500000000    
          11          26  0.141171247      -4.05364782E-02 -0.500000000    
          11          27  0.348975301      -4.31629494E-02 -0.500000000    
          11          28  0.454270601      -4.36207876E-02 -0.500000000    
          11          29  0.491429687      -4.36677746E-02 -0.500000000    
          11          30  0.499264181      -4.36697491E-02 -0.500000000    
          11          31  0.499973416      -4.36697640E-02 -0.500000000    
          11          32  0.499999791      -4.36697640E-02 -0.500000000    
          11          33  0.500000000      -4.36697640E-02 -0.500000000    
          12           1  0.499999672      -4.36697640E-02 -0.500000000    
          12           2  0.499962956      -4.36697640E-02 -0.500000000    
          12           3  0.499058723      -4.36697267E-02 -0.500000000    
          12           4  0.489645153      -4.36668471E-02 -0.500000000    
          12           5  0.445786864      -4.36010547E-02 -0.500000000    
          12           6  0.321159720      -4.29555140E-02 -0.500000000    
          12           7   8.78375843E-02  -3.92789319E-02 -0.500000000    
          12           8  -8.31069648E-02  -2.77845208E-02 -0.500000000    
          12           9  -1.89784765E-02  -9.15790070E-03 -0.500000000    
          12          10  0.103249721       9.63541586E-03 -0.500000000    
          12          11  0.176077381       2.48419717E-02 -0.500000000    
          12          12  0.204530656       3.60144116E-02 -0.500000000    
          12          13  0.206965372       4.37721983E-02 -0.500000000    
          12          14  0.198216334       4.88856845E-02 -0.500000000    
          12          15  0.187891111       5.19890152E-02 -0.500000000    
          12          16  0.180917099       5.35189472E-02 -0.500000000    
          12          17  0.179725632       5.37324362E-02 -0.500000000    
          12          18  0.185031414       5.26541620E-02 -0.500000000    
          12          19  0.194794133       5.01206592E-02 -0.500000000    
          12          20  0.204532683       4.57376875E-02 -0.500000000    
          12          21  0.207071483       3.89350764E-02 -0.500000000    
          12          22  0.189466342       2.89845262E-02 -0.500000000    
          12          23  0.133396089       1.51521172E-02 -0.500000000    
          12          24   2.45045032E-02  -2.62791896E-03 -0.500000000    
          12          25  -8.27213675E-02  -2.20388956E-02 -0.500000000    
          12          26   8.06310959E-03  -3.65081243E-02 -0.500000000    
          12          27  0.252872556      -4.22847345E-02 -0.500000000    
          12          28  0.416224062      -4.35093194E-02 -0.500000000    
          12          29  0.480681717      -4.36603576E-02 -0.500000000    
          12          30  0.497706264      -4.36695702E-02 -0.500000000    
          12          31  0.499880075      -4.36697640E-02 -0.500000000    
          12          32  0.499997675      -4.36697640E-02 -0.500000000    
          12          33  0.500000000      -4.36697640E-02 -0.500000000    
          13           1  0.499997526      -4.36697640E-02 -0.500000000    
          13           2  0.499879867      -4.36697602E-02 -0.500000000    
          13           3  0.497713834      -4.36695665E-02 -0.500000000    
          13           4  0.480378717      -4.36599255E-02 -0.500000000    
          13           5  0.412377715      -4.34937291E-02 -0.500000000    
          13           6  0.237296179      -4.20890227E-02 -0.500000000    
          13           7  -1.44437943E-02  -3.53533328E-02 -0.500000000    
          13           8  -7.31351972E-02  -1.90018620E-02 -0.500000000    
          13           9   5.38836569E-02   1.78782956E-03 -0.500000000    
          13          10  0.157122195       2.00990587E-02 -0.500000000    
          13          11  0.201348349       3.39836739E-02 -0.500000000    
          13          12  0.206965700       4.37721945E-02 -0.500000000    
          13          13  0.193868116       5.03537357E-02 -0.500000000    
          13          14  0.175168127       5.45507483E-02 -0.500000000    
          13          15  0.158498794       5.70141636E-02 -0.500000000    
          13          16  0.148420930       5.82046472E-02 -0.500000000    
          13          17  0.146870747       5.83658479E-02 -0.500000000    
          13          18  0.154294416       5.75366020E-02 -0.500000000    
          13          19  0.169116437       5.55368662E-02 -0.500000000    
          13          20  0.187823251       5.19831739E-02 -0.500000000    
          13          21  0.203754306       4.62802909E-02 -0.500000000    
          13          22  0.206088290       3.76569480E-02 -0.500000000    
          13          23  0.176969126       2.52211094E-02 -0.500000000    
          13          24   9.51570943E-02   8.34491104E-03 -0.500000000    
          13          25  -3.78666259E-02  -1.21198734E-02 -0.500000000    
          13          26  -6.78099766E-02  -3.09327003E-02 -0.500000000    
          13          27  0.152342558      -4.07451987E-02 -0.500000000    
          13          28  0.368761271      -4.32814248E-02 -0.500000000    
          13          29  0.465730399      -4.36412543E-02 -0.500000000    
          13          30  0.494900078      -4.36689407E-02 -0.500000000    
          13          31  0.499648809      -4.36697528E-02 -0.500000000    
          13          32  0.499989599      -4.36697640E-02 -0.500000000    
          13          33  0.499999970      -4.36697640E-02 -0.500000000    
          14           1  0.499992430      -4.36697640E-02 -0.500000000    
          14           2  0.499729484      -4.36697602E-02 -0.500000000    
          14           3  0.495804310      -4.36691716E-02 -0.500000000    
          14           4  0.469563454      -4.36468348E-02 -0.500000000    
          14           5  0.376731187      -4.33250070E-02 -0.500000000    
          14           6  0.160134792      -4.08870615E-02 -0.500000000    
          14           7  -6.78530782E-02  -3.09023354E-02 -0.500000000    
          14           8  -3.27211618E-02  -1.12573765E-02 -0.500000000    
          14           9  0.105459362       1.00830356E-02 -0.500000000    
          14          10  0.184794351       2.75090002E-02 -0.500000000    
          14          11  0.207764402       4.01946940E-02 -0.500000000    
          14          12  0.198216528       4.88856584E-02 -0.500000000    
          14          13  0.175168201       5.45507446E-02 -0.500000000    
          14          14  0.149871945       5.80375046E-02 -0.500000000    
          14          15  0.129356369       6.00147136E-02 -0.500000000    
          14          16  0.117518082       6.09434731E-02 -0.500000000    
          14          17  0.115752555       6.10674061E-02 -0.500000000    
          14          18  0.124341726       6.04249276E-02 -0.500000000    
          14          19  0.142239213       5.88363335E-02 -0.500000000    
          14          20  0.166659966       5.59174642E-02 -0.500000000    
          14          21  0.191480085       5.10690473E-02 -0.500000000    
          14          22  0.206960008       4.34917733E-02 -0.500000000    
          14          23  0.197488129       3.22499909E-02 -0.500000000    
          14          24  0.139720976       1.64293349E-02 -0.500000000    
          14          25   1.53604057E-02  -3.91249638E-03 -0.500000000    
          14          26  -8.67660046E-02  -2.51395702E-02 -0.500000000    
          14          27   6.91575259E-02  -3.87275293E-02 -0.500000000    
          14          28  0.319603354      -4.29363959E-02 -0.500000000    
          14          29  0.448972106      -4.36078906E-02 -0.500000000    
          14          30  0.491200268      -4.36675027E-02 -0.500000000    
          14          31  0.499263704      -4.36697379E-02 -0.500000000    
          14          32  0.499972254      -4.36697640E-02 -0.500000000    
          14          33  0.499999762      -4.36697640E-02 -0.500000000    
          15           1  0.499984980      -4.36697640E-02 -0.500000000    
          15           2  0.499546498      -4.36697491E-02 -0.500000000    
          15           3  0.493832499      -4.36685756E-02 -0.500000000    
          15           4  0.459681988      -4.36302610E-02 -0.500000000    
          15           5  0.346058995      -4.31336835E-02 -0.500000000    
          15           6  0.103409551      -3.96586955E-02 -0.500000000    
          15           7  -8.48971903E-02  -2.70769503E-02 -0.500000000    
          15           8   3.50810448E-03  -5.65026794E-03 -0.500000000    
          15           9  0.135515571       1.56031046E-02 -0.500000000    
          15          10  0.197637349       3.22527029E-02 -0.500000000    
          15          11  0.206365705       4.40696329E-02 -0.500000000    
          15          12  0.187891454       5.19889742E-02 -0.500000000    
          15          13  0.158499032       5.70141748E-02 -0.500000000    
          15          14  0.129356325       6.00146987E-02 -0.500000000    
          15          15  0.106853567       6.16611093E-02 -0.500000000    
          15          16   9.44921002E-02   6.24133721E-02 -0.500000000    
          15          17   9.26133692E-02   6.25091270E-02 -0.500000000    
          15          18  0.101694584       6.19971789E-02 -0.500000000    
          15          19  0.120698482       6.06872328E-02 -0.500000000    
          15          20  0.148290202       5.81972040E-02 -0.500000000    
          15          21  0.178976625       5.39378747E-02 -0.500000000    
          15          22  0.202735960       4.70977239E-02 -0.500000000    
          15          23  0.205399543       3.66927534E-02 -0.500000000    
          15          24  0.163855165       2.17242166E-02 -0.500000000    
          15          25   5.36880754E-02   1.81544817E-03 -0.500000000    
          15          26  -7.87730590E-02  -2.04787795E-02 -0.500000000    
          15          27   1.49187623E-02  -3.67652625E-02 -0.500000000    
          15          28  0.278622746      -4.25561443E-02 -0.500000000    
          15          29  0.434002757      -4.35675457E-02 -0.500000000    
          15          30  0.487560987      -4.36654836E-02 -0.500000000    
          15          31  0.498820484      -4.36697043E-02 -0.500000000    
          15          32  0.499948621      -4.36697640E-02 -0.500000000    
          15          33  0.499999195      -4.36697640E-02 -0.500000000    
          16           1  0.499978751      -4.36697640E-02 -0.500000000    
          16           2  0.499408036      -4.36697491E-02 -0.500000000    
          16           3  0.492481560      -4.36680578E-02 -0.500000000    
          16           4  0.453356832      -4.36173230E-02 -0.500000000    
          16           5  0.327188909      -4.29938100E-02 -0.500000000    
          16           6   7.27546737E-02  -3.88240591E-02 -0.500000000    
          16           7  -8.68278518E-02  -2.47677080E-02 -0.500000000    
          16           8   2.41206605E-02  -2.57857982E-03 -0.500000000    
          16           9  0.149577126       1.85002703E-02 -0.500000000    
          16          10  0.202216655       3.46794091E-02 -0.500000000    
          16          11  0.204686373       4.60268781E-02 -0.500000000    
          16          12  0.180917338       5.35189286E-02 -0.500000000    
          16          13  0.148421064       5.82046732E-02 -0.500000000    
          16          14  0.117518157       6.09434880E-02 -0.500000000    
          16          15   9.44921970E-02   6.24133721E-02 -0.500000000    
          16          16   8.20617899E-02   6.30624145E-02 -0.500000000    
          16          17   7.98245817E-02   6.31464720E-02 -0.500000000    
          16          18   8.93463939E-02   6.27018660E-02 -0.500000000    
          16          19  0.108892038       6.15529604E-02 -0.500000000    
          16          20  0.137220904       5.92947304E-02 -0.500000000    
          16          21  0.170251220       5.53408489E-02 -0.500000000    
          16          22  0.198716566       4.88943718E-02 -0.500000000    
          16          23  0.207112789       3.89591195E-02 -0.500000000    
          16          24  0.174756721       2.44801771E-02 -0.500000000    
          16          25   7.36452565E-02   4.89382073E-03 -0.500000000    
          16          26  -6.83729127E-02  -1.77745800E-02 -0.500000000    
          16          27  -1.14538716E-02  -3.54781374E-02 -0.500000000    
          16          28  0.254051775      -4.22835872E-02 -0.500000000    
          16          29  0.424537778      -4.35368754E-02 -0.500000000    
          16          30  0.485136330      -4.36637811E-02 -0.500000000    
          16          31  0.498496711      -4.36696745E-02 -0.500000000    
          16          32  0.499929279      -4.36697640E-02 -0.500000000    
          16          33  0.499998808      -4.36697640E-02 -0.500000000    
          17           1  0.499977767      -4.36697640E-02 -0.500000000    
          17           2  0.499385566      -4.36697453E-02 -0.500000000    
          17           3  0.492269665      -4.36679684E-02 -0.500000000    
          17           4  0.452389956      -4.36152071E-02 -0.500000000    
          17           5  0.324353069      -4.29712832E-02 -0.500000000    
          17           6   6.84185550E-02  -3.86937782E-02 -0.500000000    
          17           7  -8.66959468E-02  -2.44244430E-02 -0.500000000    
          17           8   2.70751826E-02  -2.13831197E-03 -0.500000000    
          17           9  0.151521802       1.89090148E-02 -0.500000000    
          17          10  0.202787295       3.50253470E-02 -0.500000000    
          17          11  0.203692049       4.62909527E-02 -0.500000000    
          17          12  0.179725826       5.37323616E-02 -0.500000000    
          17          13  0.146870986       5.83658442E-02 -0.500000000    
          17          14  0.115752615       6.10674024E-02 -0.500000000    
          17          15   9.26134884E-02   6.25091121E-02 -0.500000000    
          17          16   7.98246339E-02   6.31464720E-02 -0.500000000    
          17          17   7.80166686E-02   6.32300749E-02 -0.500000000    
          17          18   8.71296301E-02   6.27939254E-02 -0.500000000    
          17          19  0.106957301       6.16616495E-02 -0.500000000    
          17          20  0.135903388       5.94416782E-02 -0.500000000    
          17          21  0.169337034       5.55412471E-02 -0.500000000    
          17          22  0.197839528       4.91492748E-02 -0.500000000    
          17          23  0.207760751       3.92794125E-02 -0.500000000    
          17          24  0.176140115       2.48654913E-02 -0.500000000    
          17          25   7.64162019E-02   5.33226039E-03 -0.500000000    
          17          26  -6.65874332E-02  -1.73786636E-02 -0.500000000    
          17          27  -1.49952108E-02  -3.52802053E-02 -0.500000000    
          17          28  0.250402838      -4.22400162E-02 -0.500000000    
          17          29  0.423097759      -4.35318798E-02 -0.500000000    
          17          30  0.484760135      -4.36634868E-02 -0.500000000    
          17          31  0.498444587      -4.36696671E-02 -0.500000000    
          17          32  0.499926060      -4.36697640E-02 -0.500000000    
          17          33  0.499998748      -4.36697640E-02 -0.500000000    
          18           1  0.499982625      -4.36697640E-02 -0.500000000    
          18           2  0.499491096      -4.36697491E-02 -0.500000000    
          18           3  0.493280858      -4.36683632E-02 -0.500000000    
          18           4  0.457063824      -4.36251163E-02 -0.500000000    
          18           5  0.338180602      -4.30773757E-02 -0.500000000    
          18           6   9.02263373E-02  -3.93171646E-02 -0.500000000    
          18           7  -8.63426030E-02  -2.61076801E-02 -0.500000000    
          18           8   1.23075815E-02  -4.33660764E-03 -0.500000000    
          18           9  0.141706645       1.68524552E-02 -0.500000000    
          18          10  0.199662670       3.32997516E-02 -0.500000000    
          18          11  0.206138313       4.49211597E-02 -0.500000000    
          18          12  0.185031608       5.26541770E-02 -0.500000000    
          18          13  0.154294565       5.75365983E-02 -0.500000000    
          18          14  0.124341741       6.04249239E-02 -0.500000000    
          18          15  0.101694621       6.19971938E-02 -0.500000000    
          18          16   8.93464684E-02   6.27018884E-02 -0.500000000    
          18          17   8.71297270E-02   6.27939552E-02 -0.500000000    
          18          18   9.65783596E-02   6.23096079E-02 -0.500000000    
          18          19  0.115894273       6.10733032E-02 -0.500000000    
          18          20  0.143539950       5.86819500E-02 -0.500000000    
          18          21  0.175072432       5.45482375E-02 -0.500000000    
          18          22  0.201112762       4.78747673E-02 -0.500000000    
          18          23  0.206056371       3.76754664E-02 -0.500000000    
          18          24  0.168773368       2.29153968E-02 -0.500000000    
          18          25   6.23381697E-02   3.13641177E-03 -0.500000000    
          18          26  -7.47844875E-02  -1.93348322E-02 -0.500000000    
          18          27   3.29982024E-03  -3.62344608E-02 -0.500000000    
          18          28  0.268303156      -4.24459539E-02 -0.500000000    
          18          29  0.430075347      -4.35552895E-02 -0.500000000    
          18          30  0.486565262      -4.36648093E-02 -0.500000000    
          18          31  0.498690099      -4.36696894E-02 -0.500000000    
          18          32  0.499941021      -4.36697640E-02 -0.500000000    
          18          33  0.499999046      -4.36697640E-02 -0.500000000    
          19           1  0.499990135      -4.36697640E-02 -0.500000000    
          19           2  0.499668926      -4.36697528E-02 -0.500000000    
          19           3  0.495120734      -4.36689816E-02 -0.500000000    
          19           4  0.466029853      -4.36414033E-02 -0.500000000    
          19           5  0.365583450      -4.32605185E-02 -0.500000000    
          19           6  0.138508707      -4.04599570E-02 -0.500000000    
          19           7  -7.64607862E-02  -2.95048077E-02 -0.500000000    
          19           8  -1.92864463E-02  -9.12111811E-03 -0.500000000    
          19           9  0.117571674       1.22246556E-02 -0.500000000    
          19          10  0.190577224       2.93685477E-02 -0.500000000    
          19          11  0.207590118       4.17275615E-02 -0.500000000    
          19          12  0.194794431       5.01206331E-02 -0.500000000    
          19          13  0.169116601       5.55368438E-02 -0.500000000    
          19          14  0.142239332       5.88363446E-02 -0.500000000    
          19          15  0.120698370       6.06872514E-02 -0.500000000    
          19          16  0.108892038       6.15529716E-02 -0.500000000    
          19          17  0.106957145       6.16616607E-02 -0.500000000    
          19          18  0.115894310       6.10733293E-02 -0.500000000    
          19          19  0.133907959       5.95875047E-02 -0.500000000    
          19          20  0.159758568       5.68285063E-02 -0.500000000    
          19          21  0.187309116       5.22091240E-02 -0.500000000    
          19          22  0.206101522       4.49214168E-02 -0.500000000    
          19          23  0.201152042       3.39891650E-02 -0.500000000    
          19          24  0.149545714       1.84918344E-02 -0.500000000    
          19          25   3.01821306E-02  -1.71200442E-03 -0.500000000    
          19          26  -8.55876058E-02  -2.34076791E-02 -0.500000000    
          19          27   4.77144048E-02  -3.80351506E-02 -0.500000000    
          19          28  0.304563314      -4.28071059E-02 -0.500000000    
          19          29  0.443589747      -4.35945056E-02 -0.500000000    
          19          30  0.489922523      -4.36668731E-02 -0.500000000    
          19          31  0.499114543      -4.36697267E-02 -0.500000000    
          19          32  0.499964654      -4.36697640E-02 -0.500000000    
          19          33  0.499999583      -4.36697640E-02 -0.500000000    
          20           1  0.499996156      -4.36697640E-02 -0.500000000    
          20           2  0.499836713      -4.36697602E-02 -0.500000000    
          20           3  0.497122347      -4.36694659E-02 -0.500000000    
          20           4  0.476836324      -4.36562262E-02 -0.500000000    
          20           5  0.400410742      -4.34434041E-02 -0.500000000    
          20           6  0.210007355      -4.17149141E-02 -0.500000000    
          20           7  -3.75455841E-02  -3.38709950E-02 -0.500000000    
          20           8  -6.07185885E-02  -1.62314568E-02 -0.500000000    
          20           9   7.37990811E-02   4.86438023E-03 -0.500000000    
          20          10  0.168612257       2.28958521E-02 -0.500000000    
          20          11  0.204488724       3.63410152E-02 -0.500000000    
          20          12  0.204532981       4.57376353E-02 -0.500000000    
          20          13  0.187823206       5.19831665E-02 -0.500000000    
          20          14  0.166659981       5.59174530E-02 -0.500000000    
          20          15  0.148290023       5.81971817E-02 -0.500000000    
          20          16  0.137220621       5.92947304E-02 -0.500000000    
          20          17  0.135903090       5.94416820E-02 -0.500000000    
          20          18  0.143539816       5.86819611E-02 -0.500000000    
          20          19  0.159758374       5.68285212E-02 -0.500000000    
          20          20  0.181141123       5.35142533E-02 -0.500000000    
          20          21  0.200418249       4.81325127E-02 -0.500000000    
          20          22  0.207341895       3.98874544E-02 -0.500000000    
          20          23  0.186185583       2.78844479E-02 -0.500000000    
          20          24  0.112732463       1.13608325E-02 -0.500000000    
          20          25  -1.92659535E-02  -9.13717411E-03 -0.500000000    
          20          26  -7.91439116E-02  -2.89507862E-02 -0.500000000    
          20          27  0.121810660      -4.01049182E-02 -0.500000000    
          20          28  0.352081686      -4.31772247E-02 -0.500000000    
          20          29  0.460184097      -4.36316058E-02 -0.500000000    
          20          30  0.493728608      -4.36685532E-02 -0.500000000    
          20          31  0.499535233      -4.36697491E-02 -0.500000000    
          20          32  0.499984890      -4.36697640E-02 -0.500000000    
          20          33  0.499999940      -4.36697640E-02 -0.500000000    
          21           1  0.499999225      -4.36697640E-02 -0.500000000    
          21           2  0.499942571      -4.36697640E-02 -0.500000000    
          21           3  0.498688579      -4.36696894E-02 -0.500000000    
          21           4  0.486848891      -4.36651744E-02 -0.500000000    
          21           5  0.435277313      -4.35725600E-02 -0.500000000    
          21           6  0.293535441      -4.27131057E-02 -0.500000000    
          21           7   4.87396605E-02  -3.80938947E-02 -0.500000000    
          21           8  -8.64863843E-02  -2.48502865E-02 -0.500000000    
          21           9   6.88518770E-03  -5.24880225E-03 -0.500000000    
          21          10  0.124479979       1.34788603E-02 -0.500000000    
          21          11  0.187517643       2.82458719E-02 -0.500000000    
          21          12  0.207071543       3.89350578E-02 -0.500000000    
          21          13  0.203754202       4.62802760E-02 -0.500000000    
          21          14  0.191479832       5.10690510E-02 -0.500000000    
          21          15  0.178976372       5.39378524E-02 -0.500000000    
          21          16  0.170250937       5.53408712E-02 -0.500000000    
          21          17  0.169336706       5.55412620E-02 -0.500000000    
          21          18  0.175072268       5.45482337E-02 -0.500000000    
          21          19  0.187308922       5.22091202E-02 -0.500000000    
          21          20  0.200418159       4.81325127E-02 -0.500000000    
          21          21  0.207450166       4.17188518E-02 -0.500000000    
          21          22  0.197266370       3.22282352E-02 -0.500000000    
          21          23  0.151351467       1.88808478E-02 -0.500000000    
          21          24   5.10412864E-02   1.33676396E-03 -0.500000000    
          21          25  -7.16386214E-02  -1.86330061E-02 -0.500000000    
          21          26  -2.46564671E-02  -3.47676203E-02 -0.500000000    
          21          27  0.218703449      -4.18444984E-02 -0.500000000    
          21          28  0.401154011      -4.34477590E-02 -0.500000000    
          21          29  0.476079345      -4.36555482E-02 -0.500000000    
          21          30  0.496906817      -4.36694287E-02 -0.500000000    
          21          31  0.499821007      -4.36697602E-02 -0.500000000    
          21          32  0.499995828      -4.36697640E-02 -0.500000000    
          21          33  0.500000000      -4.36697640E-02 -0.500000000    
          22           1  0.499999970      -4.36697640E-02 -0.500000000    
          22           2  0.499986947      -4.36697640E-02 -0.500000000    
          22           3  0.499572366      -4.36697602E-02 -0.500000000    
          22           4  0.494156152      -4.36687768E-02 -0.500000000    
          22           5  0.464176148      -4.36392091E-02 -0.500000000    
          22           6  0.372359574      -4.33054604E-02 -0.500000000    
          22           7  0.175046161      -4.11698073E-02 -0.500000000    
          22           8  -4.60212752E-02  -3.32484245E-02 -0.500000000    
          22           9  -6.66019022E-02  -1.74720436E-02 -0.500000000    
          22          10   4.78694178E-02   8.83140368E-04 -0.500000000    
          22          11  0.141981021       1.68255046E-02 -0.500000000    
          22          12  0.189466327       2.89844982E-02 -0.500000000    
          22          13  0.206087977       3.76569256E-02 -0.500000000    
          22          14  0.206959784       4.34918217E-02 -0.500000000    
          22          15  0.202735618       4.70977090E-02 -0.500000000    
          22          16  0.198716164       4.88943830E-02 -0.500000000    
          22          17  0.197839051       4.91492748E-02 -0.500000000    
          22          18  0.201112390       4.78747822E-02 -0.500000000    
          22          19  0.206101194       4.49214019E-02 -0.500000000    
          22          20  0.207341716       3.98874618E-02 -0.500000000    
          22          21  0.197266370       3.22282650E-02 -0.500000000    
          22          22  0.162262440       2.12959517E-02 -0.500000000    
          22          23   8.45083073E-02   6.59242738E-03 -0.500000000    
          22          24  -3.22633646E-02  -1.12992115E-02 -0.500000000    
          22          25  -7.99736455E-02  -2.87172142E-02 -0.500000000    
          22          26   9.26641598E-02  -3.94148864E-02 -0.500000000    
          22          27  0.318791807      -4.29389067E-02 -0.500000000    
          22          28  0.442922086      -4.35941443E-02 -0.500000000    
          22          29  0.488393188      -4.36662324E-02 -0.500000000    
          22          30  0.498876572      -4.36697230E-02 -0.500000000    
          22          31  0.499953449      -4.36697640E-02 -0.500000000    
          22          32  0.499999464      -4.36697640E-02 -0.500000000    
          22          33  0.500000000      -4.36697640E-02 -0.500000000    
          23           1  0.500000000      -4.36697640E-02 -0.500000000    
          23           2  0.499998450      -4.36697640E-02 -0.500000000    
          23           3  0.499910623      -4.36697640E-02 -0.500000000    
          23           4  0.498163015      -4.36696634E-02 -0.500000000    
          23           5  0.484156877      -4.36635502E-02 -0.500000000    
          23           6  0.432858258      -4.35664766E-02 -0.500000000    
          23           7  0.304481804      -4.28208783E-02 -0.500000000    
          23           8   8.86566788E-02  -3.93229611E-02 -0.500000000    
          23           9  -7.61431605E-02  -2.96220127E-02 -0.500000000    
          23          10  -4.96564656E-02  -1.42505178E-02 -0.500000000    
          23          11   5.41120023E-02   1.76545838E-03 -0.500000000    
          23          12  0.133396178       1.51521042E-02 -0.500000000    
          23          13  0.176969111       2.52211094E-02 -0.500000000    
          23          14  0.197488099       3.22500095E-02 -0.500000000    
          23          15  0.205399483       3.66927795E-02 -0.500000000    
          23          16  0.207112625       3.89591567E-02 -0.500000000    
          23          17  0.207760617       3.92794833E-02 -0.500000000    
          23          18  0.206056133       3.76755111E-02 -0.500000000    
          23          19  0.201151952       3.39892246E-02 -0.500000000    
          23          20  0.186185524       2.78844722E-02 -0.500000000    
          23          21  0.151351556       1.88808497E-02 -0.500000000    
          23          22   8.45084637E-02   6.59246696E-03 -0.500000000    
          23          23  -1.66921709E-02  -8.74977559E-03 -0.500000000    
          23          24  -8.67336094E-02  -2.48960014E-02 -0.500000000    
          23          25   1.63063109E-02  -3.68977562E-02 -0.500000000    
          23          26  0.239614338      -4.21292409E-02 -0.500000000    
          23          27  0.400965273      -4.34494764E-02 -0.500000000    
          23          28  0.472728193      -4.36519943E-02 -0.500000000    
          23          29  0.495859265      -4.36692648E-02 -0.500000000    
          23          30  0.499730080      -4.36697602E-02 -0.500000000    
          23          31  0.499992937      -4.36697640E-02 -0.500000000    
          23          32  0.500000000      -4.36697640E-02 -0.500000000    
          23          33  0.500000000      -4.36697640E-02 -0.500000000    
          24           1  0.500000000      -4.36697640E-02 -0.500000000    
          24           2  0.499999970      -4.36697640E-02 -0.500000000    
          24           3  0.499989659      -4.36697640E-02 -0.500000000    
          24           4  0.499644846      -4.36697602E-02 -0.500000000    
          24           5  0.495088428      -4.36691046E-02 -0.500000000    
          24           6  0.471152514      -4.36501577E-02 -0.500000000    
          24           7  0.403329074      -4.34609205E-02 -0.500000000    
          24           8  0.258647114      -4.23574112E-02 -0.500000000    
          24           9   5.36659807E-02  -3.82998958E-02 -0.500000000    
          24          10  -7.91353285E-02  -2.90454794E-02 -0.500000000    
          24          11  -5.86465560E-02  -1.58720203E-02 -0.500000000    
          24          12   2.45049614E-02  -2.62783561E-03 -0.500000000    
          24          13   9.51575637E-02   8.34497623E-03 -0.500000000    
          24          14  0.139721394       1.64294131E-02 -0.500000000    
          24          15  0.163855463       2.17243116E-02 -0.500000000    
          24          16  0.174756870       2.44802758E-02 -0.500000000    
          24          17  0.176140353       2.48655826E-02 -0.500000000    
          24          18  0.168773621       2.29155105E-02 -0.500000000    
          24          19  0.149546146       1.84918884E-02 -0.500000000    
          24          20  0.112732984       1.13608902E-02 -0.500000000    
          24          21   5.10417148E-02   1.33683661E-03 -0.500000000    
          24          22  -3.22630778E-02  -1.12991678E-02 -0.500000000    
          24          23  -8.67336318E-02  -2.48959586E-02 -0.500000000    
          24          24  -6.19472284E-03  -3.58263813E-02 -0.500000000    
          24          25  0.193181843      -4.14763913E-02 -0.500000000    
          24          26  0.364438653      -4.32645977E-02 -0.500000000    
          24          27  0.455075204      -4.36228700E-02 -0.500000000    
          24          28  0.490322411      -4.36673984E-02 -0.500000000    
          24          29  0.499058276      -4.36697342E-02 -0.500000000    
          24          30  0.499962568      -4.36697640E-02 -0.500000000    
          24          31  0.499999583      -4.36697640E-02 -0.500000000    
          24          32  0.500000000      -4.36697640E-02 -0.500000000    
          24          33  0.500000000      -4.36697640E-02 -0.500000000    
          25           1  0.500000000      -4.36697640E-02 -0.500000000    
          25           2  0.500000000      -4.36697640E-02 -0.500000000    
          25           3  0.499999493      -4.36697640E-02 -0.500000000    
          25           4  0.499963701      -4.36697640E-02 -0.500000000    
          25           5  0.499118447      -4.36697453E-02 -0.500000000    
          25           6  0.491278499      -4.36678901E-02 -0.500000000    
          25           7  0.461355358      -4.36349660E-02 -0.500000000    
          25           8  0.388484418      -4.33949679E-02 -0.500000000    
          25           9  0.251631171      -4.22754064E-02 -0.500000000    
          25          10   7.10506141E-02  -3.88353430E-02 -0.500000000    
          25          11  -6.10657781E-02  -3.17822285E-02 -0.500000000    
          25          12  -8.27212185E-02  -2.20388509E-02 -0.500000000    
          25          13  -3.78659926E-02  -1.21198175E-02 -0.500000000    
          25          14   1.53611973E-02  -3.91239626E-03 -0.500000000    
          25          15   5.36890738E-02   1.81556982E-03 -0.500000000    
          25          16   7.36462548E-02   4.89396555E-03 -0.500000000    
          25          17   7.64172152E-02   5.33239590E-03 -0.500000000    
          25          18   6.23391718E-02   3.13655450E-03 -0.500000000    
          25          19   3.01829185E-02  -1.71189685E-03 -0.500000000    
          25          20  -1.92651767E-02  -9.13707819E-03 -0.500000000    
          25          21  -7.16382414E-02  -1.86329447E-02 -0.500000000    
          25          22  -7.99736083E-02  -2.87172124E-02 -0.500000000    
          25          23   1.63060483E-02  -3.68977264E-02 -0.500000000    
          25          24  0.193181932      -4.14763913E-02 -0.500000000    
          25          25  0.349912643      -4.31748480E-02 -0.500000000    
          25          26  0.443395406      -4.35960740E-02 -0.500000000    
          25          27  0.484546334      -4.36640866E-02 -0.500000000    
          25          28  0.497909397      -4.36696373E-02 -0.500000000    
          25          29  0.499883801      -4.36697640E-02 -0.500000000    
          25          30  0.499997497      -4.36697640E-02 -0.500000000    
          25          31  0.500000000      -4.36697640E-02 -0.500000000    
          25          32  0.500000000      -4.36697640E-02 -0.500000000    
          25          33  0.500000000      -4.36697640E-02 -0.500000000    
          26           1  0.500000000      -4.36697640E-02 -0.500000000    
          26           2  0.500000000      -4.36697640E-02 -0.500000000    
          26           3  0.500000000      -4.36697640E-02 -0.500000000    
          26           4  0.499998569      -4.36697640E-02 -0.500000000    
          26           5  0.499922633      -4.36697640E-02 -0.500000000    
          26           6  0.498578817      -4.36697081E-02 -0.500000000    
          26           7  0.489139736      -4.36669327E-02 -0.500000000    
          26           8  0.459775269      -4.36321311E-02 -0.500000000    
          26           9  0.396156847      -4.34301235E-02 -0.500000000    
          26          10  0.285573989      -4.26444151E-02 -0.500000000    
          26          11  0.141170830      -4.05364782E-02 -0.500000000    
          26          12   8.06242879E-03  -3.65081057E-02 -0.500000000    
          26          13  -6.78104460E-02  -3.09326164E-02 -0.500000000    
          26          14  -8.67659226E-02  -2.51394548E-02 -0.500000000    
          26          15  -7.87725151E-02  -2.04786807E-02 -0.500000000    
          26          16  -6.83721751E-02  -1.77744497E-02 -0.500000000    
          26          17  -6.65865988E-02  -1.73785239E-02 -0.500000000    
          26          18  -7.47837499E-02  -1.93347167E-02 -0.500000000    
          26          19  -8.55873227E-02  -2.34075524E-02 -0.500000000    
          26          20  -7.91442320E-02  -2.89507005E-02 -0.500000000    
          26          21  -2.46572532E-02  -3.47676091E-02 -0.500000000    
          26          22   9.26633850E-02  -3.94148752E-02 -0.500000000    
          26          23  0.239614055      -4.21292223E-02 -0.500000000    
          26          24  0.364438593      -4.32645977E-02 -0.500000000    
          26          25  0.443395406      -4.35960740E-02 -0.500000000    
          26          26  0.482082069      -4.36622165E-02 -0.500000000    
          26          27  0.496921718      -4.36695106E-02 -0.500000000    
          26          28  0.499774396      -4.36697640E-02 -0.500000000    
          26          29  0.499993563      -4.36697640E-02 -0.500000000    
          26          30  0.500000000      -4.36697640E-02 -0.500000000    
          26          31  0.500000000      -4.36697640E-02 -0.500000000    
          26          32  0.500000000      -4.36697640E-02 -0.500000000    
          26          33  0.500000000      -4.36697640E-02 -0.500000000    
          27           1  0.500000000      -4.36697640E-02 -0.500000000    
          27           2  0.500000000      -4.36697640E-02 -0.500000000    
          27           3  0.500000000      -4.36697640E-02 -0.500000000    
          27           4  0.500000000      -4.36697640E-02 -0.500000000    
          27           5  0.499997556      -4.36697640E-02 -0.500000000    
          27           6  0.499895543      -4.36697640E-02 -0.500000000    
          27           7  0.498479605      -4.36697006E-02 -0.500000000    
          27           8  0.490259916      -4.36674766E-02 -0.500000000    
          27           9  0.467216671      -4.36446033E-02 -0.500000000    
          27          10  0.422188610      -4.35323231E-02 -0.500000000    
          27          11  0.348975062      -4.31629494E-02 -0.500000000    
          27          12  0.252871931      -4.22847234E-02 -0.500000000    
          27          13  0.152341619      -4.07451913E-02 -0.500000000    
          27          14   6.91561922E-02  -3.87274735E-02 -0.500000000    
          27          15   1.49173308E-02  -3.67652066E-02 -0.500000000    
          27          16  -1.14553794E-02  -3.54780629E-02 -0.500000000    
          27          17  -1.49967279E-02  -3.52801383E-02 -0.500000000    
          27          18   3.29848751E-03  -3.62344012E-02 -0.500000000    
          27          19   4.77129035E-02  -3.80351208E-02 -0.500000000    
          27          20  0.121809527      -4.01049070E-02 -0.500000000    
          27          21  0.218702778      -4.18444984E-02 -0.500000000    
          27          22  0.318791419      -4.29388955E-02 -0.500000000    
          27          23  0.400965124      -4.34494764E-02 -0.500000000    
          27          24  0.455075204      -4.36228700E-02 -0.500000000    
          27          25  0.484546334      -4.36640866E-02 -0.500000000    
          27          26  0.496921718      -4.36695106E-02 -0.500000000    
          27          27  0.499719143      -4.36697640E-02 -0.500000000    
          27          28  0.499989718      -4.36697640E-02 -0.500000000    
          27          29  0.499999970      -4.36697640E-02 -0.500000000    
          27          30  0.500000000      -4.36697640E-02 -0.500000000    
          27          31  0.500000000      -4.36697640E-02 -0.500000000    
          27          32  0.500000000      -4.36697640E-02 -0.500000000    
          27          33  0.500000000      -4.36697640E-02 -0.500000000    
          28           1  0.500000000      -4.36697640E-02 -0.500000000    
          28           2  0.500000000      -4.36697640E-02 -0.500000000    
          28           3  0.500000000      -4.36697640E-02 -0.500000000    
          28           4  0.500000000      -4.36697640E-02 -0.500000000    
          28           5  0.500000000      -4.36697640E-02 -0.500000000    
          28           6  0.499997258      -4.36697640E-02 -0.500000000    
          28           7  0.499910057      -4.36697640E-02 -0.500000000    
          28           8  0.498917073      -4.36697342E-02 -0.500000000    
          28           9  0.493794501      -4.36687581E-02 -0.500000000    
          28          10  0.479878843      -4.36599776E-02 -0.500000000    
          28          11  0.454270601      -4.36207727E-02 -0.500000000    
          28          12  0.416223854      -4.35093082E-02 -0.500000000    
          28          13  0.368760973      -4.32814173E-02 -0.500000000    
          28          14  0.319602549      -4.29363921E-02 -0.500000000    
          28          15  0.278621703      -4.25561406E-02 -0.500000000    
          28          16  0.254050404      -4.22835760E-02 -0.500000000    
          28          17  0.250401437      -4.22400087E-02 -0.500000000    
          28          18  0.268302053      -4.24459428E-02 -0.500000000    
          28          19  0.304562569      -4.28071022E-02 -0.500000000    
          28          20  0.352081239      -4.31772359E-02 -0.500000000    
          28          21  0.401153684      -4.34477404E-02 -0.500000000    
          28          22  0.442921937      -4.35941368E-02 -0.500000000    
          28          23  0.472728193      -4.36519943E-02 -0.500000000    
          28          24  0.490322411      -4.36673984E-02 -0.500000000    
          28          25  0.497909397      -4.36696373E-02 -0.500000000    
          28          26  0.499774396      -4.36697640E-02 -0.500000000    
          28          27  0.499989718      -4.36697640E-02 -0.500000000    
          28          28  0.499999940      -4.36697640E-02 -0.500000000    
          28          29  0.500000000      -4.36697640E-02 -0.500000000    
          28          30  0.500000000      -4.36697640E-02 -0.500000000    
          28          31  0.500000000      -4.36697640E-02 -0.500000000    
          28          32  0.500000000      -4.36697640E-02 -0.500000000    
          28          33  0.500000000      -4.36697640E-02 -0.500000000    
          29           1  0.500000000      -4.36697640E-02 -0.500000000    
          29           2  0.500000000      -4.36697640E-02 -0.500000000    
          29           3  0.500000000      -4.36697640E-02 -0.500000000    
          29           4  0.500000000      -4.36697640E-02 -0.500000000    
          29           5  0.500000000      -4.36697640E-02 -0.500000000    
          29           6  0.500000000      -4.36697640E-02 -0.500000000    
          29           7  0.499998182      -4.36697640E-02 -0.500000000    
          29           8  0.499950707      -4.36697640E-02 -0.500000000    
          29           9  0.499494493      -4.36697602E-02 -0.500000000    
          29          10  0.497321248      -4.36695479E-02 -0.500000000    
          29          11  0.491429687      -4.36677672E-02 -0.500000000    
          29          12  0.480681717      -4.36603539E-02 -0.500000000    
          29          13  0.465730280      -4.36412543E-02 -0.500000000    
          29          14  0.448971897      -4.36078906E-02 -0.500000000    
          29          15  0.434002459      -4.35675457E-02 -0.500000000    
          29          16  0.424537420      -4.35368754E-02 -0.500000000    
          29          17  0.423097342      -4.35318798E-02 -0.500000000    
          29          18  0.430074990      -4.35552895E-02 -0.500000000    
          29          19  0.443589509      -4.35945056E-02 -0.500000000    
          29          20  0.460183978      -4.36316058E-02 -0.500000000    
          29          21  0.476079345      -4.36555482E-02 -0.500000000    
          29          22  0.488393188      -4.36662212E-02 -0.500000000    
          29          23  0.495859265      -4.36692648E-02 -0.500000000    
          29          24  0.499058276      -4.36697342E-02 -0.500000000    
          29          25  0.499883801      -4.36697640E-02 -0.500000000    
          29          26  0.499993563      -4.36697640E-02 -0.500000000    
          29          27  0.499999970      -4.36697640E-02 -0.500000000    
          29          28  0.500000000      -4.36697640E-02 -0.500000000    
          29          29  0.500000000      -4.36697640E-02 -0.500000000    
          29          30  0.500000000      -4.36697640E-02 -0.500000000    
          29          31  0.500000000      -4.36697640E-02 -0.500000000    
          29          32  0.500000000      -4.36697640E-02 -0.500000000    
          29          33  0.500000000      -4.36697640E-02 -0.500000000    
          30           1  0.500000000      -4.36697640E-02 -0.500000000    
          30           2  0.500000000      -4.36697640E-02 -0.500000000    
          30           3  0.500000000      -4.36697640E-02 -0.500000000    
          30           4  0.500000000      -4.36697640E-02 -0.500000000    
          30           5  0.500000000      -4.36697640E-02 -0.500000000    
          30           6  0.500000000      -4.36697640E-02 -0.500000000    
          30           7  0.500000000      -4.36697640E-02 -0.500000000    
          30           8  0.499999225      -4.36697640E-02 -0.500000000    
          30           9  0.499983311      -4.36697640E-02 -0.500000000    
          30          10  0.499850333      -4.36697640E-02 -0.500000000    
          30          11  0.499264181      -4.36697491E-02 -0.500000000    
          30          12  0.497706264      -4.36695702E-02 -0.500000000    
          30          13  0.494900078      -4.36689407E-02 -0.500000000    
          30          14  0.491200238      -4.36675027E-02 -0.500000000    
          30          15  0.487560987      -4.36654836E-02 -0.500000000    
          30          16  0.485136330      -4.36637811E-02 -0.500000000    
          30          17  0.484760135      -4.36634868E-02 -0.500000000    
          30          18  0.486565262      -4.36648093E-02 -0.500000000    
          30          19  0.489922434      -4.36668731E-02 -0.500000000    
          30          20  0.493728608      -4.36685532E-02 -0.500000000    
          30          21  0.496906817      -4.36694287E-02 -0.500000000    
          30          22  0.498876572      -4.36697230E-02 -0.500000000    
          30          23  0.499730080      -4.36697602E-02 -0.500000000    
          30          24  0.499962568      -4.36697640E-02 -0.500000000    
          30          25  0.499997497      -4.36697640E-02 -0.500000000    
          30          26  0.500000000      -4.36697640E-02 -0.500000000    
          30          27  0.500000000      -4.36697640E-02 -0.500000000    
          30          28  0.500000000      -4.36697640E-02 -0.500000000    
          30          29  0.500000000      -4.36697640E-02 -0.500000000    
          30          30  0.500000000      -4.36697640E-02 -0.500000000    
          30          31  0.500000000      -4.36697640E-02 -0.500000000    
          30          32  0.500000000      -4.36697640E-02 -0.500000000    
          30          33  0.500000000      -4.36697640E-02 -0.500000000    
          31           1  0.500000000      -4.36697640E-02 -0.500000000    
          31           2  0.500000000      -4.36697640E-02 -0.500000000    
          31           3  0.500000000      -4.36697640E-02 -0.500000000    
          31           4  0.500000000      -4.36697640E-02 -0.500000000    
          31           5  0.500000000      -4.36697640E-02 -0.500000000    
          31           6  0.500000000      -4.36697640E-02 -0.500000000    
          31           7  0.500000000      -4.36697640E-02 -0.500000000    
          31           8  0.500000000      -4.36697640E-02 -0.500000000    
          31           9  0.499999881      -4.36697640E-02 -0.500000000    
          31          10  0.499996781      -4.36697640E-02 -0.500000000    
          31          11  0.499973416      -4.36697640E-02 -0.500000000    
          31          12  0.499880075      -4.36697640E-02 -0.500000000    
          31          13  0.499648809      -4.36697528E-02 -0.500000000    
          31          14  0.499263704      -4.36697379E-02 -0.500000000    
          31          15  0.498820484      -4.36697043E-02 -0.500000000    
          31          16  0.498496711      -4.36696745E-02 -0.500000000    
          31          17  0.498444587      -4.36696671E-02 -0.500000000    
          31          18  0.498690099      -4.36696894E-02 -0.500000000    
          31          19  0.499114543      -4.36697267E-02 -0.500000000    
          31          20  0.499535233      -4.36697491E-02 -0.500000000    
          31          21  0.499821007      -4.36697602E-02 -0.500000000    
          31          22  0.499953449      -4.36697640E-02 -0.500000000    
          31          23  0.499992937      -4.36697640E-02 -0.500000000    
          31          24  0.499999583      -4.36697640E-02 -0.500000000    
          31          25  0.500000000      -4.36697640E-02 -0.500000000    
          31          26  0.500000000      -4.36697640E-02 -0.500000000    
          31          27  0.500000000      -4.36697640E-02 -0.500000000    
          31          28  0.500000000      -4.36697640E-02 -0.500000000    
          31          29  0.500000000      -4.36697640E-02 -0.500000000    
          31          30  0.500000000      -4.36697640E-02 -0.500000000    
          31          31  0.500000000      -4.36697640E-02 -0.500000000    
          31          32  0.500000000      -4.36697640E-02 -0.500000000    
          31          33  0.500000000      -4.36697640E-02 -0.500000000    
          32           1  0.500000000      -4.36697640E-02 -0.500000000    
          32           2  0.500000000      -4.36697640E-02 -0.500000000    
          32           3  0.500000000      -4.36697640E-02 -0.500000000    
          32           4  0.500000000      -4.36697640E-02 -0.500000000    
          32           5  0.500000000      -4.36697640E-02 -0.500000000    
          32           6  0.500000000      -4.36697640E-02 -0.500000000    
          32           7  0.500000000      -4.36697640E-02 -0.500000000    
          32           8  0.500000000      -4.36697640E-02 -0.500000000    
          32           9  0.500000000      -4.36697640E-02 -0.500000000    
          32          10  0.500000000      -4.36697640E-02 -0.500000000    
          32          11  0.499999791      -4.36697640E-02 -0.500000000    
          32          12  0.499997675      -4.36697640E-02 -0.500000000    
          32          13  0.499989599      -4.36697640E-02 -0.500000000    
          32          14  0.499972254      -4.36697640E-02 -0.500000000    
          32          15  0.499948621      -4.36697640E-02 -0.500000000    
          32          16  0.499929279      -4.36697640E-02 -0.500000000    
          32          17  0.499926060      -4.36697640E-02 -0.500000000    
          32          18  0.499941021      -4.36697640E-02 -0.500000000    
          32          19  0.499964654      -4.36697640E-02 -0.500000000    
          32          20  0.499984890      -4.36697640E-02 -0.500000000    
          32          21  0.499995828      -4.36697640E-02 -0.500000000    
          32          22  0.499999464      -4.36697640E-02 -0.500000000    
          32          23  0.500000000      -4.36697640E-02 -0.500000000    
          32          24  0.500000000      -4.36697640E-02 -0.500000000    
          32          25  0.500000000      -4.36697640E-02 -0.500000000    
          32          26  0.500000000      -4.36697640E-02 -0.500000000    
          32          27  0.500000000      -4.36697640E-02 -0.500000000    
          32          28  0.500000000      -4.36697640E-02 -0.500000000    
          32          29  0.500000000      -4.36697640E-02 -0.500000000    
          32          30  0.500000000      -4.36697640E-02 -0.500000000    
          32          31  0.500000000      -4.36697640E-02 -0.500000000    
          32          32  0.500000000      -4.36697640E-02 -0.500000000    
          32          33  0.500000000      -4.36697640E-02 -0.500000000    
          33           1  0.500000000      -4.36697640E-02 -0.500000000    
          33           2  0.500000000      -4.36697640E-02 -0.500000000    
          33           3  0.500000000      -4.36697640E-02 -0.500000000    
          33           4  0.500000000      -4.36697640E-02 -0.500000000    
          33           5  0.500000000      -4.36697640E-02 -0.500000000    
          33           6  0.500000000      -4.36697640E-02 -0.500000000    
          33           7  0.500000000      -4.36697640E-02 -0.500000000    
          33           8  0.500000000      -4.36697640E-02 -0.500000000    
          33           9  0.500000000      -4.36697640E-02 -0.500000000    
          33          10  0.500000000      -4.36697640E-02 -0.500000000    
          33          11  0.500000000      -4.36697640E-02 -0.500000000    
          33          12  0.500000000      -4.36697640E-02 -0.500000000    
          33          13  0.499999970      -4.36697640E-02 -0.500000000    
          33          14  0.499999762      -4.36697640E-02 -0.500000000    
          33          15  0.499999195      -4.36697640E-02 -0.500000000    
          33          16  0.499998808      -4.36697640E-02 -0.500000000    
          33          17  0.499998748      -4.36697640E-02 -0.500000000    
          33          18  0.499999046      -4.36697640E-02 -0.500000000    
          33          19  0.499999583      -4.36697640E-02 -0.500000000    
          33          20  0.499999940      -4.36697640E-02 -0.500000000    
          33          21  0.500000000      -4.36697640E-02 -0.500000000    
          33          22  0.500000000      -4.36697640E-02 -0.500000000    
          33          23  0.500000000      -4.36697640E-02 -0.500000000    
          33          24  0.500000000      -4.36697640E-02 -0.500000000    
          33          25  0.500000000      -4.36697640E-02 -0.500000000    
          33          26  0.500000000      -4.36697640E-02 -0.500000000    
          33          27  0.500000000      -4.36697640E-02 -0.500000000    
          33          28  0.500000000      -4.36697640E-02 -0.500000000    
          33          29  0.500000000      -4.36697640E-02 -0.500000000    
          33          30  0.500000000      -4.36697640E-02 -0.500000000    
          33          31  0.500000000      -4.36697640E-02 -0.500000000    
          33          32  0.500000000      -4.36697640E-02 -0.500000000    
          33          33  0.500000000      -4.36697640E-02 -0.500000000    
