           1           1  0.500000000       4.81954068E-02 -0.500000000    
           1           2  0.500000000       4.81954068E-02 -0.500000000    
           1           3  0.500000000       4.81954068E-02 -0.500000000    
           1           4  0.500000000       4.81954068E-02 -0.500000000    
           1           5  0.500000000       4.81954068E-02 -0.500000000    
           1           6  0.499996573       4.81954068E-02 -0.500000000    
           1           7  0.499944955       4.81954068E-02 -0.500000000    
           1           8  0.499556214       4.81954142E-02 -0.500000000    
           1           9  0.497816861       4.81955297E-02 -0.500000000    
           1          10  0.492715895       4.81963083E-02 -0.500000000    
           1          11  0.481917292       4.81991880E-02 -0.500000000    
           1          12  0.464151114       4.82062362E-02 -0.500000000    
           1          13  0.440432996       4.82187197E-02 -0.500000000    
           1          14  0.414419413       4.82352190E-02 -0.500000000    
           1          15  0.391552478       4.82515395E-02 -0.500000000    
           1          16  0.377259970       4.82624248E-02 -0.500000000    
           1          17  0.375096440       4.82641123E-02 -0.500000000    
           1          18  0.385606438       4.82560135E-02 -0.500000000    
           1          19  0.406159669       4.82409447E-02 -0.500000000    
           1          20  0.431770146       4.82239313E-02 -0.500000000    
           1          21  0.456777215       4.82097976E-02 -0.500000000    
           1          22  0.476774454       4.82009798E-02 -0.500000000    
           1          23  0.489848286       4.81969416E-02 -0.500000000    
           1          24  0.496610940       4.81956564E-02 -0.500000000    
           1          25  0.499206901       4.81954217E-02 -0.500000000    
           1          26  0.499882579       4.81954068E-02 -0.500000000    
           1          27  0.499990374       4.81954068E-02 -0.500000000    
           1          28  0.499999762       4.81954068E-02 -0.500000000    
           1          29  0.500000000       4.81954068E-02 -0.500000000    
           1          30  0.500000000       4.81954068E-02 -0.500000000    
           1          31  0.500000000       4.81954068E-02 -0.500000000    
           1          32  0.500000000       4.81954068E-02 -0.500000000    
           1          33  0.500000000       4.81954068E-02 -0.500000000    
           2           1  0.500000000       4.81954068E-02 -0.500000000    
           2           2  0.500000000       4.81954068E-02 -0.500000000    
           2           3  0.500000000       4.81954068E-02 -0.500000000    
           2           4  0.499999970       4.81954068E-02 -0.500000000    
           2           5  0.499992520       4.81954068E-02 -0.500000000    
           2           6  0.499863714       4.81954068E-02 -0.500000000    
           2           7  0.498788297       4.81954403E-02 -0.500000000    
           2           8  0.493731290       4.81960662E-02 -0.500000000    
           2           9  0.478748590       4.82000932E-02 -0.500000000    
           2          10  0.446995974       4.82147671E-02 -0.500000000    
           2          11  0.394068480       4.82502319E-02 -0.500000000    
           2          12  0.321725965       4.83125485E-02 -0.500000000    
           2          13  0.240292162       4.83973399E-02 -0.500000000    
           2          14  0.165441886       4.84910645E-02 -0.500000000    
           2          15  0.110174008       4.85757738E-02 -0.500000000    
           2          16   8.01102817E-02   4.86309417E-02 -0.500000000    
           2          17   7.58413598E-02   4.86394987E-02 -0.500000000    
           2          18   9.72676501E-02   4.85984720E-02 -0.500000000    
           2          19  0.144411325       4.85212915E-02 -0.500000000    
           2          20  0.213836282       4.84284014E-02 -0.500000000    
           2          21  0.294857472       4.83388379E-02 -0.500000000    
           2          22  0.371778786       4.82679941E-02 -0.500000000    
           2          23  0.431783110       4.82238084E-02 -0.500000000    
           2          24  0.470329374       4.82033081E-02 -0.500000000    
           2          25  0.490189970       4.81967703E-02 -0.500000000    
           2          26  0.497786969       4.81955223E-02 -0.500000000    
           2          27  0.499698043       4.81954068E-02 -0.500000000    
           2          28  0.499978095       4.81954068E-02 -0.500000000    
           2          29  0.499999613       4.81954068E-02 -0.500000000    
           2          30  0.500000000       4.81954068E-02 -0.500000000    
           2          31  0.500000000       4.81954068E-02 -0.500000000    
           2          32  0.500000000       4.81954068E-02 -0.500000000    
           2          33  0.500000000       4.81954068E-02 -0.500000000    
           3           1  0.500000000       4.81954068E-02 -0.500000000    
           3           2  0.500000000       4.81954068E-02 -0.500000000    
           3           3  0.499999940       4.81954068E-02 -0.500000000    
           3           4  0.499989003       4.81954068E-02 -0.500000000    
           3           5  0.499767184       4.81954068E-02 -0.500000000    
           3           6  0.497677207       4.81955223E-02 -0.500000000    
           3           7  0.487209618       4.81974147E-02 -0.500000000    
           3           8  0.455639482       4.82096039E-02 -0.500000000    
           3           9  0.387835652       4.82530296E-02 -0.500000000    
           3          10  0.274066657       4.83543202E-02 -0.500000000    
           3          11  0.128694415       4.85320240E-02 -0.500000000    
           3          12  -8.52039084E-04   4.88218181E-02 -0.500000000    
           3          13  -7.26398826E-02   4.93078083E-02 -0.500000000    
           3          14  -8.97487402E-02   5.00057563E-02 -0.500000000    
           3          15  -8.12008306E-02   5.07432930E-02 -0.500000000    
           3          16  -7.06014186E-02   5.12507670E-02 -0.500000000    
           3          17  -6.87886849E-02   5.13302013E-02 -0.500000000    
           3          18  -7.71237761E-02   5.09505793E-02 -0.500000000    
           3          19  -8.83093774E-02   5.02602831E-02 -0.500000000    
           3          20  -8.31230432E-02   4.95215245E-02 -0.500000000    
           3          21  -3.20197642E-02   4.89579216E-02 -0.500000000    
           3          22   8.09762925E-02   4.86126877E-02 -0.500000000    
           3          23  0.227315173       4.84042764E-02 -0.500000000    
           3          24  0.355035156       4.82792296E-02 -0.500000000    
           3          25  0.437781394       4.82192524E-02 -0.500000000    
           3          26  0.479775161       4.81995605E-02 -0.500000000    
           3          27  0.495642573       4.81957495E-02 -0.500000000    
           3          28  0.499461144       4.81954105E-02 -0.500000000    
           3          29  0.499966115       4.81954068E-02 -0.500000000    
           3          30  0.499999344       4.81954068E-02 -0.500000000    
           3          31  0.500000000       4.81954068E-02 -0.500000000    
           3          32  0.500000000       4.81954068E-02 -0.500000000    
           3          33  0.500000000       4.81954068E-02 -0.500000000    
           4           1  0.500000000       4.81954068E-02 -0.500000000    
           4           2  0.499999970       4.81954068E-02 -0.500000000    
           4           3  0.499989003       4.81954068E-02 -0.500000000    
           4           4  0.499722242       4.81954068E-02 -0.500000000    
           4           5  0.496804386       4.81956005E-02 -0.500000000    
           4           6  0.480769694       4.81991395E-02 -0.500000000    
           4           7  0.430264682       4.82231565E-02 -0.500000000    
           4           8  0.318149716       4.83089089E-02 -0.500000000    
           4           9  0.136569574       4.85111885E-02 -0.500000000    
           4          10  -3.67678069E-02   4.89623509E-02 -0.500000000    
           4          11  -8.85705799E-02   5.01594692E-02 -0.500000000    
           4          12  -3.64692435E-02   5.26000224E-02 -0.500000000    
           4          13   3.67831960E-02   5.59326522E-02 -0.500000000    
           4          14   9.24664512E-02   5.92824630E-02 -0.500000000    
           4          15  0.126175717       6.19194061E-02 -0.500000000    
           4          16  0.142317623       6.34341389E-02 -0.500000000    
           4          17  0.144499719       6.36551976E-02 -0.500000000    
           4          18  0.133277267       6.25612885E-02 -0.500000000    
           4          19  0.105964072       6.02670386E-02 -0.500000000    
           4          20   5.78957573E-02   5.70900366E-02 -0.500000000    
           4          21  -1.14000775E-02   5.36525287E-02 -0.500000000    
           4          22  -7.82784075E-02   5.08322939E-02 -0.500000000    
           4          23  -6.99851736E-02   4.92430814E-02 -0.500000000    
           4          24   7.11126179E-02   4.86193486E-02 -0.500000000    
           4          25  0.263839871       4.83605377E-02 -0.500000000    
           4          26  0.401066571       4.82422449E-02 -0.500000000    
           4          27  0.469039917       4.82033417E-02 -0.500000000    
           4          28  0.493785203       4.81960028E-02 -0.500000000    
           4          29  0.499322355       4.81954105E-02 -0.500000000    
           4          30  0.499963969       4.81954068E-02 -0.500000000    
           4          31  0.499999523       4.81954068E-02 -0.500000000    
           4          32  0.500000000       4.81954068E-02 -0.500000000    
           4          33  0.500000000       4.81954068E-02 -0.500000000    
           5           1  0.500000000       4.81954068E-02 -0.500000000    
           5           2  0.499992520       4.81954068E-02 -0.500000000    
           5           3  0.499767184       4.81954068E-02 -0.500000000    
           5           4  0.496804386       4.81956005E-02 -0.500000000    
           5           5  0.478050828       4.81999740E-02 -0.500000000    
           5           6  0.413593918       4.82333340E-02 -0.500000000    
           5           7  0.262204021       4.83597778E-02 -0.500000000    
           5           8   3.44975479E-02   4.86909561E-02 -0.500000000    
           5           9  -8.89568329E-02   4.97938581E-02 -0.500000000    
           5          10  -2.25303434E-02   5.31425066E-02 -0.500000000    
           5          11   8.72844085E-02   5.89169413E-02 -0.500000000    
           5          12  0.160642177       6.55068681E-02 -0.500000000    
           5          13  0.197419047       7.14519322E-02 -0.500000000    
           5          14  0.212059617       7.60653242E-02 -0.500000000    
           5          15  0.215969265       7.91721269E-02 -0.500000000    
           5          16  0.216158167       8.08082223E-02 -0.500000000    
           5          17  0.216080055       8.10392946E-02 -0.500000000    
           5          18  0.216209531       7.98771307E-02 -0.500000000    
           5          19  0.214126110       7.72686303E-02 -0.500000000    
           5          20  0.204098314       7.31534734E-02 -0.500000000    
           5          21  0.176251531       6.76086545E-02 -0.500000000    
           5          22  0.116543680       6.11111335E-02 -0.500000000    
           5          23   1.58902518E-02   5.48611023E-02 -0.500000000    
           5          24  -8.20346400E-02   5.05976416E-02 -0.500000000    
           5          25  -2.93894205E-02   4.89100441E-02 -0.500000000    
           5          26  0.189372048       4.84384373E-02 -0.500000000    
           5          27  0.374785930       4.82608788E-02 -0.500000000    
           5          28  0.463520437       4.82055470E-02 -0.500000000    
           5          29  0.493465841       4.81960550E-02 -0.500000000    
           5          30  0.499395639       4.81954105E-02 -0.500000000    
           5          31  0.499973625       4.81954068E-02 -0.500000000    
           5          32  0.499999732       4.81954068E-02 -0.500000000    
           5          33  0.500000000       4.81954068E-02 -0.500000000    
           6           1  0.499996573       4.81954068E-02 -0.500000000    
           6           2  0.499863714       4.81954068E-02 -0.500000000    
           6           3  0.497677207       4.81955223E-02 -0.500000000    
           6           4  0.480769694       4.81991544E-02 -0.500000000    
           6           5  0.413593918       4.82333414E-02 -0.500000000    
           6           6  0.241008207       4.83804643E-02 -0.500000000    
           6           7  -1.15654860E-02   4.88270968E-02 -0.500000000    
           6           8  -7.82974884E-02   5.07833548E-02 -0.500000000    
           6           9   4.98768054E-02   5.65882735E-02 -0.500000000    
           6          10  0.158449262       6.53022900E-02 -0.500000000    
           6          11  0.206222519       7.41593838E-02 -0.500000000    
           6          12  0.214723811       8.15322101E-02 -0.500000000    
           6          13  0.203464851       8.69650990E-02 -0.500000000    
           6          14  0.185512558       9.05966833E-02 -0.500000000    
           6          15  0.169182181       9.27709267E-02 -0.500000000    
           6          16  0.159197167       9.38236117E-02 -0.500000000    
           6          17  0.157709673       9.39668640E-02 -0.500000000    
           6          18  0.164997295       9.32326317E-02 -0.500000000    
           6          19  0.179593846       9.14652199E-02 -0.500000000    
           6          20  0.197727889       8.83604288E-02 -0.500000000    
           6          21  0.212404862       8.35593864E-02 -0.500000000    
           6          22  0.212303638       7.68224746E-02 -0.500000000    
           6          23  0.180239692       6.83497339E-02 -0.500000000    
           6          24   9.32320431E-02   5.93147017E-02 -0.500000000    
           6          25  -4.38062921E-02   5.22453599E-02 -0.500000000    
           6          26  -6.69682771E-02   4.91820872E-02 -0.500000000    
           6          27  0.156353518       4.84777205E-02 -0.500000000    
           6          28  0.370600760       4.82639894E-02 -0.500000000    
           6          29  0.466377646       4.82043847E-02 -0.500000000    
           6          30  0.494921952       4.81958427E-02 -0.500000000    
           6          31  0.499618918       4.81954068E-02 -0.500000000    
           6          32  0.499986738       4.81954068E-02 -0.500000000    
           6          33  0.499999881       4.81954068E-02 -0.500000000    
           7           1  0.499944955       4.81954068E-02 -0.500000000    
           7           2  0.498788297       4.81954403E-02 -0.500000000    
           7           3  0.487209618       4.81974110E-02 -0.500000000    
           7           4  0.430264682       4.82231602E-02 -0.500000000    
           7           5  0.262204051       4.83597703E-02 -0.500000000    
           7           6  -1.15654133E-02   4.88270856E-02 -0.500000000    
           7           7  -6.84070736E-02   5.12324497E-02 -0.500000000    
           7           8   8.48229527E-02   5.87394349E-02 -0.500000000    
           7           9  0.186924219       6.95667490E-02 -0.500000000    
           7          10  0.214597195       7.99294561E-02 -0.500000000    
           7          11  0.198341742       8.79750475E-02 -0.500000000    
           7          12  0.162406147       9.33819562E-02 -0.500000000    
           7          13  0.122478016       9.65195075E-02 -0.500000000    
           7          14   8.80970880E-02   9.80252475E-02 -0.500000000    
           7          15   6.38723895E-02   9.85674486E-02 -0.500000000    
           7          16   5.09870835E-02   9.86850485E-02 -0.500000000    
           7          17   4.91437428E-02   9.86913517E-02 -0.500000000    
           7          18   5.83363213E-02   9.86332446E-02 -0.500000000    
           7          19   7.87780508E-02   9.82826501E-02 -0.500000000    
           7          20  0.110067390       9.71683040E-02 -0.500000000    
           7          21  0.148976162       9.46512595E-02 -0.500000000    
           7          22  0.187658265       9.00616199E-02 -0.500000000    
           7          23  0.212659717       8.29064026E-02 -0.500000000    
           7          24  0.202913806       7.32080638E-02 -0.500000000    
           7          25  0.128492773       6.21930920E-02 -0.500000000    
           7          26  -2.18998715E-02   5.31303026E-02 -0.500000000    
           7          27  -7.09720924E-02   4.92314249E-02 -0.500000000    
           7          28  0.173049465       4.84574027E-02 -0.500000000    
           7          29  0.390427113       4.82496060E-02 -0.500000000    
           7          30  0.475957453       4.82008047E-02 -0.500000000    
           7          31  0.497120380       4.81955819E-02 -0.500000000    
           7          32  0.499832302       4.81954068E-02 -0.500000000    
           7          33  0.499995649       4.81954068E-02 -0.500000000    
           8           1  0.499556214       4.81954142E-02 -0.500000000    
           8           2  0.493731290       4.81960662E-02 -0.500000000    
           8           3  0.455639482       4.82095964E-02 -0.500000000    
           8           4  0.318149745       4.83089089E-02 -0.500000000    
           8           5   3.44976634E-02   4.86909486E-02 -0.500000000    
           8           6  -7.82974660E-02   5.07833436E-02 -0.500000000    
           8           7   8.48227516E-02   5.87394238E-02 -0.500000000    
           8           8  0.194457829       7.10247159E-02 -0.500000000    
           8           9  0.212744296       8.26918334E-02 -0.500000000    
           8          10  0.179491535       9.13028196E-02 -0.500000000    
           8          11  0.123510316       9.64069963E-02 -0.500000000    
           8          12   6.67831674E-02   9.84878391E-02 -0.500000000    
           8          13   2.22711954E-02   9.84410271E-02 -0.500000000    
           8          14  -6.35482371E-03   9.72877666E-02 -0.500000000    
           8          15  -2.19492000E-02   9.59300026E-02 -0.500000000    
           8          16  -2.86365524E-02   9.50117409E-02 -0.500000000    
           8          17  -2.94320080E-02   9.48701352E-02 -0.500000000    
           8          18  -2.49693319E-02   9.55526605E-02 -0.500000000    
           8          19  -1.28721949E-02   9.68188941E-02 -0.500000000    
           8          20   1.11299530E-02   9.81314331E-02 -0.500000000    
           8          21   5.02794310E-02   9.86595750E-02 -0.500000000    
           8          22  0.103690468       9.73972157E-02 -0.500000000    
           8          23  0.161890104       9.33796018E-02 -0.500000000    
           8          24  0.205576211       8.59487280E-02 -0.500000000    
           8          25  0.208084330       7.51531646E-02 -0.500000000    
           8          26  0.132990316       6.26269355E-02 -0.500000000    
           8          27  -3.32173929E-02   5.26707321E-02 -0.500000000    
           8          28  -4.74287160E-02   4.90126051E-02 -0.500000000    
           8          29  0.235603988       4.83886302E-02 -0.500000000    
           8          30  0.425324112       4.82265688E-02 -0.500000000    
           8          31  0.487058491       4.81975004E-02 -0.500000000    
           8          32  0.498838484       4.81954440E-02 -0.500000000    
           8          33  0.499949008       4.81954068E-02 -0.500000000    
           9           1  0.497816861       4.81955297E-02 -0.500000000    
           9           2  0.478748560       4.82000895E-02 -0.500000000    
           9           3  0.387835652       4.82530184E-02 -0.500000000    
           9           4  0.136569843       4.85111810E-02 -0.500000000    
           9           5  -8.89567882E-02   4.97938544E-02 -0.500000000    
           9           6   4.98764291E-02   5.65882362E-02 -0.500000000    
           9           7  0.186923951       6.95667192E-02 -0.500000000    
           9           8  0.212744281       8.26917812E-02 -0.500000000    
           9           9  0.171227098       9.22973454E-02 -0.500000000    
           9          10  0.101846546       9.74732637E-02 -0.500000000    
           9          11   3.39617357E-02   9.86050665E-02 -0.500000000    
           9          12  -1.29079260E-02   9.67935398E-02 -0.500000000    
           9          13  -3.58244330E-02   9.34415236E-02 -0.500000000    
           9          14  -4.16688509E-02   8.98450986E-02 -0.500000000    
           9          15  -3.93041782E-02   8.69294479E-02 -0.500000000    
           9          16  -3.67409177E-02   8.52185339E-02 -0.500000000    
           9          17  -3.59116867E-02   8.49703252E-02 -0.500000000    
           9          18  -3.85937989E-02   8.62047821E-02 -0.500000000    
           9          19  -4.10624854E-02   8.87671709E-02 -0.500000000    
           9          20  -3.91616002E-02   9.22164768E-02 -0.500000000    
           9          21  -2.33836025E-02   9.57735032E-02 -0.500000000    
           9          22   1.54051632E-02   9.82580110E-02 -0.500000000    
           9          23   7.80484900E-02   9.82566476E-02 -0.500000000    
           9          24  0.150141597       9.45180506E-02 -0.500000000    
           9          25  0.204437569       8.63666311E-02 -0.500000000    
           9          26  0.205896541       7.41838440E-02 -0.500000000    
           9          27  0.109145448       6.05130754E-02 -0.500000000    
           9          28  -7.01287389E-02   5.11659309E-02 -0.500000000    
           9          29   2.94718146E-02   4.87089194E-02 -0.500000000    
           9          30  0.324822098       4.83045876E-02 -0.500000000    
           9          31  0.460687906       4.82074618E-02 -0.500000000    
           9          32  0.494984061       4.81958836E-02 -0.500000000    
           9          33  0.499668539       4.81954068E-02 -0.500000000    
          10           1  0.492715895       4.81963083E-02 -0.500000000    
          10           2  0.446995974       4.82147597E-02 -0.500000000    
          10           3  0.274066925       4.83543091E-02 -0.500000000    
          10           4  -3.67674194E-02   4.89623547E-02 -0.500000000    
          10           5  -2.25307345E-02   5.31424955E-02 -0.500000000    
          10           6  0.158449009       6.53022528E-02 -0.500000000    
          10           7  0.214597225       7.99294412E-02 -0.500000000    
          10           8  0.179491758       9.13028121E-02 -0.500000000    
          10           9  0.101846665       9.74732712E-02 -0.500000000    
          10          10   2.35841554E-02   9.84516889E-02 -0.500000000    
          10          11  -2.63688453E-02   9.53731537E-02 -0.500000000    
          10          12  -4.14440185E-02   9.00341198E-02 -0.500000000    
          10          13  -3.39287817E-02   8.41809064E-02 -0.500000000    
          10          14  -1.87698454E-02   7.90317804E-02 -0.500000000    
          10          15  -4.64484468E-03   7.52595514E-02 -0.500000000    
          10          16   4.13484359E-03   7.31720105E-02 -0.500000000    
          10          17   5.06511005E-03   7.28667602E-02 -0.500000000    
          10          18  -8.35841522E-04   7.43711367E-02 -0.500000000    
          10          19  -1.35641601E-02   7.76004642E-02 -0.500000000    
          10          20  -2.94424966E-02   8.23408365E-02 -0.500000000    
          10          21  -4.05963250E-02   8.80683586E-02 -0.500000000    
          10          22  -3.46670449E-02   9.37528759E-02 -0.500000000    
          10          23   3.00595490E-03   9.77952927E-02 -0.500000000    
          10          24   7.41463006E-02   9.83403251E-02 -0.500000000    
          10          25  0.155867979       9.39588621E-02 -0.500000000    
          10          26  0.210024863       8.42333287E-02 -0.500000000    
          10          27  0.190744489       7.02792779E-02 -0.500000000    
          10          28   4.65044603E-02   5.64190410E-02 -0.500000000    
          10          29  -8.64586160E-02   4.96104956E-02 -0.500000000    
          10          30  0.172726199       4.84673530E-02 -0.500000000    
          10          31  0.409307748       4.82383855E-02 -0.500000000    
          10          32  0.484954268       4.81982380E-02 -0.500000000    
          10          33  0.498610318       4.81954664E-02 -0.500000000    
          11           1  0.481917292       4.81991880E-02 -0.500000000    
          11           2  0.394068480       4.82502319E-02 -0.500000000    
          11           3  0.128694996       4.85320166E-02 -0.500000000    
          11           4  -8.85706246E-02   5.01594581E-02 -0.500000000    
          11           5   8.72836262E-02   5.89168817E-02 -0.500000000    
          11           6  0.206222415       7.41593167E-02 -0.500000000    
          11           7  0.198342130       8.79750326E-02 -0.500000000    
          11           8  0.123510733       9.64070261E-02 -0.500000000    
          11           9   3.39618847E-02   9.86050963E-02 -0.500000000    
          11          10  -2.63689868E-02   9.53731388E-02 -0.500000000    
          11          11  -4.12626266E-02   8.87339190E-02 -0.500000000    
          11          12  -2.48822048E-02   8.09755921E-02 -0.500000000    
          11          13   1.75403524E-03   7.37582743E-02 -0.500000000    
          11          14   2.63202433E-02   6.79563209E-02 -0.500000000    
          11          15   4.45138514E-02   6.39242381E-02 -0.500000000    
          11          16   5.39385937E-02   6.17458262E-02 -0.500000000    
          11          17   5.54289557E-02   6.14348687E-02 -0.500000000    
          11          18   4.84048389E-02   6.29895702E-02 -0.500000000    
          11          19   3.35414112E-02   6.64113462E-02 -0.500000000    
          11          20   1.03931334E-02   7.16396645E-02 -0.500000000    
          11          21  -1.66583266E-02   7.84493238E-02 -0.500000000    
          11          22  -3.80795859E-02   8.61739814E-02 -0.500000000    
          11          23  -3.58159244E-02   9.34231803E-02 -0.500000000    
          11          24   9.40018240E-03   9.80530828E-02 -0.500000000    
          11          25   9.26546752E-02   9.78217870E-02 -0.500000000    
          11          26  0.178248599       9.14700925E-02 -0.500000000    
          11          27  0.214713648       7.92152435E-02 -0.500000000    
          11          28  0.144539416       6.37051463E-02 -0.500000000    
          11          29  -5.13608307E-02   5.19783869E-02 -0.500000000    
          11          30   1.53391026E-02   4.87621576E-02 -0.500000000    
          11          31  0.329075366       4.83042002E-02 -0.500000000    
          11          32  0.465611339       4.82056886E-02 -0.500000000    
          11          33  0.495862693       4.81957719E-02 -0.500000000    
          12           1  0.464151174       4.82062362E-02 -0.500000000    
          12           2  0.321726203       4.83125374E-02 -0.500000000    
          12           3  -8.51246994E-04   4.88218181E-02 -0.500000000    
          12           4  -3.64701226E-02   5.25999665E-02 -0.500000000    
          12           5  0.160641626       6.55067787E-02 -0.500000000    
          12           6  0.214723930       8.15321505E-02 -0.500000000    
          12           7  0.162406608       9.33819190E-02 -0.500000000    
          12           8   6.67836592E-02   9.84878615E-02 -0.500000000    
          12           9  -1.29077425E-02   9.67935920E-02 -0.500000000    
          12          10  -4.14440930E-02   9.00341943E-02 -0.500000000    
          12          11  -2.48822831E-02   8.09756219E-02 -0.500000000    
          12          12   9.40921344E-03   7.19431713E-02 -0.500000000    
          12          13   4.29346897E-02   6.42270744E-02 -0.500000000    
          12          14   6.88931569E-02   5.83259128E-02 -0.500000000    
          12          15   8.57753679E-02   5.43344095E-02 -0.500000000    
          12          16   9.41250324E-02   5.22086471E-02 -0.500000000    
          12          17   9.54982042E-02   5.19092605E-02 -0.500000000    
          12          18   8.92996415E-02   5.34194000E-02 -0.500000000    
          12          19   7.55470246E-02   5.67850955E-02 -0.500000000    
          12          20   5.27576394E-02   6.20503612E-02 -0.500000000    
          12          21   2.10220050E-02   6.91857263E-02 -0.500000000    
          12          22  -1.45320781E-02   7.78742582E-02 -0.500000000    
          12          23  -3.97289768E-02   8.71345401E-02 -0.500000000    
          12          24  -2.87074856E-02   9.49723423E-02 -0.500000000    
          12          25   3.58306542E-02   9.86283347E-02 -0.500000000    
          12          26  0.132578164       9.58778858E-02 -0.500000000    
          12          27  0.205943748       8.61452445E-02 -0.500000000    
          12          28  0.194932237       7.09791332E-02 -0.500000000    
          12          29   3.69320735E-02   5.59310950E-02 -0.500000000    
          12          30  -7.58903697E-02   4.93496172E-02 -0.500000000    
          12          31  0.227554187       4.84091304E-02 -0.500000000    
          12          32  0.435941011       4.82220091E-02 -0.500000000    
          12          33  0.490577251       4.81967181E-02 -0.500000000    
          13           1  0.440433055       4.82187197E-02 -0.500000000    
          13           2  0.240292862       4.83973250E-02 -0.500000000    
          13           3  -7.26393312E-02   4.93078046E-02 -0.500000000    
          13           4   3.67820300E-02   5.59325777E-02 -0.500000000    
          13           5  0.197418898       7.14518502E-02 -0.500000000    
          13           6  0.203465432       8.69650468E-02 -0.500000000    
          13           7  0.122478820       9.65195373E-02 -0.500000000    
          13           8   2.22717877E-02   9.84410867E-02 -0.500000000    
          13           9  -3.58243398E-02   9.34416056E-02 -0.500000000    
          13          10  -3.39289494E-02   8.41809511E-02 -0.500000000    
          13          11   1.75386644E-03   7.37583488E-02 -0.500000000    
          13          12   4.29347605E-02   6.42270818E-02 -0.500000000    
          13          13   7.67511874E-02   5.64738549E-02 -0.500000000    
          13          14  0.100202136       5.07058203E-02 -0.500000000    
          13          15  0.114107743       4.68605235E-02 -0.500000000    
          13          16  0.120959207       4.48333062E-02 -0.500000000    
          13          17  0.121903755       4.45466042E-02 -0.500000000    
          13          18  0.117144845       4.59881723E-02 -0.500000000    
          13          19  0.105629250       4.92142215E-02 -0.500000000    
          13          20   8.58572572E-02   5.43329492E-02 -0.500000000    
          13          21   5.54834530E-02   6.14270940E-02 -0.500000000    
          13          22   1.56329721E-02   7.04159141E-02 -0.500000000    
          13          23  -2.44385153E-02   8.07027444E-02 -0.500000000    
          13          24  -4.15191576E-02   9.06601623E-02 -0.500000000    
          13          25  -3.82502936E-03   9.74445120E-02 -0.500000000    
          13          26   8.77894759E-02   9.80174989E-02 -0.500000000    
          13          27  0.182726264       9.09492299E-02 -0.500000000    
          13          28  0.213309973       7.70410672E-02 -0.500000000    
          13          29  0.108655483       6.04778342E-02 -0.500000000    
          13          30  -8.62427279E-02   5.04121706E-02 -0.500000000    
          13          31  0.125278816       4.85460982E-02 -0.500000000    
          13          32  0.398427606       4.82484438E-02 -0.500000000    
          13          33  0.482659847       4.81987596E-02 -0.500000000    
          14           1  0.414419711       4.82352190E-02 -0.500000000    
          14           2  0.165442944       4.84910533E-02 -0.500000000    
          14           3  -8.97489116E-02   5.00057414E-02 -0.500000000    
          14           4   9.24653187E-02   5.92823699E-02 -0.500000000    
          14           5  0.212059677       7.60652199E-02 -0.500000000    
          14           6  0.185513496       9.05966610E-02 -0.500000000    
          14           7   8.80979449E-02   9.80252773E-02 -0.500000000    
          14           8  -6.35429937E-03   9.72878784E-02 -0.500000000    
          14           9  -4.16691378E-02   8.98452327E-02 -0.500000000    
          14          10  -1.87702850E-02   7.90319070E-02 -0.500000000    
          14          11   2.63200458E-02   6.79563954E-02 -0.500000000    
          14          12   6.88931495E-02   5.83259352E-02 -0.500000000    
          14          13  0.100202061       5.07058464E-02 -0.500000000    
          14          14  0.120018132       4.51210327E-02 -0.500000000    
          14          15  0.131177738       4.14315127E-02 -0.500000000    
          14          16  0.136765599       3.94996032E-02 -0.500000000    
          14          17  0.137236774       3.92238162E-02 -0.500000000    
          14          18  0.133793294       4.06007878E-02 -0.500000000    
          14          19  0.124429002       4.36864272E-02 -0.500000000    
          14          20  0.107798360       4.86229435E-02 -0.500000000    
          14          21   8.09395909E-02   5.55582270E-02 -0.500000000    
          14          22   4.17756438E-02   6.45424798E-02 -0.500000000    
          14          23  -4.57245205E-03   7.52531216E-02 -0.500000000    
          14          24  -3.87529209E-02   8.64369795E-02 -0.500000000    
          14          25  -2.60060746E-02   9.54071358E-02 -0.500000000    
          14          26   5.24291024E-02   9.86639485E-02 -0.500000000    
          14          27  0.157194704       9.39645171E-02 -0.500000000    
          14          28  0.215344742       8.15109313E-02 -0.500000000    
          14          29  0.152860314       6.45662993E-02 -0.500000000    
          14          30  -5.63537814E-02   5.18288687E-02 -0.500000000    
          14          31   4.41891551E-02   4.87038679E-02 -0.500000000    
          14          32  0.359100342       4.82811332E-02 -0.500000000    
          14          33  0.473221064       4.82018925E-02 -0.500000000    
          15           1  0.391552836       4.82515395E-02 -0.500000000    
          15           2  0.110175401       4.85757738E-02 -0.500000000    
          15           3  -8.12015608E-02   5.07432446E-02 -0.500000000    
          15           4  0.126174763       6.19192794E-02 -0.500000000    
          15           5  0.215969637       7.91720301E-02 -0.500000000    
          15           6  0.169183254       9.27709416E-02 -0.500000000    
          15           7   6.38734177E-02   9.85675305E-02 -0.500000000    
          15           8  -2.19487380E-02   9.59301889E-02 -0.500000000    
          15           9  -3.93044762E-02   8.69296044E-02 -0.500000000    
          15          10  -4.64536482E-03   7.52596855E-02 -0.500000000    
          15          11   4.45135050E-02   6.39243051E-02 -0.500000000    
          15          12   8.57752711E-02   5.43343909E-02 -0.500000000    
          15          13  0.114107810       4.68605720E-02 -0.500000000    
          15          14  0.131177679       4.14315611E-02 -0.500000000    
          15          15  0.140889511       3.78694423E-02 -0.500000000    
          15          16  0.145224601       3.60074826E-02 -0.500000000    
          15          17  0.145676613       3.57418582E-02 -0.500000000    
          15          18  0.142792031       3.70674655E-02 -0.500000000    
          15          19  0.135334209       4.00472619E-02 -0.500000000    
          15          20  0.120632358       4.48291972E-02 -0.500000000    
          15          21   9.64863673E-02   5.16069084E-02 -0.500000000    
          15          22   5.97839206E-02   6.05035834E-02 -0.500000000    
          15          23   1.18585713E-02   7.13456199E-02 -0.500000000    
          15          24  -3.16499844E-02   8.31538737E-02 -0.500000000    
          15          25  -3.60582396E-02   9.34607759E-02 -0.500000000    
          15          26   2.92933751E-02   9.85767841E-02 -0.500000000    
          15          27  0.136618897       9.56530869E-02 -0.500000000    
          15          28  0.211385906       8.44176561E-02 -0.500000000    
          15          29  0.176501542       6.75771832E-02 -0.500000000    
          15          30  -2.32406519E-02   5.31850606E-02 -0.500000000    
          15          31  -6.51062466E-03   4.88594063E-02 -0.500000000    
          15          32  0.325811088       4.83119935E-02 -0.500000000    
          15          33  0.464421779       4.82053198E-02 -0.500000000    
          16           1  0.377260327       4.82624210E-02 -0.500000000    
          16           2   8.01118165E-02   4.86309379E-02 -0.500000000    
          16           3  -7.06023946E-02   5.12507074E-02 -0.500000000    
          16           4  0.142316744       6.34340048E-02 -0.500000000    
          16           5  0.216158777       8.08081776E-02 -0.500000000    
          16           6  0.159198433       9.38235894E-02 -0.500000000    
          16           7   5.09881526E-02   9.86851081E-02 -0.500000000    
          16           8  -2.86362283E-02   9.50118750E-02 -0.500000000    
          16           9  -3.67413573E-02   8.52186456E-02 -0.500000000    
          16          10   4.13430994E-03   7.31721371E-02 -0.500000000    
          16          11   5.39382845E-02   6.17458485E-02 -0.500000000    
          16          12   9.41250026E-02   5.22086322E-02 -0.500000000    
          16          13  0.120959178       4.48333248E-02 -0.500000000    
          16          14  0.136765495       3.94995958E-02 -0.500000000    
          16          15  0.145224631       3.60074788E-02 -0.500000000    
          16          16  0.148729220       3.41814049E-02 -0.500000000    
          16          17  0.149357960       3.39241400E-02 -0.500000000    
          16          18  0.146712735       3.52195464E-02 -0.500000000    
          16          19  0.140303418       3.81416865E-02 -0.500000000    
          16          20  0.127302155       4.28377651E-02 -0.500000000    
          16          21  0.104519404       4.95123789E-02 -0.500000000    
          16          22   6.88387156E-02   5.83310165E-02 -0.500000000    
          16          23   2.10779067E-02   6.92022294E-02 -0.500000000    
          16          24  -2.64557395E-02   8.12728554E-02 -0.500000000    
          16          25  -3.91899720E-02   9.22393128E-02 -0.500000000    
          16          26   1.75668728E-02   9.83437002E-02 -0.500000000    
          16          27  0.124715053       9.64234918E-02 -0.500000000    
          16          28  0.207582593       8.59145820E-02 -0.500000000    
          16          29  0.186930358       6.92451149E-02 -0.500000000    
          16          30  -2.99267843E-03   5.40561192E-02 -0.500000000    
          16          31  -3.03485356E-02   4.89679798E-02 -0.500000000    
          16          32  0.305566162       4.83320281E-02 -0.500000000    
          16          33  0.458714664       4.82077636E-02 -0.500000000    
          17           1  0.375096917       4.82641123E-02 -0.500000000    
          17           2   7.58428499E-02   4.86394949E-02 -0.500000000    
          17           3  -6.87898397E-02   5.13301305E-02 -0.500000000    
          17           4  0.144498840       6.36551008E-02 -0.500000000    
          17           5  0.216080666       8.10392126E-02 -0.500000000    
          17           6  0.157711029       9.39668417E-02 -0.500000000    
          17           7   4.91448231E-02   9.86914560E-02 -0.500000000    
          17           8  -2.94318367E-02   9.48702767E-02 -0.500000000    
          17           9  -3.59120667E-02   8.49704817E-02 -0.500000000    
          17          10   5.06466441E-03   7.28668347E-02 -0.500000000    
          17          11   5.54286316E-02   6.14349060E-02 -0.500000000    
          17          12   9.54980105E-02   5.19093461E-02 -0.500000000    
          17          13  0.121903703       4.45466749E-02 -0.500000000    
          17          14  0.137236640       3.92238647E-02 -0.500000000    
          17          15  0.145676628       3.57418805E-02 -0.500000000    
          17          16  0.149357855       3.39241326E-02 -0.500000000    
          17          17  0.149714485       3.36654186E-02 -0.500000000    
          17          18  0.147315219       3.49585339E-02 -0.500000000    
          17          19  0.140880212       3.78699042E-02 -0.500000000    
          17          20  0.127795085       4.25526351E-02 -0.500000000    
          17          21  0.105596043       4.92170304E-02 -0.500000000    
          17          22   7.05367923E-02   5.80257811E-02 -0.500000000    
          17          23   2.25159116E-02   6.88939169E-02 -0.500000000    
          17          24  -2.52443198E-02   8.10030699E-02 -0.500000000    
          17          25  -3.97235826E-02   9.20529887E-02 -0.500000000    
          17          26   1.59388557E-02   9.82998237E-02 -0.500000000    
          17          27  0.122980364       9.65252519E-02 -0.500000000    
          17          28  0.206947491       8.61240476E-02 -0.500000000    
          17          29  0.188289225       6.94852918E-02 -0.500000000    
          17          30  -1.71242282E-05   5.41887209E-02 -0.500000000    
          17          31  -3.34985480E-02   4.89853099E-02 -0.500000000    
          17          32  0.302538216       4.83351052E-02 -0.500000000    
          17          33  0.457837671       4.82081510E-02 -0.500000000    
          18           1  0.385606766       4.82560135E-02 -0.500000000    
          18           2   9.72690359E-02   4.85984683E-02 -0.500000000    
          18           3  -7.71245584E-02   5.09505272E-02 -0.500000000    
          18           4  0.133276358       6.25611693E-02 -0.500000000    
          18           5  0.216209948       7.98770338E-02 -0.500000000    
          18           6  0.164998442       9.32326019E-02 -0.500000000    
          18           7   5.83373681E-02   9.86333042E-02 -0.500000000    
          18           8  -2.49688756E-02   9.55527723E-02 -0.500000000    
          18           9  -3.85942087E-02   8.62049237E-02 -0.500000000    
          18          10  -8.36365856E-04   7.43712783E-02 -0.500000000    
          18          11   4.84044813E-02   6.29896373E-02 -0.500000000    
          18          12   8.92995372E-02   5.34194745E-02 -0.500000000    
          18          13  0.117144868       4.59882393E-02 -0.500000000    
          18          14  0.133793339       4.06007878E-02 -0.500000000    
          18          15  0.142792135       3.70674692E-02 -0.500000000    
          18          16  0.146712691       3.52195613E-02 -0.500000000    
          18          17  0.147315308       3.49585414E-02 -0.500000000    
          18          18  0.144506708       3.62706892E-02 -0.500000000    
          18          19  0.137498617       3.92268114E-02 -0.500000000    
          18          20  0.123760439       4.39737178E-02 -0.500000000    
          18          21  0.100093536       5.07061779E-02 -0.500000000    
          18          22   6.35232404E-02   5.95691912E-02 -0.500000000    
          18          23   1.56999305E-02   7.04295263E-02 -0.500000000    
          18          24  -2.96497736E-02   8.23549479E-02 -0.500000000    
          18          25  -3.74525599E-02   9.29532200E-02 -0.500000000    
          18          26   2.41841171E-02   9.84928384E-02 -0.500000000    
          18          27  0.131576538       9.59956273E-02 -0.500000000    
          18          28  0.209894955       8.50656331E-02 -0.500000000    
          18          29  0.181167871       6.82889074E-02 -0.500000000    
          18          30  -1.47062894E-02   5.35461679E-02 -0.500000000    
          18          31  -1.70900896E-02   4.89034094E-02 -0.500000000    
          18          32  0.317337334       4.83202711E-02 -0.500000000    
          18          33  0.462066084       4.82063070E-02 -0.500000000    
          19           1  0.406159908       4.82409447E-02 -0.500000000    
          19           2  0.144412488       4.85212877E-02 -0.500000000    
          19           3  -8.83098096E-02   5.02602570E-02 -0.500000000    
          19           4  0.105962977       6.02669269E-02 -0.500000000    
          19           5  0.214126244       7.72685483E-02 -0.500000000    
          19           6  0.179594606       9.14651752E-02 -0.500000000    
          19           7   7.87791461E-02   9.82827246E-02 -0.500000000    
          19           8  -1.28716798E-02   9.68189836E-02 -0.500000000    
          19           9  -4.10627723E-02   8.87672827E-02 -0.500000000    
          19          10  -1.35645345E-02   7.76005611E-02 -0.500000000    
          19          11   3.35411839E-02   6.64113760E-02 -0.500000000    
          19          12   7.55470097E-02   5.67851290E-02 -0.500000000    
          19          13  0.105629221       4.92142588E-02 -0.500000000    
          19          14  0.124428935       4.36864384E-02 -0.500000000    
          19          15  0.135334238       4.00472172E-02 -0.500000000    
          19          16  0.140303314       3.81416529E-02 -0.500000000    
          19          17  0.140880287       3.78699079E-02 -0.500000000    
          19          18  0.137498632       3.92267741E-02 -0.500000000    
          19          19  0.129018590       4.22728993E-02 -0.500000000    
          19          20  0.112833120       4.71492298E-02 -0.500000000    
          19          21   8.68331492E-02   5.40282540E-02 -0.500000000    
          19          22   4.87545878E-02   6.29898980E-02 -0.500000000    
          19          23   1.63183780E-03   7.37642273E-02 -0.500000000    
          19          24  -3.66473719E-02   8.52071196E-02 -0.500000000    
          19          25  -3.05377301E-02   9.47092474E-02 -0.500000000    
          19          26   4.33867425E-02   9.86831412E-02 -0.500000000    
          19          27  0.149542168       9.46521983E-02 -0.500000000    
          19          28  0.214313373       8.26466084E-02 -0.500000000    
          19          29  0.162609249       6.57082275E-02 -0.500000000    
          19          30  -4.45123985E-02   5.23109846E-02 -0.500000000    
          19          31   2.39094775E-02   4.87577654E-02 -0.500000000    
          19          32  0.346944869       4.82920781E-02 -0.500000000    
          19          33  0.470092237       4.82030585E-02 -0.500000000    
          20           1  0.431770265       4.82239313E-02 -0.500000000    
          20           2  0.213837132       4.84283902E-02 -0.500000000    
          20           3  -8.31226632E-02   4.95215133E-02 -0.500000000    
          20           4   5.78944832E-02   5.70899509E-02 -0.500000000    
          20           5  0.204098150       7.31533766E-02 -0.500000000    
          20           6  0.197728559       8.83603990E-02 -0.500000000    
          20           7  0.110068291       9.71683040E-02 -0.500000000    
          20           8   1.11305965E-02   9.81315449E-02 -0.500000000    
          20           9  -3.91616300E-02   9.22165960E-02 -0.500000000    
          20          10  -2.94427015E-02   8.23409036E-02 -0.500000000    
          20          11   1.03929462E-02   7.16397464E-02 -0.500000000    
          20          12   5.27577288E-02   6.20503575E-02 -0.500000000    
          20          13   8.58571827E-02   5.43329790E-02 -0.500000000    
          20          14  0.107798383       4.86229397E-02 -0.500000000    
          20          15  0.120632358       4.48291898E-02 -0.500000000    
          20          16  0.127302259       4.28377241E-02 -0.500000000    
          20          17  0.127795190       4.25525978E-02 -0.500000000    
          20          18  0.123760492       4.39737216E-02 -0.500000000    
          20          19  0.112833045       4.71492447E-02 -0.500000000    
          20          20   9.41324756E-02   5.22083081E-02 -0.500000000    
          20          21   6.52496517E-02   5.92582151E-02 -0.500000000    
          20          22   2.53634267E-02   6.82645738E-02 -0.500000000    
          20          23  -1.78002454E-02   7.87393525E-02 -0.500000000    
          20          24  -4.13112678E-02   8.91949981E-02 -0.500000000    
          20          25  -1.30154975E-02   9.68063846E-02 -0.500000000    
          20          26   7.46820495E-02   9.83591601E-02 -0.500000000    
          20          27  0.174029708       9.21307281E-02 -0.500000000    
          20          28  0.215191066       7.87114948E-02 -0.500000000    
          20          29  0.126205564       6.19314276E-02 -0.500000000    
          20          30  -7.84654617E-02   5.08620664E-02 -0.500000000    
          20          31   9.51038748E-02   4.85970862E-02 -0.500000000    
          20          32  0.385144860       4.82589826E-02 -0.500000000    
          20          33  0.479592472       4.81996946E-02 -0.500000000    
          21           1  0.456777275       4.82097976E-02 -0.500000000    
          21           2  0.294858038       4.83388379E-02 -0.500000000    
          21           3  -3.20189148E-02   4.89579365E-02 -0.500000000    
          21           4  -1.14010535E-02   5.36524579E-02 -0.500000000    
          21           5  0.176251203       6.76085502E-02 -0.500000000    
          21           6  0.212405354       8.35593417E-02 -0.500000000    
          21           7  0.148976952       9.46512669E-02 -0.500000000    
          21           8   5.02799600E-02   9.86596420E-02 -0.500000000    
          21           9  -2.33835429E-02   9.57734883E-02 -0.500000000    
          21          10  -4.05963324E-02   8.80684182E-02 -0.500000000    
          21          11  -1.66583359E-02   7.84493983E-02 -0.500000000    
          21          12   2.10220590E-02   6.91857412E-02 -0.500000000    
          21          13   5.54835126E-02   6.14271313E-02 -0.500000000    
          21          14   8.09397176E-02   5.55582158E-02 -0.500000000    
          21          15   9.64862630E-02   5.16068637E-02 -0.500000000    
          21          16  0.104519419       4.95123379E-02 -0.500000000    
          21          17  0.105596215       4.92169671E-02 -0.500000000    
          21          18  0.100093596       5.07061221E-02 -0.500000000    
          21          19   8.68333131E-02   5.40281869E-02 -0.500000000    
          21          20   6.52496293E-02   5.92582002E-02 -0.500000000    
          21          21   3.35790366E-02   6.64035082E-02 -0.500000000    
          21          22  -4.60382458E-03   7.52417371E-02 -0.500000000    
          21          23  -3.59475873E-02   8.49370956E-02 -0.500000000    
          21          24  -3.54086943E-02   9.35982689E-02 -0.500000000    
          21          25   2.07202230E-02   9.83990654E-02 -0.500000000    
          21          26  0.116968974       9.68061090E-02 -0.500000000    
          21          27  0.199094146       8.79714340E-02 -0.500000000    
          21          28  0.203730151       7.31658190E-02 -0.500000000    
          21          29   6.39618412E-02   5.74399978E-02 -0.500000000    
          21          30  -8.68155807E-02   4.96486016E-02 -0.500000000    
          21          31  0.192320511       4.84517291E-02 -0.500000000    
          21          32  0.424074113       4.82297726E-02 -0.500000000    
          21          33  0.488202065       4.81972657E-02 -0.500000000    
          22           1  0.476774454       4.82009798E-02 -0.500000000    
          22           2  0.371779025       4.82679941E-02 -0.500000000    
          22           3   8.09771195E-02   4.86126803E-02 -0.500000000    
          22           4  -7.82786608E-02   5.08322679E-02 -0.500000000    
          22           5  0.116542906       6.11110628E-02 -0.500000000    
          22           6  0.212303698       7.68224224E-02 -0.500000000    
          22           7  0.187658876       9.00615901E-02 -0.500000000    
          22           8  0.103690840       9.73972231E-02 -0.500000000    
          22           9   1.54055078E-02   9.82579887E-02 -0.500000000    
          22          10  -3.46670486E-02   9.37529057E-02 -0.500000000    
          22          11  -3.80795933E-02   8.61739963E-02 -0.500000000    
          22          12  -1.45320958E-02   7.78742880E-02 -0.500000000    
          22          13   1.56330913E-02   7.04159141E-02 -0.500000000    
          22          14   4.17757146E-02   6.45424724E-02 -0.500000000    
          22          15   5.97841293E-02   6.05035573E-02 -0.500000000    
          22          16   6.88389540E-02   5.83309308E-02 -0.500000000    
          22          17   7.05372170E-02   5.80256917E-02 -0.500000000    
          22          18   6.35235831E-02   5.95690981E-02 -0.500000000    
          22          19   4.87548001E-02   6.29897937E-02 -0.500000000    
          22          20   2.53635440E-02   6.82645589E-02 -0.500000000    
          22          21  -4.60378174E-03   7.52416924E-02 -0.500000000    
          22          22  -3.22905555E-02   8.33889395E-02 -0.500000000    
          22          23  -4.03532609E-02   9.14414302E-02 -0.500000000    
          22          24  -6.94697257E-03   9.72546786E-02 -0.500000000    
          22          25   7.23727494E-02   9.83855128E-02 -0.500000000    
          22          26  0.163759023       9.32335258E-02 -0.500000000    
          22          27  0.214372933       8.17687139E-02 -0.500000000    
          22          28  0.166049242       6.62118420E-02 -0.500000000    
          22          29  -2.27135122E-02   5.31556830E-02 -0.500000000    
          22          30  -2.48831213E-02   4.89136279E-02 -0.500000000    
          22          31  0.296800047       4.83350232E-02 -0.500000000    
          22          32  0.456825674       4.82100099E-02 -0.500000000    
          22          33  0.494409353       4.81959879E-02 -0.500000000    
          23           1  0.489848286       4.81969416E-02 -0.500000000    
          23           2  0.431783110       4.82238010E-02 -0.500000000    
          23           3  0.227315560       4.84042689E-02 -0.500000000    
          23           4  -6.99848980E-02   4.92430627E-02 -0.500000000    
          23           5   1.58896409E-02   5.48610464E-02 -0.500000000    
          23           6  0.180239394       6.83496594E-02 -0.500000000    
          23           7  0.212659955       8.29063579E-02 -0.500000000    
          23           8  0.161890328       9.33795869E-02 -0.500000000    
          23           9   7.80485272E-02   9.82566476E-02 -0.500000000    
          23          10   3.00597260E-03   9.77953002E-02 -0.500000000    
          23          11  -3.58158574E-02   9.34231877E-02 -0.500000000    
          23          12  -3.97289842E-02   8.71345028E-02 -0.500000000    
          23          13  -2.44384911E-02   8.07027072E-02 -0.500000000    
          23          14  -4.57222061E-03   7.52530470E-02 -0.500000000    
          23          15   1.18590314E-02   7.13454857E-02 -0.500000000    
          23          16   2.10782196E-02   6.92020580E-02 -0.500000000    
          23          17   2.25163028E-02   6.88938051E-02 -0.500000000    
          23          18   1.57003310E-02   7.04294294E-02 -0.500000000    
          23          19   1.63215119E-03   7.37641901E-02 -0.500000000    
          23          20  -1.77999623E-02   7.87393153E-02 -0.500000000    
          23          21  -3.59475724E-02   8.49370658E-02 -0.500000000    
          23          22  -4.03532013E-02   9.14414153E-02 -0.500000000    
          23          23  -1.45625276E-02   9.66769457E-02 -0.500000000    
          23          24   4.97621670E-02   9.86414254E-02 -0.500000000    
          23          25  0.135054439       9.56401825E-02 -0.500000000    
          23          26  0.202228978       8.69771168E-02 -0.500000000    
          23          27  0.203797787       7.34381825E-02 -0.500000000    
          23          28   8.46429840E-02   5.87315336E-02 -0.500000000    
          23          29  -8.80253315E-02   5.02007864E-02 -0.500000000    
          23          30  0.117045678       4.85462844E-02 -0.500000000    
          23          31  0.385692298       4.82559502E-02 -0.500000000    
          23          32  0.479652345       4.81999554E-02 -0.500000000    
          23          33  0.497931898       4.81955223E-02 -0.500000000    
          24           1  0.496610940       4.81956564E-02 -0.500000000    
          24           2  0.470329314       4.82033007E-02 -0.500000000    
          24           3  0.355035245       4.82792258E-02 -0.500000000    
          24           4   7.11131021E-02   4.86193337E-02 -0.500000000    
          24           5  -8.20347816E-02   5.05976304E-02 -0.500000000    
          24           6   9.32316035E-02   5.93146645E-02 -0.500000000    
          24           7  0.202913776       7.32080340E-02 -0.500000000    
          24           8  0.205576286       8.59487057E-02 -0.500000000    
          24           9  0.150141612       9.45180133E-02 -0.500000000    
          24          10   7.41462186E-02   9.83402655E-02 -0.500000000    
          24          11   9.39997099E-03   9.80530232E-02 -0.500000000    
          24          12  -2.87074335E-02   9.49723050E-02 -0.500000000    
          24          13  -4.15188707E-02   9.06601101E-02 -0.500000000    
          24          14  -3.87525484E-02   8.64368156E-02 -0.500000000    
          24          15  -3.16494964E-02   8.31537768E-02 -0.500000000    
          24          16  -2.64553651E-02   8.12727511E-02 -0.500000000    
          24          17  -2.52439287E-02   8.10029581E-02 -0.500000000    
          24          18  -2.96494067E-02   8.23548138E-02 -0.500000000    
          24          19  -3.66471261E-02   8.52070004E-02 -0.500000000    
          24          20  -4.13111560E-02   8.91949087E-02 -0.500000000    
          24          21  -3.54086086E-02   9.35982019E-02 -0.500000000    
          24          22  -6.94708806E-03   9.72546637E-02 -0.500000000    
          24          23   4.97620068E-02   9.86414701E-02 -0.500000000    
          24          24  0.125059500       9.63005796E-02 -0.500000000    
          24          25  0.191270515       8.93272907E-02 -0.500000000    
          24          26  0.213188410       7.78052956E-02 -0.500000000    
          24          27  0.144311205       6.37221187E-02 -0.500000000    
          24          28  -3.61545607E-02   5.25693372E-02 -0.500000000    
          24          29  -2.67582238E-02   4.89046350E-02 -0.500000000    
          24          30  0.278775960       4.83480729E-02 -0.500000000    
          24          31  0.446688145       4.82146591E-02 -0.500000000    
          24          32  0.492504954       4.81963344E-02 -0.500000000    
          24          33  0.499441803       4.81954180E-02 -0.500000000    
          25           1  0.499206901       4.81954217E-02 -0.500000000    
          25           2  0.490189970       4.81967703E-02 -0.500000000    
          25           3  0.437781394       4.82192412E-02 -0.500000000    
          25           4  0.263840020       4.83605303E-02 -0.500000000    
          25           5  -2.93892752E-02   4.89100479E-02 -0.500000000    
          25           6  -4.38064709E-02   5.22453599E-02 -0.500000000    
          25           7  0.128492534       6.21930696E-02 -0.500000000    
          25           8  0.208084345       7.51530901E-02 -0.500000000    
          25           9  0.204437569       8.63666162E-02 -0.500000000    
          25          10  0.155867770       9.39588472E-02 -0.500000000    
          25          11   9.26543176E-02   9.78217125E-02 -0.500000000    
          25          12   3.58302630E-02   9.86283198E-02 -0.500000000    
          25          13  -3.82547523E-03   9.74444374E-02 -0.500000000    
          25          14  -2.60063726E-02   9.54070091E-02 -0.500000000    
          25          15  -3.60584669E-02   9.34606567E-02 -0.500000000    
          25          16  -3.91899720E-02   9.22392085E-02 -0.500000000    
          25          17  -3.97235379E-02   9.20528397E-02 -0.500000000    
          25          18  -3.74527015E-02   9.29530710E-02 -0.500000000    
          25          19  -3.05378698E-02   9.47091505E-02 -0.500000000    
          25          20  -1.30158374E-02   9.68063325E-02 -0.500000000    
          25          21   2.07197890E-02   9.83990207E-02 -0.500000000    
          25          22   7.23723471E-02   9.83854905E-02 -0.500000000    
          25          23  0.135054231       9.56401527E-02 -0.500000000    
          25          24  0.191270456       8.93272981E-02 -0.500000000    
          25          25  0.213656008       7.92308003E-02 -0.500000000    
          25          26  0.167361408       6.64796382E-02 -0.500000000    
          25          27   1.65463127E-02   5.48575372E-02 -0.500000000    
          25          28  -8.21881443E-02   4.94470485E-02 -0.500000000    
          25          29  0.167389661       4.84677516E-02 -0.500000000    
          25          30  0.398097456       4.82449792E-02 -0.500000000    
          25          31  0.480549484       4.81994078E-02 -0.500000000    
          25          32  0.498017460       4.81955037E-02 -0.500000000    
          25          33  0.499899358       4.81954068E-02 -0.500000000    
          26           1  0.499882579       4.81954068E-02 -0.500000000    
          26           2  0.497786969       4.81955223E-02 -0.500000000    
          26           3  0.479775161       4.81995605E-02 -0.500000000    
          26           4  0.401066601       4.82422411E-02 -0.500000000    
          26           5  0.189372078       4.84384336E-02 -0.500000000    
          26           6  -6.69681951E-02   4.91820835E-02 -0.500000000    
          26           7  -2.18998156E-02   5.31302951E-02 -0.500000000    
          26           8  0.132990360       6.26269281E-02 -0.500000000    
          26           9  0.205896482       7.41838366E-02 -0.500000000    
          26          10  0.210024804       8.42333287E-02 -0.500000000    
          26          11  0.178248048       9.14701000E-02 -0.500000000    
          26          12  0.132577389       9.58778560E-02 -0.500000000    
          26          13   8.77886266E-02   9.80174467E-02 -0.500000000    
          26          14   5.24282232E-02   9.86638665E-02 -0.500000000    
          26          15   2.92924419E-02   9.85767543E-02 -0.500000000    
          26          16   1.75661277E-02   9.83436033E-02 -0.500000000    
          26          17   1.59380138E-02   9.82997045E-02 -0.500000000    
          26          18   2.41832454E-02   9.84927937E-02 -0.500000000    
          26          19   4.33860943E-02   9.86830965E-02 -0.500000000    
          26          20   7.46812969E-02   9.83591303E-02 -0.500000000    
          26          21  0.116968222       9.68061164E-02 -0.500000000    
          26          22  0.163758501       9.32335183E-02 -0.500000000    
          26          23  0.202228695       8.69771168E-02 -0.500000000    
          26          24  0.213188395       7.78053254E-02 -0.500000000    
          26          25  0.167361468       6.64796531E-02 -0.500000000    
          26          26   3.51167507E-02   5.57715893E-02 -0.500000000    
          26          27  -8.94687772E-02   4.99101207E-02 -0.500000000    
          26          28   9.06126425E-02   4.85756472E-02 -0.500000000    
          26          29  0.348493308       4.82822433E-02 -0.500000000    
          26          30  0.463544130       4.82057817E-02 -0.500000000    
          26          31  0.494995713       4.81958613E-02 -0.500000000    
          26          32  0.499660730       4.81954068E-02 -0.500000000    
          26          33  0.499989212       4.81954068E-02 -0.500000000    
          27           1  0.499990374       4.81954068E-02 -0.500000000    
          27           2  0.499698043       4.81954068E-02 -0.500000000    
          27           3  0.495642573       4.81957495E-02 -0.500000000    
          27           4  0.469039917       4.82033454E-02 -0.500000000    
          27           5  0.374785811       4.82608788E-02 -0.500000000    
          27           6  0.156353429       4.84777130E-02 -0.500000000    
          27           7  -7.09720626E-02   4.92314324E-02 -0.500000000    
          27           8  -3.32174525E-02   5.26707359E-02 -0.500000000    
          27           9  0.109145738       6.05131015E-02 -0.500000000    
          27          10  0.190744743       7.02792853E-02 -0.500000000    
          27          11  0.214713499       7.92152882E-02 -0.500000000    
          27          12  0.205943435       8.61452892E-02 -0.500000000    
          27          13  0.182725459       9.09492448E-02 -0.500000000    
          27          14  0.157193720       9.39644799E-02 -0.500000000    
          27          15  0.136617690       9.56530944E-02 -0.500000000    
          27          16  0.124713868       9.64234620E-02 -0.500000000    
          27          17  0.122979082       9.65252221E-02 -0.500000000    
          27          18  0.131575376       9.59956199E-02 -0.500000000    
          27          19  0.149541184       9.46521759E-02 -0.500000000    
          27          20  0.174028963       9.21307579E-02 -0.500000000    
          27          21  0.199093729       8.79714862E-02 -0.500000000    
          27          22  0.214372888       8.17687660E-02 -0.500000000    
          27          23  0.203797981       7.34382272E-02 -0.500000000    
          27          24  0.144311562       6.37221336E-02 -0.500000000    
          27          25   1.65465549E-02   5.48575521E-02 -0.500000000    
          27          26  -8.94688740E-02   4.99101430E-02 -0.500000000    
          27          27   6.48734048E-02   4.86210547E-02 -0.500000000    
          27          28  0.317146122       4.83081043E-02 -0.500000000    
          27          29  0.448095560       4.82130349E-02 -0.500000000    
          27          30  0.490970880       4.81965430E-02 -0.500000000    
          27          31  0.499202102       4.81954180E-02 -0.500000000    
          27          32  0.499966472       4.81954068E-02 -0.500000000    
          27          33  0.499999553       4.81954068E-02 -0.500000000    
          28           1  0.499999762       4.81954068E-02 -0.500000000    
          28           2  0.499978095       4.81954068E-02 -0.500000000    
          28           3  0.499461144       4.81954105E-02 -0.500000000    
          28           4  0.493785203       4.81960066E-02 -0.500000000    
          28           5  0.463520437       4.82055508E-02 -0.500000000    
          28           6  0.370600641       4.82639857E-02 -0.500000000    
          28           7  0.173049361       4.84573990E-02 -0.500000000    
          28           8  -4.74288687E-02   4.90126163E-02 -0.500000000    
          28           9  -7.01286271E-02   5.11659272E-02 -0.500000000    
          28          10   4.65049259E-02   5.64190745E-02 -0.500000000    
          28          11  0.144539952       6.37052059E-02 -0.500000000    
          28          12  0.194932461       7.09792003E-02 -0.500000000    
          28          13  0.213309810       7.70411044E-02 -0.500000000    
          28          14  0.215344235       8.15110132E-02 -0.500000000    
          28          15  0.211385161       8.44177157E-02 -0.500000000    
          28          16  0.207581982       8.59146714E-02 -0.500000000    
          28          17  0.206946746       8.61240998E-02 -0.500000000    
          28          18  0.209894344       8.50657076E-02 -0.500000000    
          28          19  0.214312956       8.26466754E-02 -0.500000000    
          28          20  0.215190917       7.87115693E-02 -0.500000000    
          28          21  0.203730181       7.31658861E-02 -0.500000000    
          28          22  0.166049600       6.62118942E-02 -0.500000000    
          28          23   8.46434981E-02   5.87315783E-02 -0.500000000    
          28          24  -3.61541361E-02   5.25693409E-02 -0.500000000    
          28          25  -8.21882039E-02   4.94470671E-02 -0.500000000    
          28          26   9.06125456E-02   4.85756621E-02 -0.500000000    
          28          27  0.317146122       4.83080968E-02 -0.500000000    
          28          28  0.441851348       4.82162461E-02 -0.500000000    
          28          29  0.487981915       4.81971614E-02 -0.500000000    
          28          30  0.498681128       4.81954440E-02 -0.500000000    
          28          31  0.499930024       4.81954068E-02 -0.500000000    
          28          32  0.499998599       4.81954068E-02 -0.500000000    
          28          33  0.500000000       4.81954068E-02 -0.500000000    
          29           1  0.500000000       4.81954068E-02 -0.500000000    
          29           2  0.499999613       4.81954068E-02 -0.500000000    
          29           3  0.499966115       4.81954068E-02 -0.500000000    
          29           4  0.499322355       4.81954105E-02 -0.500000000    
          29           5  0.493465841       4.81960550E-02 -0.500000000    
          29           6  0.466377646       4.82043922E-02 -0.500000000    
          29           7  0.390427202       4.82496060E-02 -0.500000000    
          29           8  0.235603899       4.83886376E-02 -0.500000000    
          29           9   2.94714775E-02   4.87089232E-02 -0.500000000    
          29          10  -8.64587873E-02   4.96104956E-02 -0.500000000    
          29          11  -5.13604507E-02   5.19784242E-02 -0.500000000    
          29          12   3.69329229E-02   5.59311546E-02 -0.500000000    
          29          13  0.108656220       6.04779087E-02 -0.500000000    
          29          14  0.152860910       6.45663887E-02 -0.500000000    
          29          15  0.176502004       6.75773099E-02 -0.500000000    
          29          16  0.186930582       6.92452341E-02 -0.500000000    
          29          17  0.188289478       6.94854110E-02 -0.500000000    
          29          18  0.181168154       6.82890043E-02 -0.500000000    
          29          19  0.162609994       6.57083392E-02 -0.500000000    
          29          20  0.126206294       6.19315132E-02 -0.500000000    
          29          21   6.39628917E-02   5.74400686E-02 -0.500000000    
          29          22  -2.27127559E-02   5.31557128E-02 -0.500000000    
          29          23  -8.80252719E-02   5.02007827E-02 -0.500000000    
          29          24  -2.67585702E-02   4.89046499E-02 -0.500000000    
          29          25  0.167389378       4.84677553E-02 -0.500000000    
          29          26  0.348493308       4.82822470E-02 -0.500000000    
          29          27  0.448095560       4.82130311E-02 -0.500000000    
          29          28  0.487981915       4.81971614E-02 -0.500000000    
          29          29  0.498443544       4.81954478E-02 -0.500000000    
          29          30  0.499899387       4.81954068E-02 -0.500000000    
          29          31  0.499997586       4.81954068E-02 -0.500000000    
          29          32  0.500000000       4.81954068E-02 -0.500000000    
          29          33  0.500000000       4.81954068E-02 -0.500000000    
          30           1  0.500000000       4.81954068E-02 -0.500000000    
          30           2  0.500000000       4.81954068E-02 -0.500000000    
          30           3  0.499999344       4.81954068E-02 -0.500000000    
          30           4  0.499963969       4.81954068E-02 -0.500000000    
          30           5  0.499395639       4.81954105E-02 -0.500000000    
          30           6  0.494921952       4.81958427E-02 -0.500000000    
          30           7  0.475957453       4.82008047E-02 -0.500000000    
          30           8  0.425324112       4.82265688E-02 -0.500000000    
          30           9  0.324821919       4.83045951E-02 -0.500000000    
          30          10  0.172725648       4.84673493E-02 -0.500000000    
          30          11   1.53384451E-02   4.87621464E-02 -0.500000000    
          30          12  -7.58907273E-02   4.93496284E-02 -0.500000000    
          30          13  -8.62424746E-02   5.04122004E-02 -0.500000000    
          30          14  -5.63529916E-02   5.18289097E-02 -0.500000000    
          30          15  -2.32395064E-02   5.31851277E-02 -0.500000000    
          30          16  -2.99134757E-03   5.40562011E-02 -0.500000000    
          30          17  -1.56811439E-05   5.41887917E-02 -0.500000000    
          30          18  -1.47051159E-02   5.35462312E-02 -0.500000000    
          30          19  -4.45114598E-02   5.23110181E-02 -0.500000000    
          30          20  -7.84649625E-02   5.08621112E-02 -0.500000000    
          30          21  -8.68156925E-02   4.96486165E-02 -0.500000000    
          30          22  -2.48838048E-02   4.89136316E-02 -0.500000000    
          30          23  0.117045015       4.85462882E-02 -0.500000000    
          30          24  0.278775632       4.83480878E-02 -0.500000000    
          30          25  0.398097456       4.82449867E-02 -0.500000000    
          30          26  0.463544130       4.82057817E-02 -0.500000000    
          30          27  0.490970880       4.81965430E-02 -0.500000000    
          30          28  0.498681128       4.81954440E-02 -0.500000000    
          30          29  0.499899387       4.81954068E-02 -0.500000000    
          30          30  0.499996871       4.81954068E-02 -0.500000000    
          30          31  0.500000000       4.81954068E-02 -0.500000000    
          30          32  0.500000000       4.81954068E-02 -0.500000000    
          30          33  0.500000000       4.81954068E-02 -0.500000000    
          31           1  0.500000000       4.81954068E-02 -0.500000000    
          31           2  0.500000000       4.81954068E-02 -0.500000000    
          31           3  0.500000000       4.81954068E-02 -0.500000000    
          31           4  0.499999523       4.81954068E-02 -0.500000000    
          31           5  0.499973625       4.81954068E-02 -0.500000000    
          31           6  0.499618918       4.81954068E-02 -0.500000000    
          31           7  0.497120380       4.81955819E-02 -0.500000000    
          31           8  0.487058491       4.81975004E-02 -0.500000000    
          31           9  0.460687995       4.82074730E-02 -0.500000000    
          31          10  0.409307569       4.82383892E-02 -0.500000000    
          31          11  0.329075128       4.83042039E-02 -0.500000000    
          31          12  0.227553412       4.84091230E-02 -0.500000000    
          31          13  0.125277817       4.85461019E-02 -0.500000000    
          31          14   4.41880673E-02   4.87038754E-02 -0.500000000    
          31          15  -6.51160255E-03   4.88594100E-02 -0.500000000    
          31          16  -3.03494874E-02   4.89679836E-02 -0.500000000    
          31          17  -3.34995016E-02   4.89853136E-02 -0.500000000    
          31          18  -1.70911886E-02   4.89034094E-02 -0.500000000    
          31          19   2.39083245E-02   4.87577766E-02 -0.500000000    
          31          20   9.51029062E-02   4.85970825E-02 -0.500000000    
          31          21  0.192319691       4.84517217E-02 -0.500000000    
          31          22  0.296799630       4.83350232E-02 -0.500000000    
          31          23  0.385692209       4.82559539E-02 -0.500000000    
          31          24  0.446688145       4.82146740E-02 -0.500000000    
          31          25  0.480549484       4.81994152E-02 -0.500000000    
          31          26  0.494995713       4.81958613E-02 -0.500000000    
          31          27  0.499202102       4.81954180E-02 -0.500000000    
          31          28  0.499930024       4.81954068E-02 -0.500000000    
          31          29  0.499997586       4.81954068E-02 -0.500000000    
          31          30  0.500000000       4.81954068E-02 -0.500000000    
          31          31  0.500000000       4.81954068E-02 -0.500000000    
          31          32  0.500000000       4.81954068E-02 -0.500000000    
          31          33  0.500000000       4.81954068E-02 -0.500000000    
          32           1  0.500000000       4.81954068E-02 -0.500000000    
          32           2  0.500000000       4.81954068E-02 -0.500000000    
          32           3  0.500000000       4.81954068E-02 -0.500000000    
          32           4  0.500000000       4.81954068E-02 -0.500000000    
          32           5  0.499999732       4.81954068E-02 -0.500000000    
          32           6  0.499986738       4.81954068E-02 -0.500000000    
          32           7  0.499832302       4.81954068E-02 -0.500000000    
          32           8  0.498838484       4.81954440E-02 -0.500000000    
          32           9  0.494984061       4.81958836E-02 -0.500000000    
          32          10  0.484954238       4.81982380E-02 -0.500000000    
          32          11  0.465611249       4.82056849E-02 -0.500000000    
          32          12  0.435940772       4.82220091E-02 -0.500000000    
          32          13  0.398427218       4.82484326E-02 -0.500000000    
          32          14  0.359099835       4.82811332E-02 -0.500000000    
          32          15  0.325810462       4.83119935E-02 -0.500000000    
          32          16  0.305565536       4.83320281E-02 -0.500000000    
          32          17  0.302537560       4.83351052E-02 -0.500000000    
          32          18  0.317336738       4.83202711E-02 -0.500000000    
          32          19  0.346944273       4.82920781E-02 -0.500000000    
          32          20  0.385144562       4.82589789E-02 -0.500000000    
          32          21  0.424074024       4.82297726E-02 -0.500000000    
          32          22  0.456825644       4.82099988E-02 -0.500000000    
          32          23  0.479652345       4.81999591E-02 -0.500000000    
          32          24  0.492504954       4.81963344E-02 -0.500000000    
          32          25  0.498017460       4.81955037E-02 -0.500000000    
          32          26  0.499660730       4.81954068E-02 -0.500000000    
          32          27  0.499966472       4.81954068E-02 -0.500000000    
          32          28  0.499998599       4.81954068E-02 -0.500000000    
          32          29  0.500000000       4.81954068E-02 -0.500000000    
          32          30  0.500000000       4.81954068E-02 -0.500000000    
          32          31  0.500000000       4.81954068E-02 -0.500000000    
          32          32  0.500000000       4.81954068E-02 -0.500000000    
          32          33  0.500000000       4.81954068E-02 -0.500000000    
          33           1  0.500000000       4.81954068E-02 -0.500000000    
          33           2  0.500000000       4.81954068E-02 -0.500000000    
          33           3  0.500000000       4.81954068E-02 -0.500000000    
          33           4  0.500000000       4.81954068E-02 -0.500000000    
          33           5  0.500000000       4.81954068E-02 -0.500000000    
          33           6  0.499999881       4.81954068E-02 -0.500000000    
          33           7  0.499995649       4.81954068E-02 -0.500000000    
          33           8  0.499949008       4.81954068E-02 -0.500000000    
          33           9  0.499668539       4.81954068E-02 -0.500000000    
          33          10  0.498610318       4.81954664E-02 -0.500000000    
          33          11  0.495862693       4.81957719E-02 -0.500000000    
          33          12  0.490577251       4.81967181E-02 -0.500000000    
          33          13  0.482659817       4.81987596E-02 -0.500000000    
          33          14  0.473221034       4.82018925E-02 -0.500000000    
          33          15  0.464421690       4.82053198E-02 -0.500000000    
          33          16  0.458714634       4.82077636E-02 -0.500000000    
          33          17  0.457837641       4.82081510E-02 -0.500000000    
          33          18  0.462066025       4.82063070E-02 -0.500000000    
          33          19  0.470092177       4.82030585E-02 -0.500000000    
          33          20  0.479592443       4.81996946E-02 -0.500000000    
          33          21  0.488202065       4.81972657E-02 -0.500000000    
          33          22  0.494409353       4.81959879E-02 -0.500000000    
          33          23  0.497931898       4.81955223E-02 -0.500000000    
          33          24  0.499441803       4.81954180E-02 -0.500000000    
          33          25  0.499899358       4.81954068E-02 -0.500000000    
          33          26  0.499989212       4.81954068E-02 -0.500000000    
          33          27  0.499999553       4.81954068E-02 -0.500000000    
          33          28  0.500000000       4.81954068E-02 -0.500000000    
          33          29  0.500000000       4.81954068E-02 -0.500000000    
          33          30  0.500000000       4.81954068E-02 -0.500000000    
          33          31  0.500000000       4.81954068E-02 -0.500000000    
          33          32  0.500000000       4.81954068E-02 -0.500000000    
          33          33  0.500000000       4.81954068E-02 -0.500000000    
