           1           1  0.500000000       7.55588487E-02 -0.500000000    
           1           2  0.500000000       7.55588487E-02 -0.500000000    
           1           3  0.500000000       7.55588487E-02 -0.500000000    
           1           4  0.499997348       7.55588487E-02 -0.500000000    
           1           5  0.499935299       7.55588487E-02 -0.500000000    
           1           6  0.499313265       7.55588487E-02 -0.500000000    
           1           7  0.495765716       7.55590498E-02 -0.500000000    
           1           8  0.483088285       7.55598545E-02 -0.500000000    
           1           9  0.451363057       7.55572766E-02 -0.500000000    
           1          10  0.390324891       7.55219012E-02 -0.500000000    
           1          11  0.295941144       7.53666386E-02 -0.500000000    
           1          12  0.178775668       7.49584883E-02 -0.500000000    
           1          13   6.40817061E-02   7.42345601E-02 -0.500000000    
           1          14  -2.39432808E-02   7.33225346E-02 -0.500000000    
           1          15  -7.74079487E-02   7.24874437E-02 -0.500000000    
           1          16 -0.102049686       7.19680190E-02 -0.500000000    
           1          17 -0.105279408       7.18901008E-02 -0.500000000    
           1          18  -8.83869156E-02   7.22705424E-02 -0.500000000    
           1          19  -4.54888679E-02   7.30218813E-02 -0.500000000    
           1          20   3.09962016E-02   7.39396065E-02 -0.500000000    
           1          21  0.138846636       7.47502819E-02 -0.500000000    
           1          22  0.258380502       7.52648115E-02 -0.500000000    
           1          23  0.362414420       7.54897743E-02 -0.500000000    
           1          24  0.434684247       7.55519718E-02 -0.500000000    
           1          25  0.475177228       7.55599663E-02 -0.500000000    
           1          26  0.492987424       7.55592510E-02 -0.500000000    
           1          27  0.498669654       7.55588636E-02 -0.500000000    
           1          28  0.499847710       7.55588487E-02 -0.500000000    
           1          29  0.499991030       7.55588487E-02 -0.500000000    
           1          30  0.499999940       7.55588487E-02 -0.500000000    
           1          31  0.500000000       7.55588487E-02 -0.500000000    
           1          32  0.500000000       7.55588487E-02 -0.500000000    
           1          33  0.500000000       7.55588487E-02 -0.500000000    
           2           1  0.500000000       7.55588487E-02 -0.500000000    
           2           2  0.500000000       7.55588487E-02 -0.500000000    
           2           3  0.499996066       7.55588487E-02 -0.500000000    
           2           4  0.499892175       7.55588487E-02 -0.500000000    
           2           5  0.498716563       7.55588710E-02 -0.500000000    
           2           6  0.491505951       7.55593404E-02 -0.500000000    
           2           7  0.465129226       7.55593777E-02 -0.500000000    
           2           8  0.399224341       7.55285174E-02 -0.500000000    
           2           9  0.275443614       7.52984881E-02 -0.500000000    
           2          10  0.106169537       7.44469538E-02 -0.500000000    
           2          11  -3.80410478E-02   7.26391077E-02 -0.500000000    
           2          12  -9.08456445E-02   7.03856200E-02 -0.500000000    
           2          13  -6.84497058E-02   6.86866567E-02 -0.500000000    
           2          14  -2.28745453E-02   6.79343864E-02 -0.500000000    
           2          15   1.50233218E-02   6.78390265E-02 -0.500000000    
           2          16   3.60078663E-02   6.79498464E-02 -0.500000000    
           2          17   3.89942266E-02   6.79752678E-02 -0.500000000    
           2          18   2.40192264E-02   6.78722337E-02 -0.500000000    
           2          19  -8.63487460E-03   6.78530112E-02 -0.500000000    
           2          20  -5.37092574E-02   6.83359504E-02 -0.500000000    
           2          21  -8.90610218E-02   6.97196648E-02 -0.500000000    
           2          22  -6.67253360E-02   7.18856454E-02 -0.500000000    
           2          23   5.07662110E-02   7.39472881E-02 -0.500000000    
           2          24  0.221727833       7.51097798E-02 -0.500000000    
           2          25  0.364838064       7.54895508E-02 -0.500000000    
           2          26  0.448656738       7.55564198E-02 -0.500000000    
           2          27  0.485746533       7.55597129E-02 -0.500000000    
           2          28  0.497440666       7.55589232E-02 -0.500000000    
           2          29  0.499735355       7.55588487E-02 -0.500000000    
           2          30  0.499986410       7.55588487E-02 -0.500000000    
           2          31  0.499999940       7.55588487E-02 -0.500000000    
           2          32  0.500000000       7.55588487E-02 -0.500000000    
           2          33  0.500000000       7.55588487E-02 -0.500000000    
           3           1  0.500000000       7.55588487E-02 -0.500000000    
           3           2  0.499996066       7.55588487E-02 -0.500000000    
           3           3  0.499872476       7.55588487E-02 -0.500000000    
           3           4  0.498250961       7.55588710E-02 -0.500000000    
           3           5  0.487234652       7.55595863E-02 -0.500000000    
           3           6  0.444757938       7.55552426E-02 -0.500000000    
           3           7  0.335987836       7.54428506E-02 -0.500000000    
           3           8  0.140639901       7.46925697E-02 -0.500000000    
           3           9  -5.02989963E-02   7.23651797E-02 -0.500000000    
           3          10  -7.94859827E-02   6.92264438E-02 -0.500000000    
           3          11   1.06271952E-02   6.79299533E-02 -0.500000000    
           3          12  0.102894343       6.91972598E-02 -0.500000000    
           3          13  0.161765337       7.18339458E-02 -0.500000000    
           3          14  0.193024546       7.45907649E-02 -0.500000000    
           3          15  0.207597882       7.67405555E-02 -0.500000000    
           3          16  0.213236690       7.79599622E-02 -0.500000000    
           3          17  0.213919282       7.81368390E-02 -0.500000000    
           3          18  0.210199773       7.72588030E-02 -0.500000000    
           3          19  0.199272394       7.53970072E-02 -0.500000000    
           3          20  0.174676463       7.27861524E-02 -0.500000000    
           3          21  0.126264170       6.99953809E-02 -0.500000000    
           3          22   4.44447249E-02   6.81094974E-02 -0.500000000    
           3          23  -5.55559285E-02   6.84912726E-02 -0.500000000    
           3          24  -8.09801444E-02   7.12791383E-02 -0.500000000    
           3          25   6.72523454E-02   7.41193220E-02 -0.500000000    
           3          26  0.279480845       7.53105730E-02 -0.500000000    
           3          27  0.417749107       7.55425543E-02 -0.500000000    
           3          28  0.478106678       7.55598918E-02 -0.500000000    
           3          29  0.496377110       7.55589679E-02 -0.500000000    
           3          30  0.499670565       7.55588487E-02 -0.500000000    
           3          31  0.499985576       7.55588487E-02 -0.500000000    
           3          32  0.499999940       7.55588487E-02 -0.500000000    
           3          33  0.500000000       7.55588487E-02 -0.500000000    
           4           1  0.499997348       7.55588487E-02 -0.500000000    
           4           2  0.499892175       7.55588487E-02 -0.500000000    
           4           3  0.498250961       7.55588710E-02 -0.500000000    
           4           4  0.485415757       7.55596682E-02 -0.500000000    
           4           5  0.431160122       7.55499303E-02 -0.500000000    
           4           6  0.284939528       7.53260106E-02 -0.500000000    
           4           7   3.96455638E-02   7.38409907E-02 -0.500000000    
           4           8  -8.95073190E-02   7.01696053E-02 -0.500000000    
           4           9   8.09819438E-03   6.79689348E-02 -0.500000000    
           4          10  0.131162420       7.02975914E-02 -0.500000000    
           4          11  0.197455466       7.53805190E-02 -0.500000000    
           4          12  0.219287679       8.08256567E-02 -0.500000000    
           4          13  0.217022508       8.53887126E-02 -0.500000000    
           4          14  0.204978853       8.86957645E-02 -0.500000000    
           4          15  0.192204788       9.07900557E-02 -0.500000000    
           4          16  0.183948904       9.18421820E-02 -0.500000000    
           4          17  0.182695717       9.19876099E-02 -0.500000000    
           4          18  0.188779175       9.12480801E-02 -0.500000000    
           4          19  0.200476363       8.95208716E-02 -0.500000000    
           4          20  0.213555202       8.66336599E-02 -0.500000000    
           4          21  0.220375419       8.24760869E-02 -0.500000000    
           4          22  0.208560988       7.72404820E-02 -0.500000000    
           4          23  0.159569696       7.18243122E-02 -0.500000000    
           4          24   5.40528558E-02   6.82686716E-02 -0.500000000    
           4          25  -7.31794834E-02   6.90017939E-02 -0.500000000    
           4          26  -3.15618254E-02   7.27933422E-02 -0.500000000    
           4          27  0.209243715       7.50591531E-02 -0.500000000    
           4          28  0.395363808       7.55248517E-02 -0.500000000    
           4          29  0.474124283       7.55598396E-02 -0.500000000    
           4          30  0.496194184       7.55589828E-02 -0.500000000    
           4          31  0.499704719       7.55588487E-02 -0.500000000    
           4          32  0.499989331       7.55588487E-02 -0.500000000    
           4          33  0.499999970       7.55588487E-02 -0.500000000    
           5           1  0.499935299       7.55588487E-02 -0.500000000    
           5           2  0.498716563       7.55588710E-02 -0.500000000    
           5           3  0.487234652       7.55595863E-02 -0.500000000    
           5           4  0.431160122       7.55499303E-02 -0.500000000    
           5           5  0.265526503       7.52690956E-02 -0.500000000    
           5           6  -6.91661565E-03   7.32304975E-02 -0.500000000    
           5           7  -7.13886321E-02   6.89555481E-02 -0.500000000    
           5           8   8.10162276E-02   6.87590912E-02 -0.500000000    
           5           9  0.188021794       7.43498132E-02 -0.500000000    
           5          10  0.218784645       8.18402544E-02 -0.500000000    
           5          11  0.204902619       8.84499028E-02 -0.500000000    
           5          12  0.170337617       9.31782573E-02 -0.500000000    
           5          13  0.130820259       9.60095599E-02 -0.500000000    
           5          14   9.63067710E-02   9.73798633E-02 -0.500000000    
           5          15   7.17501268E-02   9.78606194E-02 -0.500000000    
           5          16   5.85689694E-02   9.79515314E-02 -0.500000000    
           5          17   5.66995665E-02   9.79545042E-02 -0.500000000    
           5          18   6.60843775E-02   9.79144573E-02 -0.500000000    
           5          19   8.68917927E-02   9.76113155E-02 -0.500000000    
           5          20  0.118420795       9.66008306E-02 -0.500000000    
           5          21  0.157113478       9.43169221E-02 -0.500000000    
           5          22  0.194771811       9.02497247E-02 -0.500000000    
           5          23  0.217715606       8.42190832E-02 -0.500000000    
           5          24  0.205179438       7.68178925E-02 -0.500000000    
           5          25  0.126531422       7.01532066E-02 -0.500000000    
           5          26  -2.70240381E-02   6.81327209E-02 -0.500000000    
           5          27  -6.83477074E-02   7.18475729E-02 -0.500000000    
           5          28  0.177748635       7.49095753E-02 -0.500000000    
           5          29  0.391786307       7.55213872E-02 -0.500000000    
           5          30  0.476190627       7.55598769E-02 -0.500000000    
           5          31  0.497027844       7.55589381E-02 -0.500000000    
           5          32  0.499809951       7.55588487E-02 -0.500000000    
           5          33  0.499994457       7.55588487E-02 -0.500000000    
           6           1  0.499313265       7.55588487E-02 -0.500000000    
           6           2  0.491505951       7.55593404E-02 -0.500000000    
           6           3  0.444757938       7.55552351E-02 -0.500000000    
           6           4  0.284939528       7.53259882E-02 -0.500000000    
           6           5  -6.91656163E-03   7.32304677E-02 -0.500000000    
           6           6  -5.96439764E-02   6.86324164E-02 -0.500000000    
           6           7  0.114301950       6.97000995E-02 -0.500000000    
           6           8  0.207088560       7.73847997E-02 -0.500000000    
           6           9  0.212864935       8.62551853E-02 -0.500000000    
           6          10  0.170595899       9.30883959E-02 -0.500000000    
           6          11  0.109701231       9.69148502E-02 -0.500000000    
           6          12   5.18248677E-02   9.79499593E-02 -0.500000000    
           6          13   8.84933490E-03   9.70136821E-02 -0.500000000    
           6          14  -1.71397738E-02   9.51443315E-02 -0.500000000    
           6          15  -3.01107131E-02   9.32801142E-02 -0.500000000    
           6          16  -3.52121629E-02   9.20834392E-02 -0.500000000    
           6          17  -3.58270109E-02   9.19017047E-02 -0.500000000    
           6          18  -3.24638709E-02   9.27835405E-02 -0.500000000    
           6          19  -2.26468407E-02   9.44830999E-02 -0.500000000    
           6          20  -1.57279475E-03   9.64435041E-02 -0.500000000    
           6          21   3.55649069E-02   9.78066921E-02 -0.500000000    
           6          22   8.92574564E-02   9.75380391E-02 -0.500000000    
           6          23  0.151107028       9.47043151E-02 -0.500000000    
           6          24  0.202502057       8.88408870E-02 -0.500000000    
           6          25  0.216505662       8.04294124E-02 -0.500000000    
           6          26  0.157533288       7.18050674E-02 -0.500000000    
           6          27  -3.82596394E-03   6.80079311E-02 -0.500000000    
           6          28  -7.22072944E-02   7.17024505E-02 -0.500000000    
           6          29  0.193713531       7.49885365E-02 -0.500000000    
           6          30  0.408705980       7.55362138E-02 -0.500000000    
           6          31  0.483045042       7.55598322E-02 -0.500000000    
           6          32  0.498289794       7.55588934E-02 -0.500000000    
           6          33  0.499911219       7.55588487E-02 -0.500000000    
           7           1  0.495765716       7.55590498E-02 -0.500000000    
           7           2  0.465129226       7.55593702E-02 -0.500000000    
           7           3  0.335987836       7.54428506E-02 -0.500000000    
           7           4   3.96456718E-02   7.38409758E-02 -0.500000000    
           7           5  -7.13886395E-02   6.89555183E-02 -0.500000000    
           7           6  0.114301845       6.97000921E-02 -0.500000000    
           7           7  0.211327702       7.84589797E-02 -0.500000000    
           7           8  0.204185843       8.83565322E-02 -0.500000000    
           7           9  0.142371520       9.52715203E-02 -0.500000000    
           7          10   6.42271936E-02   9.79205817E-02 -0.500000000    
           7          11   6.22899272E-04   9.65969339E-02 -0.500000000    
           7          12  -3.33790183E-02   9.25666392E-02 -0.500000000    
           7          13  -4.17357907E-02   8.74326602E-02 -0.500000000    
           7          14  -3.63058671E-02   8.25545564E-02 -0.500000000    
           7          15  -2.73822621E-02   7.88177326E-02 -0.500000000    
           7          16  -2.11994983E-02   7.66928494E-02 -0.500000000    
           7          17  -2.01858226E-02   7.63840973E-02 -0.500000000    
           7          18  -2.48802863E-02   7.79155120E-02 -0.500000000    
           7          19  -3.32918949E-02   8.11523199E-02 -0.500000000    
           7          20  -4.08549309E-02   8.57245103E-02 -0.500000000    
           7          21  -3.85322645E-02   9.09012035E-02 -0.500000000    
           7          22  -1.41290706E-02   9.54752713E-02 -0.500000000    
           7          23   4.03110869E-02   9.78736654E-02 -0.500000000    
           7          24  0.116589710       9.66414884E-02 -0.500000000    
           7          25  0.187768668       9.10994187E-02 -0.500000000    
           7          26  0.218319163       8.19183215E-02 -0.500000000    
           7          27  0.161335275       7.20715672E-02 -0.500000000    
           7          28  -1.56382844E-02   6.80521429E-02 -0.500000000    
           7          29  -4.92803380E-02   7.24049434E-02 -0.500000000    
           7          30  0.252935588       7.52278119E-02 -0.500000000    
           7          31  0.438230962       7.55530074E-02 -0.500000000    
           7          32  0.490858793       7.55594000E-02 -0.500000000    
           7          33  0.499260873       7.55588487E-02 -0.500000000    
           8           1  0.483088285       7.55598471E-02 -0.500000000    
           8           2  0.399224341       7.55285099E-02 -0.500000000    
           8           3  0.140640050       7.46925846E-02 -0.500000000    
           8           4  -8.95072892E-02   7.01696277E-02 -0.500000000    
           8           5   8.10159072E-02   6.87590763E-02 -0.500000000    
           8           6  0.207088441       7.73847997E-02 -0.500000000    
           8           7  0.204185963       8.83565247E-02 -0.500000000    
           8           8  0.132004440       9.58728716E-02 -0.500000000    
           8           9   4.18031998E-02   9.78900269E-02 -0.500000000    
           8          10  -2.22370028E-02   9.45678726E-02 -0.500000000    
           8          11  -4.20195758E-02   8.76295492E-02 -0.500000000    
           8          12  -2.87739336E-02   7.93612599E-02 -0.500000000    
           8          13  -3.11344932E-03   7.15520233E-02 -0.500000000    
           8          14   2.10943818E-02   6.51978850E-02 -0.500000000    
           8          15   3.88404615E-02   6.07369654E-02 -0.500000000    
           8          16   4.85941283E-02   5.83204888E-02 -0.500000000    
           8          17   4.97833043E-02   5.79714142E-02 -0.500000000    
           8          18   4.30811383E-02   5.97037636E-02 -0.500000000    
           8          19   2.79293712E-02   6.34887889E-02 -0.500000000    
           8          20   5.27465530E-03   6.92400932E-02 -0.500000000    
           8          21  -2.06485856E-02   7.66451135E-02 -0.500000000    
           8          22  -3.99200916E-02   8.49191919E-02 -0.500000000    
           8          23  -3.35512497E-02   9.25432444E-02 -0.500000000    
           8          24   1.58389751E-02   9.73149687E-02 -0.500000000    
           8          25  0.101117447       9.71839502E-02 -0.500000000    
           8          26  0.185408309       9.14055780E-02 -0.500000000    
           8          27  0.217552185       8.11721459E-02 -0.500000000    
           8          28  0.140682518       7.08126724E-02 -0.500000000    
           8          29  -5.74111193E-02   6.85713813E-02 -0.500000000    
           8          30   2.63104737E-02   7.36801401E-02 -0.500000000    
           8          31  0.336616904       7.54440203E-02 -0.500000000    
           8          32  0.467630357       7.55596459E-02 -0.500000000    
           8          33  0.496181011       7.55590051E-02 -0.500000000    
           9           1  0.451362967       7.55572766E-02 -0.500000000    
           9           2  0.275443673       7.52984732E-02 -0.500000000    
           9           3  -5.02988547E-02   7.23651573E-02 -0.500000000    
           9           4   8.09787959E-03   6.79689199E-02 -0.500000000    
           9           5  0.188021496       7.43497908E-02 -0.500000000    
           9           6  0.212865055       8.62551332E-02 -0.500000000    
           9           7  0.142371729       9.52714905E-02 -0.500000000    
           9           8   4.18033488E-02   9.78900567E-02 -0.500000000    
           9           9  -2.77069639E-02   9.36883986E-02 -0.500000000    
           9          10  -3.93639803E-02   8.46473649E-02 -0.500000000    
           9          11  -1.12515241E-02   7.37905577E-02 -0.500000000    
           9          12   2.79868450E-02   6.34593293E-02 -0.500000000    
           9          13   6.24039918E-02   5.48285358E-02 -0.500000000    
           9          14   8.72356370E-02   4.82963249E-02 -0.500000000    
           9          15  0.102002755       4.38895524E-02 -0.500000000    
           9          16  0.109837487       4.15508486E-02 -0.500000000    
           9          17  0.110677518       4.12210934E-02 -0.500000000    
           9          18  0.105633438       4.28842381E-02 -0.500000000    
           9          19   9.27664414E-02   4.65901718E-02 -0.500000000    
           9          20   7.19663724E-02   5.24168052E-02 -0.500000000    
           9          21   4.07474451E-02   6.03637844E-02 -0.500000000    
           9          22   1.54451490E-03   7.02040642E-02 -0.500000000    
           9          23  -3.32864895E-02   8.10850710E-02 -0.500000000    
           9          24  -3.81077677E-02   9.10627320E-02 -0.500000000    
           9          25   1.24413911E-02   9.71896499E-02 -0.500000000    
           9          26  0.109148346       9.69327316E-02 -0.500000000    
           9          27  0.196724415       8.98340344E-02 -0.500000000    
           9          28  0.211123690       7.82361031E-02 -0.500000000    
           9          29   8.36863369E-02   6.87962845E-02 -0.500000000    
           9          30  -8.96873772E-02   7.03780800E-02 -0.500000000    
           9          31  0.167529300       7.48501644E-02 -0.500000000    
           9          32  0.415358245       7.55411014E-02 -0.500000000    
           9          33  0.486469477       7.55596533E-02 -0.500000000    
          10           1  0.390324891       7.55219162E-02 -0.500000000    
          10           2  0.106169984       7.44469538E-02 -0.500000000    
          10           3  -7.94862658E-02   6.92264289E-02 -0.500000000    
          10           4  0.131161958       7.02975392E-02 -0.500000000    
          10           5  0.218784571       8.18401352E-02 -0.500000000    
          10           6  0.170596361       9.30883661E-02 -0.500000000    
          10           7   6.42277226E-02   9.79205966E-02 -0.500000000    
          10           8  -2.22368948E-02   9.45679173E-02 -0.500000000    
          10           9  -3.93640399E-02   8.46473798E-02 -0.500000000    
          10          10  -4.35289228E-03   7.18443841E-02 -0.500000000    
          10          11   4.46895994E-02   5.93147762E-02 -0.500000000    
          10          12   8.59002993E-02   4.86227833E-02 -0.500000000    
          10          13  0.114040367       4.02199514E-02 -0.500000000    
          10          14  0.131032094       3.40749957E-02 -0.500000000    
          10          15  0.140303105       3.00205946E-02 -0.500000000    
          10          16  0.144461721       2.78930310E-02 -0.500000000    
          10          17  0.145035148       2.75919456E-02 -0.500000000    
          10          18  0.142152533       2.91039906E-02 -0.500000000    
          10          19  0.134822503       3.25003006E-02 -0.500000000    
          10          20  0.120742336       3.79275642E-02 -0.500000000    
          10          21   9.67799202E-02   4.55648564E-02 -0.500000000    
          10          22   5.99192381E-02   5.55094481E-02 -0.500000000    
          10          23   1.19089885E-02   6.75267354E-02 -0.500000000    
          10          24  -3.17100100E-02   8.05087090E-02 -0.500000000    
          10          25  -3.63669582E-02   9.18197408E-02 -0.500000000    
          10          26   2.94880997E-02   9.76995081E-02 -0.500000000    
          10          27  0.137666747       9.55677181E-02 -0.500000000    
          10          28  0.213681340       8.60426873E-02 -0.500000000    
          10          29  0.180801734       7.35334978E-02 -0.500000000    
          10          30  -1.89202577E-02   6.80289418E-02 -0.500000000    
          10          31  -1.03052109E-02   7.31525496E-02 -0.500000000    
          10          32  0.323733062       7.54189491E-02 -0.500000000    
          10          33  0.464130014       7.55594745E-02 -0.500000000    
          11           1  0.295941353       7.53666386E-02 -0.500000000    
          11           2  -3.80407535E-02   7.26391077E-02 -0.500000000    
          11           3   1.06264735E-02   6.79299459E-02 -0.500000000    
          11           4  0.197455183       7.53804520E-02 -0.500000000    
          11           5  0.204903081       8.84498432E-02 -0.500000000    
          11           6  0.109701820       9.69148874E-02 -0.500000000    
          11           7   6.23239670E-04   9.65970159E-02 -0.500000000    
          11           8  -4.20197621E-02   8.76296088E-02 -0.500000000    
          11           9  -1.12516722E-02   7.37906098E-02 -0.500000000    
          11          10   4.46896814E-02   5.93148209E-02 -0.500000000    
          11          11   9.32750404E-02   4.65768240E-02 -0.500000000    
          11          12  0.125270545       3.63081433E-02 -0.500000000    
          11          13  0.143266097       2.84940191E-02 -0.500000000    
          11          14  0.152273118       2.28960328E-02 -0.500000000    
          11          15  0.155669942       1.92467980E-02 -0.500000000    
          11          16  0.156781882       1.73416436E-02 -0.500000000    
          11          17  0.156945303       1.70763135E-02 -0.500000000    
          11          18  0.156261399       1.84237268E-02 -0.500000000    
          11          19  0.153659374       2.14745682E-02 -0.500000000    
          11          20  0.147230312       2.63977535E-02 -0.500000000    
          11          21  0.132660925       3.34395058E-02 -0.500000000    
          11          22  0.105691560       4.28705737E-02 -0.500000000    
          11          23   6.25077784E-02   5.48158698E-02 -0.500000000    
          11          24   6.80715777E-03   6.88752457E-02 -0.500000000    
          11          25  -3.75449173E-02   8.33222196E-02 -0.500000000    
          11          26  -2.29881369E-02   9.44398120E-02 -0.500000000    
          11          27   7.02715516E-02   9.78685394E-02 -0.500000000    
          11          28  0.180625468       9.20873061E-02 -0.500000000    
          11          29  0.216909885       7.97713771E-02 -0.500000000    
          11          30   9.19614062E-02   6.89320341E-02 -0.500000000    
          11          31  -8.90371725E-02   7.05630630E-02 -0.500000000    
          11          32  0.197652772       7.50035346E-02 -0.500000000    
          11          33  0.423902869       7.55486563E-02 -0.500000000    
          12           1  0.178776011       7.49584809E-02 -0.500000000    
          12           2  -9.08457190E-02   7.03856051E-02 -0.500000000    
          12           3  0.102893569       6.91971779E-02 -0.500000000    
          12           4  0.219287917       8.08255896E-02 -0.500000000    
          12           5  0.170338482       9.31782424E-02 -0.500000000    
          12           6   5.18257767E-02   9.79500413E-02 -0.500000000    
          12           7  -3.33789065E-02   9.25667658E-02 -0.500000000    
          12           8  -2.87742727E-02   7.93613493E-02 -0.500000000    
          12           9   2.79864818E-02   6.34594038E-02 -0.500000000    
          12          10   8.59001651E-02   4.86228541E-02 -0.500000000    
          12          11  0.125270650       3.63081843E-02 -0.500000000    
          12          12  0.146469086       2.66923551E-02 -0.500000000    
          12          13  0.155547738       1.95205789E-02 -0.500000000    
          12          14  0.157474950       1.44461961E-02 -0.500000000    
          12          15  0.156081662       1.11587625E-02 -0.500000000    
          12          16  0.155045822       9.45655163E-03 -0.500000000    
          12          17  0.154487312       9.21524130E-03 -0.500000000    
          12          18  0.155904651       1.04253609E-02 -0.500000000    
          12          19  0.157007366       1.31610809E-02 -0.500000000    
          12          20  0.156675532       1.76143423E-02 -0.500000000    
          12          21  0.150800303       2.40494423E-02 -0.500000000    
          12          22  0.134175256       3.28100584E-02 -0.500000000    
          12          23  0.101269297       4.42120992E-02 -0.500000000    
          12          24   4.87566628E-02   5.82842082E-02 -0.500000000    
          12          25  -1.21818343E-02   7.41260648E-02 -0.500000000    
          12          26  -4.13314700E-02   8.87953639E-02 -0.500000000    
          12          27   1.49796279E-02   9.72728133E-02 -0.500000000    
          12          28  0.133773834       9.58354846E-02 -0.500000000    
          12          29  0.216395691       8.54255706E-02 -0.500000000    
          12          30  0.165553361       7.21447244E-02 -0.500000000    
          12          31  -5.80937080E-02   6.85119703E-02 -0.500000000    
          12          32   6.71695843E-02   7.41134137E-02 -0.500000000    
          12          33  0.364831805       7.55014122E-02 -0.500000000    
          13           1   6.40824512E-02   7.42345601E-02 -0.500000000    
          13           2  -6.84502944E-02   6.86866269E-02 -0.500000000    
          13           3  0.161764517       7.18338564E-02 -0.500000000    
          13           4  0.217022985       8.53886604E-02 -0.500000000    
          13           5  0.130821228       9.60095599E-02 -0.500000000    
          13           6   8.85007530E-03   9.70137790E-02 -0.500000000    
          13           7  -4.17358801E-02   8.74328166E-02 -0.500000000    
          13           8  -3.11398832E-03   7.15522021E-02 -0.500000000    
          13           9   6.24035709E-02   5.48286699E-02 -0.500000000    
          13          10  0.114040203       4.02200855E-02 -0.500000000    
          13          11  0.143266112       2.84940470E-02 -0.500000000    
          13          12  0.155547723       1.95205621E-02 -0.500000000    
          13          13  0.157257289       1.29117277E-02 -0.500000000    
          13          14  0.153462172       8.26765597E-03 -0.500000000    
          13          15  0.148879573       5.27829211E-03 -0.500000000    
          13          16  0.145800307       3.73597210E-03 -0.500000000    
          13          17  0.145117879       3.51543329E-03 -0.500000000    
          13          18  0.147648960       4.61346284E-03 -0.500000000    
          13          19  0.152018860       7.09922053E-03 -0.500000000    
          13          20  0.156114459       1.11607863E-02 -0.500000000    
          13          21  0.156999320       1.70777645E-02 -0.500000000    
          13          22  0.149077982       2.52157375E-02 -0.500000000    
          13          23  0.126177341       3.59870829E-02 -0.500000000    
          13          24   8.21425840E-02   4.96561378E-02 -0.500000000    
          13          25   1.84942260E-02   6.58668801E-02 -0.500000000    
          13          26  -3.63343991E-02   8.25367272E-02 -0.500000000    
          13          27  -1.96340699E-02   9.48745906E-02 -0.500000000    
          13          28   8.82152468E-02   9.75739434E-02 -0.500000000    
          13          29  0.198807269       8.97159353E-02 -0.500000000    
          13          30  0.202478841       7.59514421E-02 -0.500000000    
          13          31   1.00015383E-02   6.78892508E-02 -0.500000000    
          13          32  -2.93966699E-02   7.28316158E-02 -0.500000000    
          13          33  0.293022513       7.53849447E-02 -0.500000000    
          14           1  -2.39422619E-02   7.33225346E-02 -0.500000000    
          14           2  -2.28757560E-02   6.79343715E-02 -0.500000000    
          14           3  0.193024173       7.45906830E-02 -0.500000000    
          14           4  0.204979807       8.86957273E-02 -0.500000000    
          14           5   9.63080451E-02   9.73799452E-02 -0.500000000    
          14           6  -1.71392988E-02   9.51444805E-02 -0.500000000    
          14           7  -3.63061577E-02   8.25547501E-02 -0.500000000    
          14           8   2.10936628E-02   6.51980788E-02 -0.500000000    
          14           9   8.72352421E-02   4.82964367E-02 -0.500000000    
          14          10  0.131031945       3.40750925E-02 -0.500000000    
          14          11  0.152273163       2.28960421E-02 -0.500000000    
          14          12  0.157475233       1.44461989E-02 -0.500000000    
          14          13  0.153462365       8.26764759E-03 -0.500000000    
          14          14  0.146009013       3.95057257E-03 -0.500000000    
          14          15  0.139246702       1.18763931E-03 -0.500000000    
          14          16  0.134683073      -2.38636072E-04 -0.500000000    
          14          17  0.134214282      -4.38809628E-04 -0.500000000    
          14          18  0.137206256       5.70541131E-04 -0.500000000    
          14          19  0.143712893       2.87121045E-03 -0.500000000    
          14          20  0.151130855       6.63775811E-03 -0.500000000    
          14          21  0.156731680       1.21561056E-02 -0.500000000    
          14          22  0.155418754       1.97994076E-02 -0.500000000    
          14          23  0.140258983       3.00180670E-02 -0.500000000    
          14          24  0.104414113       4.32145856E-02 -0.500000000    
          14          25   4.42317724E-02   5.93413785E-02 -0.500000000    
          14          26  -2.20431313E-02   7.69800842E-02 -0.500000000    
          14          27  -3.59614454E-02   9.18818042E-02 -0.500000000    
          14          28   5.24601936E-02   9.79508236E-02 -0.500000000    
          14          29  0.176807329       9.25853252E-02 -0.500000000    
          14          30  0.217243388       7.92727396E-02 -0.500000000    
          14          31   6.80527911E-02   6.83650523E-02 -0.500000000    
          14          32  -7.83930495E-02   7.15249851E-02 -0.500000000    
          14          33  0.220959574       7.51923248E-02 -0.500000000    
          15           1  -7.74069726E-02   7.24874511E-02 -0.500000000    
          15           2   1.50220050E-02   6.78389817E-02 -0.500000000    
          15           3  0.207597822       7.67404363E-02 -0.500000000    
          15           4  0.192205921       9.07900333E-02 -0.500000000    
          15           5   7.17515349E-02   9.78606567E-02 -0.500000000    
          15           6  -3.01103033E-02   9.32802930E-02 -0.500000000    
          15           7  -2.73828115E-02   7.88179338E-02 -0.500000000    
          15           8   3.88397872E-02   6.07370920E-02 -0.500000000    
          15           9  0.102002315       4.38896418E-02 -0.500000000    
          15          10  0.140303016       3.00206449E-02 -0.500000000    
          15          11  0.155670062       1.92468036E-02 -0.500000000    
          15          12  0.156081602       1.11588091E-02 -0.500000000    
          15          13  0.148879677       5.27827581E-03 -0.500000000    
          15          14  0.139246792       1.18767249E-03 -0.500000000    
          15          15  0.130854428      -1.42427476E-03 -0.500000000    
          15          16  0.125766173      -2.76950467E-03 -0.500000000    
          15          17  0.125019297      -2.95814755E-03 -0.500000000    
          15          18  0.128723025      -2.00610538E-03 -0.500000000    
          15          19  0.136189744       1.65711535E-04 -0.500000000    
          15          20  0.145662233       3.73237138E-03 -0.500000000    
          15          21  0.154266357       8.97669885E-03 -0.500000000    
          15          22  0.157252401       1.62786487E-02 -0.500000000    
          15          23  0.147778273       2.61012502E-02 -0.500000000    
          15          24  0.117672451       3.89065295E-02 -0.500000000    
          15          25   6.23271987E-02   5.48451878E-02 -0.500000000    
          15          26  -8.40751640E-03   7.28794783E-02 -0.500000000    
          15          27  -4.12410274E-02   8.92787650E-02 -0.500000000    
          15          28   2.90773064E-02   9.76817235E-02 -0.500000000    
          15          29  0.158140302       9.42743942E-02 -0.500000000    
          15          30  0.221210629       8.16441551E-02 -0.500000000    
          15          31  0.105173096       6.91969618E-02 -0.500000000    
          15          32  -9.37834531E-02   7.05382973E-02 -0.500000000    
          15          33  0.162679777       7.49716982E-02 -0.500000000    
          16           1 -0.102048889       7.19680339E-02 -0.500000000    
          16           2   3.60064842E-02   6.79497570E-02 -0.500000000    
          16           3  0.213236779       7.79598430E-02 -0.500000000    
          16           4  0.183950201       9.18421820E-02 -0.500000000    
          16           5   5.85703105E-02   9.79515985E-02 -0.500000000    
          16           6  -3.52119543E-02   9.20836329E-02 -0.500000000    
          16           7  -2.12002248E-02   7.66930729E-02 -0.500000000    
          16           8   4.85935658E-02   5.83206378E-02 -0.500000000    
          16           9  0.109837323       4.15509529E-02 -0.500000000    
          16          10  0.144461662       2.78930645E-02 -0.500000000    
          16          11  0.156781971       1.73416454E-02 -0.500000000    
          16          12  0.155045882       9.45659634E-03 -0.500000000    
          16          13  0.145800412       3.73594929E-03 -0.500000000    
          16          14  0.134683087      -2.38615830E-04 -0.500000000    
          16          15  0.125766143      -2.76947417E-03 -0.500000000    
          16          16  0.120071821      -4.07378096E-03 -0.500000000    
          16          17  0.119448729      -4.25595278E-03 -0.500000000    
          16          18  0.123208188      -3.33470432E-03 -0.500000000    
          16          19  0.131605327      -1.22744392E-03 -0.500000000    
          16          20  0.142031804       2.23226682E-03 -0.500000000    
          16          21  0.152216494       7.33034033E-03 -0.500000000    
          16          22  0.157421350       1.44452211E-02 -0.500000000    
          16          23  0.150818557       2.40515079E-02 -0.500000000    
          16          24  0.124536335       3.66377383E-02 -0.500000000    
          16          25   7.13802949E-02   5.24262339E-02 -0.500000000    
          16          26  -1.02805672E-04   7.05936849E-02 -0.500000000    
          16          27  -4.20086496E-02   8.77029449E-02 -0.500000000    
          16          28   1.72535274E-02   9.73490179E-02 -0.500000000    
          16          29  0.147056594       9.50741768E-02 -0.500000000    
          16          30  0.221410051       8.29295069E-02 -0.500000000    
          16          31  0.123463623       6.98082000E-02 -0.500000000    
          16          32  -9.54349041E-02   7.00066015E-02 -0.500000000    
          16          33  0.128533825       7.48113468E-02 -0.500000000    
          17           1 -0.105278507       7.18901083E-02 -0.500000000    
          17           2   3.89928408E-02   6.79751709E-02 -0.500000000    
          17           3  0.213919535       7.81367496E-02 -0.500000000    
          17           4  0.182696983       9.19875950E-02 -0.500000000    
          17           5   5.67011125E-02   9.79545787E-02 -0.500000000    
          17           6  -3.58267725E-02   9.19019654E-02 -0.500000000    
          17           7  -2.01864466E-02   7.63842911E-02 -0.500000000    
          17           8   4.97828089E-02   5.79715595E-02 -0.500000000    
          17           9  0.110677212       4.12212498E-02 -0.500000000    
          17          10  0.145035103       2.75921207E-02 -0.500000000    
          17          11  0.156945497       1.70764122E-02 -0.500000000    
          17          12  0.154487476       9.21530370E-03 -0.500000000    
          17          13  0.145118058       3.51540279E-03 -0.500000000    
          17          14  0.134214446      -4.38822317E-04 -0.500000000    
          17          15  0.125019073      -2.95812916E-03 -0.500000000    
          17          16  0.119448729      -4.25591553E-03 -0.500000000    
          17          17  0.118764251      -4.43617906E-03 -0.500000000    
          17          18  0.122637831      -3.52035207E-03 -0.500000000    
          17          19  0.130807623      -1.42466382E-03 -0.500000000    
          17          20  0.141516477       2.02078302E-03 -0.500000000    
          17          21  0.151833057       7.09745800E-03 -0.500000000    
          17          22  0.157377422       1.41876228E-02 -0.500000000    
          17          23  0.151211470       2.37604473E-02 -0.500000000    
          17          24  0.124997221       3.63111794E-02 -0.500000000    
          17          25   7.28997514E-02   5.20810448E-02 -0.500000000    
          17          26   1.18848425E-03   7.02646300E-02 -0.500000000    
          17          27  -4.20187116E-02   8.74682367E-02 -0.500000000    
          17          28   1.56209534E-02   9.72905159E-02 -0.500000000    
          17          29  0.145420745       9.51816589E-02 -0.500000000    
          17          30  0.221331969       8.31128731E-02 -0.500000000    
          17          31  0.125963196       6.99043944E-02 -0.500000000    
          17          32  -9.52970758E-02   6.99317902E-02 -0.500000000    
          17          33  0.123514883       7.47856647E-02 -0.500000000    
          18           1  -8.83859694E-02   7.22705424E-02 -0.500000000    
          18           2   2.40179840E-02   6.78721517E-02 -0.500000000    
          18           3  0.210199878       7.72586688E-02 -0.500000000    
          18           4  0.188780338       9.12480429E-02 -0.500000000    
          18           5   6.60857484E-02   9.79144946E-02 -0.500000000    
          18           6  -3.24635133E-02   9.27837119E-02 -0.500000000    
          18           7  -2.48808991E-02   7.79157206E-02 -0.500000000    
          18           8   4.30804603E-02   5.97039573E-02 -0.500000000    
          18           9  0.105633110       4.28843498E-02 -0.500000000    
          18          10  0.142152399       2.91041005E-02 -0.500000000    
          18          11  0.156261355       1.84237789E-02 -0.500000000    
          18          12  0.155904621       1.04253646E-02 -0.500000000    
          18          13  0.147649154       4.61352058E-03 -0.500000000    
          18          14  0.137206346       5.70574775E-04 -0.500000000    
          18          15  0.128723070      -2.00605788E-03 -0.500000000    
          18          16  0.123208202      -3.33466614E-03 -0.500000000    
          18          17  0.122637704      -3.52033856E-03 -0.500000000    
          18          18  0.126229048      -2.58171349E-03 -0.500000000    
          18          19  0.134308010      -4.35904542E-04 -0.500000000    
          18          20  0.144145936       3.08441021E-03 -0.500000000    
          18          21  0.153449401       8.26627389E-03 -0.500000000    
          18          22  0.157396093       1.54871373E-02 -0.500000000    
          18          23  0.149092600       2.52179634E-02 -0.500000000    
          18          24  0.120868325       3.79332639E-02 -0.500000000    
          18          25   6.60537183E-02   5.38067520E-02 -0.500000000    
          18          26  -4.93072439E-03   7.19051659E-02 -0.500000000    
          18          27  -4.17358875E-02   8.86179358E-02 -0.500000000    
          18          28   2.39294432E-02   9.75555107E-02 -0.500000000    
          18          29  0.153471097       9.46271643E-02 -0.500000000    
          18          30  0.221457571       8.21951106E-02 -0.500000000    
          18          31  0.113177203       6.94454387E-02 -0.500000000    
          18          32  -9.50571895E-02   7.03091547E-02 -0.500000000    
          18          33  0.148265064       7.49070048E-02 -0.500000000    
          19           1  -4.54878174E-02   7.30218813E-02 -0.500000000    
          19           2  -8.63619149E-03   6.78530037E-02 -0.500000000    
          19           3  0.199272290       7.53968880E-02 -0.500000000    
          19           4  0.200477332       8.95207822E-02 -0.500000000    
          19           5   8.68929476E-02   9.76113454E-02 -0.500000000    
          19           6  -2.26463266E-02   9.44832414E-02 -0.500000000    
          19           7  -3.32922861E-02   8.11524987E-02 -0.500000000    
          19           8   2.79288124E-02   6.34889305E-02 -0.500000000    
          19           9   9.27661061E-02   4.65902500E-02 -0.500000000    
          19          10  0.134822369       3.25003080E-02 -0.500000000    
          19          11  0.153659493       2.14746129E-02 -0.500000000    
          19          12  0.157007471       1.31611452E-02 -0.500000000    
          19          13  0.152018890       7.09924940E-03 -0.500000000    
          19          14  0.143712863       2.87129218E-03 -0.500000000    
          19          15  0.136189774       1.65773701E-04 -0.500000000    
          19          16  0.131605342      -1.22744055E-03 -0.500000000    
          19          17  0.130807534      -1.42465613E-03 -0.500000000    
          19          18  0.134307995      -4.35899216E-04 -0.500000000    
          19          19  0.141041249       1.81293150E-03 -0.500000000    
          19          20  0.149212226       5.50187612E-03 -0.500000000    
          19          21  0.156026497       1.09145008E-02 -0.500000000    
          19          22  0.156376526       1.84275564E-02 -0.500000000    
          19          23  0.143559799       2.84963194E-02 -0.500000000    
          19          24  0.109694667       4.15432975E-02 -0.500000000    
          19          25   5.14696874E-02   5.76151535E-02 -0.500000000    
          19          26  -1.71551369E-02   7.54274353E-02 -0.500000000    
          19          27  -3.85854989E-02   9.09320191E-02 -0.500000000    
          19          28   4.32931334E-02   9.79000032E-02 -0.500000000    
          19          29  0.169944227       9.32644308E-02 -0.500000000    
          19          30  0.219336718       8.01797733E-02 -0.500000000    
          19          31   8.27444345E-02   6.86370656E-02 -0.500000000    
          19          32  -8.61953869E-02   7.11495355E-02 -0.500000000    
          19          33  0.199379861       7.51179308E-02 -0.500000000    
          20           1   3.09972931E-02   7.39396140E-02 -0.500000000    
          20           2  -5.37101701E-02   6.83359727E-02 -0.500000000    
          20           3  0.174675897       7.27860406E-02 -0.500000000    
          20           4  0.213555798       8.66335854E-02 -0.500000000    
          20           5  0.118421987       9.66008455E-02 -0.500000000    
          20           6  -1.57222035E-03   9.64436382E-02 -0.500000000    
          20           7  -4.08551395E-02   8.57246742E-02 -0.500000000    
          20           8   5.27401175E-03   6.92402422E-02 -0.500000000    
          20           9   7.19661564E-02   5.24169095E-02 -0.500000000    
          20          10  0.120742232       3.79276015E-02 -0.500000000    
          20          11  0.147230327       2.63978262E-02 -0.500000000    
          20          12  0.156675622       1.76144093E-02 -0.500000000    
          20          13  0.156114593       1.11608086E-02 -0.500000000    
          20          14  0.151130781       6.63774228E-03 -0.500000000    
          20          15  0.145662114       3.73240141E-03 -0.500000000    
          20          16  0.142031774       2.23232061E-03 -0.500000000    
          20          17  0.141516417       2.02076393E-03 -0.500000000    
          20          18  0.144145772       3.08444514E-03 -0.500000000    
          20          19  0.149212271       5.50186448E-03 -0.500000000    
          20          20  0.154718667       9.45584476E-03 -0.500000000    
          20          21  0.157377765       1.52266985E-02 -0.500000000    
          20          22  0.151937798       2.31837798E-02 -0.500000000    
          20          23  0.131683111       3.37537080E-02 -0.500000000    
          20          24   9.04438794E-02   4.72649112E-02 -0.500000000    
          20          25   2.78011691E-02   6.34744614E-02 -0.500000000    
          20          26  -3.19048129E-02   8.05598497E-02 -0.500000000    
          20          27  -2.67900005E-02   9.38876942E-02 -0.500000000    
          20          28   7.49762729E-02   9.78145972E-02 -0.500000000    
          20          29  0.191496328       9.08216164E-02 -0.500000000    
          20          30  0.209205225       7.71452188E-02 -0.500000000    
          20          31   3.15003879E-02   6.79621920E-02 -0.500000000    
          20          32  -5.07047251E-02   7.23781958E-02 -0.500000000    
          20          33  0.268308550       7.53280297E-02 -0.500000000    
          21           1  0.138847440       7.47502819E-02 -0.500000000    
          21           2  -8.90613645E-02   6.97196722E-02 -0.500000000    
          21           3  0.126263231       6.99953362E-02 -0.500000000    
          21           4  0.220375761       8.24760199E-02 -0.500000000    
          21           5  0.157114357       9.43169445E-02 -0.500000000    
          21           6   3.55657451E-02   9.78067815E-02 -0.500000000    
          21           7  -3.85322534E-02   9.09013078E-02 -0.500000000    
          21           8  -2.06488706E-02   7.66452625E-02 -0.500000000    
          21           9   4.07472998E-02   6.03639483E-02 -0.500000000    
          21          10   9.67798382E-02   4.55649421E-02 -0.500000000    
          21          11  0.132660940       3.34395207E-02 -0.500000000    
          21          12  0.150800362       2.40495037E-02 -0.500000000    
          21          13  0.156999364       1.70778241E-02 -0.500000000    
          21          14  0.156731546       1.21561233E-02 -0.500000000    
          21          15  0.154266149       8.97671655E-03 -0.500000000    
          21          16  0.152216285       7.33032636E-03 -0.500000000    
          21          17  0.151832864       7.09751388E-03 -0.500000000    
          21          18  0.153449252       8.26628227E-03 -0.500000000    
          21          19  0.156026527       1.09144831E-02 -0.500000000    
          21          20  0.157377675       1.52266910E-02 -0.500000000    
          21          21  0.153895721       2.14758869E-02 -0.500000000    
          21          22  0.140300736       3.00162192E-02 -0.500000000    
          21          23  0.110837542       4.12083529E-02 -0.500000000    
          21          24   6.12775423E-02   5.51736839E-02 -0.500000000    
          21          25  -2.14796187E-03   7.12128952E-02 -0.500000000    
          21          26  -4.15274277E-02   8.66995677E-02 -0.500000000    
          21          27   1.10154739E-03   9.66124833E-02 -0.500000000    
          21          28  0.117883094       9.66104567E-02 -0.500000000    
          21          29  0.211683780       8.70198458E-02 -0.500000000    
          21          30  0.181211710       7.34166130E-02 -0.500000000    
          21          31  -3.61925960E-02   6.81429878E-02 -0.500000000    
          21          32   2.98126675E-02   7.37150982E-02 -0.500000000    
          21          33  0.341793060       7.54715577E-02 -0.500000000    
          22           1  0.258380920       7.52648264E-02 -0.500000000    
          22           2  -6.67249486E-02   7.18856677E-02 -0.500000000    
          22           3   4.44438569E-02   6.81094527E-02 -0.500000000    
          22           4  0.208560884       7.72404000E-02 -0.500000000    
          22           5  0.194772378       9.02496949E-02 -0.500000000    
          22           6   8.92582834E-02   9.75381061E-02 -0.500000000    
          22           7  -1.41289271E-02   9.54753906E-02 -0.500000000    
          22           8  -3.99202183E-02   8.49192515E-02 -0.500000000    
          22           9   1.54433982E-03   7.02041686E-02 -0.500000000    
          22          10   5.99191561E-02   5.55095002E-02 -0.500000000    
          22          11  0.105691604       4.28705737E-02 -0.500000000    
          22          12  0.134175241       3.28100622E-02 -0.500000000    
          22          13  0.149078026       2.52157133E-02 -0.500000000    
          22          14  0.155418724       1.97994392E-02 -0.500000000    
          22          15  0.157252237       1.62786301E-02 -0.500000000    
          22          16  0.157421127       1.44451782E-02 -0.500000000    
          22          17  0.157377392       1.41876172E-02 -0.500000000    
          22          18  0.157395855       1.54871130E-02 -0.500000000    
          22          19  0.156376436       1.84275657E-02 -0.500000000    
          22          20  0.151937902       2.31837947E-02 -0.500000000    
          22          21  0.140300795       3.00162230E-02 -0.500000000    
          22          22  0.116903767       3.92289981E-02 -0.500000000    
          22          23   7.72513151E-02   5.10248728E-02 -0.500000000    
          22          24   2.15906408E-02   6.51643723E-02 -0.500000000    
          22          25  -3.07110474E-02   8.02369192E-02 -0.500000000    
          22          26  -3.27134542E-02   9.27294269E-02 -0.500000000    
          22          27   4.98163067E-02   9.79451686E-02 -0.500000000    
          22          28  0.165669709       9.35891569E-02 -0.500000000    
          22          29  0.219677761       8.17806125E-02 -0.500000000    
          22          30  0.121331431       6.98385313E-02 -0.500000000    
          22          31  -8.76551419E-02   6.97469190E-02 -0.500000000    
          22          32  0.152575076       7.47630447E-02 -0.500000000    
          22          33  0.406163514       7.55386427E-02 -0.500000000    
          23           1  0.362414539       7.54897743E-02 -0.500000000    
          23           2   5.07666059E-02   7.39472806E-02 -0.500000000    
          23           3  -5.55564351E-02   6.84912652E-02 -0.500000000    
          23           4  0.159569144       7.18242303E-02 -0.500000000    
          23           5  0.217715755       8.42190534E-02 -0.500000000    
          23           6  0.151107639       9.47043151E-02 -0.500000000    
          23           7   4.03114706E-02   9.78736654E-02 -0.500000000    
          23           8  -3.35512385E-02   9.25432742E-02 -0.500000000    
          23           9  -3.32865268E-02   8.10851231E-02 -0.500000000    
          23          10   1.19090425E-02   6.75267726E-02 -0.500000000    
          23          11   6.25078380E-02   5.48158251E-02 -0.500000000    
          23          12  0.101269402       4.42120284E-02 -0.500000000    
          23          13  0.126177579       3.59870978E-02 -0.500000000    
          23          14  0.140259281       3.00180577E-02 -0.500000000    
          23          15  0.147778258       2.61012577E-02 -0.500000000    
          23          16  0.150818467       2.40514688E-02 -0.500000000    
          23          17  0.151211441       2.37603951E-02 -0.500000000    
          23          18  0.149092644       2.52179373E-02 -0.500000000    
          23          19  0.143559963       2.84962710E-02 -0.500000000    
          23          20  0.131683096       3.37536335E-02 -0.500000000    
          23          21  0.110837586       4.12083343E-02 -0.500000000    
          23          22   7.72512928E-02   5.10249138E-02 -0.500000000    
          23          23   2.98840851E-02   6.31073192E-02 -0.500000000    
          23          24  -2.06496678E-02   7.66147301E-02 -0.500000000    
          23          25  -4.08736318E-02   8.92097205E-02 -0.500000000    
          23          26   8.02971516E-03   9.69901234E-02 -0.500000000    
          23          27  0.114881814       9.67057124E-02 -0.500000000    
          23          28  0.205384582       8.83035585E-02 -0.500000000    
          23          29  0.198439538       7.55814239E-02 -0.500000000    
          23          30   2.00514197E-02   6.79671988E-02 -0.500000000    
          23          31  -5.11483327E-02   7.23306537E-02 -0.500000000    
          23          32  0.284565300       7.53245428E-02 -0.500000000    
          23          33  0.452879101       7.55579844E-02 -0.500000000    
          24           1  0.434684247       7.55519718E-02 -0.500000000    
          24           2  0.221728101       7.51097724E-02 -0.500000000    
          24           3  -8.09800029E-02   7.12791383E-02 -0.500000000    
          24           4   5.40524274E-02   6.82686195E-02 -0.500000000    
          24           5  0.205179378       7.68178701E-02 -0.500000000    
          24           6  0.202502295       8.88408571E-02 -0.500000000    
          24           7  0.116590038       9.66414735E-02 -0.500000000    
          24           8   1.58391688E-02   9.73149911E-02 -0.500000000    
          24           9  -3.81077752E-02   9.10627246E-02 -0.500000000    
          24          10  -3.17099877E-02   8.05086717E-02 -0.500000000    
          24          11   6.80723786E-03   6.88751936E-02 -0.500000000    
          24          12   4.87568267E-02   5.82840964E-02 -0.500000000    
          24          13   8.21427032E-02   4.96560447E-02 -0.500000000    
          24          14  0.104414135       4.32145447E-02 -0.500000000    
          24          15  0.117672563       3.89064439E-02 -0.500000000    
          24          16  0.124536529       3.66376825E-02 -0.500000000    
          24          17  0.124997377       3.63111086E-02 -0.500000000    
          24          18  0.120868511       3.79331969E-02 -0.500000000    
          24          19  0.109695010       4.15432043E-02 -0.500000000    
          24          20   9.04440880E-02   4.72648889E-02 -0.500000000    
          24          21   6.12776354E-02   5.51736578E-02 -0.500000000    
          24          22   2.15907749E-02   6.51644319E-02 -0.500000000    
          24          23  -2.06495300E-02   7.66147450E-02 -0.500000000    
          24          24  -4.18506488E-02   8.78506675E-02 -0.500000000    
          24          25  -9.08013247E-03   9.59108472E-02 -0.500000000    
          24          26   8.11087415E-02   9.77067947E-02 -0.500000000    
          24          27  0.179582238       9.21233818E-02 -0.500000000    
          24          28  0.217663914       8.09460655E-02 -0.500000000    
          24          29  0.123903900       7.00172707E-02 -0.500000000    
          24          30  -8.07379186E-02   6.93021417E-02 -0.500000000    
          24          31  0.103613243       7.44282156E-02 -0.500000000    
          24          32  0.389410585       7.55192041E-02 -0.500000000    
          24          33  0.480733603       7.55599216E-02 -0.500000000    
          25           1  0.475177169       7.55599663E-02 -0.500000000    
          25           2  0.364838123       7.54895210E-02 -0.500000000    
          25           3   6.72526062E-02   7.41192922E-02 -0.500000000    
          25           4  -7.31795877E-02   6.90017790E-02 -0.500000000    
          25           5  0.126531184       7.01531693E-02 -0.500000000    
          25           6  0.216505572       8.04293677E-02 -0.500000000    
          25           7  0.187768847       9.10994187E-02 -0.500000000    
          25           8  0.101117417       9.71839428E-02 -0.500000000    
          25           9   1.24413641E-02   9.71896052E-02 -0.500000000    
          25          10  -3.63670029E-02   9.18196738E-02 -0.500000000    
          25          11  -3.75448242E-02   8.33221450E-02 -0.500000000    
          25          12  -1.21814981E-02   7.41259456E-02 -0.500000000    
          25          13   1.84947308E-02   6.58667237E-02 -0.500000000    
          25          14   4.42323908E-02   5.93412332E-02 -0.500000000    
          25          15   6.23276345E-02   5.48450500E-02 -0.500000000    
          25          16   7.13806152E-02   5.24260476E-02 -0.500000000    
          25          17   7.29001090E-02   5.20809442E-02 -0.500000000    
          25          18   6.60542324E-02   5.38065992E-02 -0.500000000    
          25          19   5.14701232E-02   5.76150119E-02 -0.500000000    
          25          20   2.78016124E-02   6.34743571E-02 -0.500000000    
          25          21  -2.14747526E-03   7.12128282E-02 -0.500000000    
          25          22  -3.07109039E-02   8.02369043E-02 -0.500000000    
          25          23  -4.08735685E-02   8.92097279E-02 -0.500000000    
          25          24  -9.08022840E-03   9.59108621E-02 -0.500000000    
          25          25   6.97830617E-02   9.78740975E-02 -0.500000000    
          25          26  0.162940487       9.37665254E-02 -0.500000000    
          25          27  0.216977835       8.42873231E-02 -0.500000000    
          25          28  0.174110010       7.30156153E-02 -0.500000000    
          25          29  -1.27650201E-02   6.80230558E-02 -0.500000000    
          25          30  -3.53504568E-02   7.27099329E-02 -0.500000000    
          25          31  0.286845058       7.53309429E-02 -0.500000000    
          25          32  0.454090953       7.55577460E-02 -0.500000000    
          25          33  0.493956953       7.55591691E-02 -0.500000000    
          26           1  0.492987424       7.55592510E-02 -0.500000000    
          26           2  0.448656738       7.55563974E-02 -0.500000000    
          26           3  0.279480875       7.53105730E-02 -0.500000000    
          26           4  -3.15617360E-02   7.27933273E-02 -0.500000000    
          26           5  -2.70241350E-02   6.81326985E-02 -0.500000000    
          26           6  0.157533184       7.18050674E-02 -0.500000000    
          26           7  0.218319133       8.19183066E-02 -0.500000000    
          26           8  0.185408205       9.14055556E-02 -0.500000000    
          26           9  0.109148160       9.69327092E-02 -0.500000000    
          26          10   2.94877067E-02   9.76994783E-02 -0.500000000    
          26          11  -2.29882449E-02   9.44397226E-02 -0.500000000    
          26          12  -4.13313881E-02   8.87952596E-02 -0.500000000    
          26          13  -3.63339856E-02   8.25365856E-02 -0.500000000    
          26          14  -2.20426116E-02   7.69798905E-02 -0.500000000    
          26          15  -8.40679929E-03   7.28792846E-02 -0.500000000    
          26          16  -1.02131860E-04   7.05935210E-02 -0.500000000    
          26          17   1.18915900E-03   7.02644438E-02 -0.500000000    
          26          18  -4.93001519E-03   7.19049722E-02 -0.500000000    
          26          19  -1.71545967E-02   7.54272640E-02 -0.500000000    
          26          20  -3.19043845E-02   8.05597007E-02 -0.500000000    
          26          21  -4.15271595E-02   8.66995081E-02 -0.500000000    
          26          22  -3.27134840E-02   9.27293524E-02 -0.500000000    
          26          23   8.02955497E-03   9.69900712E-02 -0.500000000    
          26          24   8.11085701E-02   9.77067873E-02 -0.500000000    
          26          25  0.162940547       9.37665552E-02 -0.500000000    
          26          26  0.214758024       8.53841901E-02 -0.500000000    
          26          27  0.191300601       7.48728812E-02 -0.500000000    
          26          28   4.21958081E-02   6.81700632E-02 -0.500000000    
          26          29  -8.51478726E-02   7.10127801E-02 -0.500000000    
          26          30  0.179545999       7.49169514E-02 -0.500000000    
          26          31  0.411915153       7.55386353E-02 -0.500000000    
          26          32  0.485497504       7.55597353E-02 -0.500000000    
          26          33  0.498659641       7.55588636E-02 -0.500000000    
          27           1  0.498669654       7.55588636E-02 -0.500000000    
          27           2  0.485746533       7.55597129E-02 -0.500000000    
          27           3  0.417749107       7.55425543E-02 -0.500000000    
          27           4  0.209243670       7.50591308E-02 -0.500000000    
          27           5  -6.83476478E-02   7.18475580E-02 -0.500000000    
          27           6  -3.82589875E-03   6.80079535E-02 -0.500000000    
          27           7  0.161335319       7.20715597E-02 -0.500000000    
          27           8  0.217552200       8.11721385E-02 -0.500000000    
          27           9  0.196724251       8.98340121E-02 -0.500000000    
          27          10  0.137666389       9.55676883E-02 -0.500000000    
          27          11   7.02708587E-02   9.78684798E-02 -0.500000000    
          27          12   1.49790030E-02   9.72727537E-02 -0.500000000    
          27          13  -1.96344480E-02   9.48744267E-02 -0.500000000    
          27          14  -3.59614491E-02   9.18816552E-02 -0.500000000    
          27          15  -4.12409417E-02   8.92786235E-02 -0.500000000    
          27          16  -4.20083851E-02   8.77027884E-02 -0.500000000    
          27          17  -4.20185216E-02   8.74680653E-02 -0.500000000    
          27          18  -4.17357869E-02   8.86177793E-02 -0.500000000    
          27          19  -3.85855250E-02   9.09318775E-02 -0.500000000    
          27          20  -2.67903414E-02   9.38875973E-02 -0.500000000    
          27          21   1.10099651E-03   9.66123715E-02 -0.500000000    
          27          22   4.98156026E-02   9.79451314E-02 -0.500000000    
          27          23  0.114881285       9.67056826E-02 -0.500000000    
          27          24  0.179582074       9.21233967E-02 -0.500000000    
          27          25  0.216977805       8.42873603E-02 -0.500000000    
          27          26  0.191300675       7.48728588E-02 -0.500000000    
          27          27   6.06816411E-02   6.84019700E-02 -0.500000000    
          27          28  -8.91040936E-02   7.01112002E-02 -0.500000000    
          27          29  0.104462802       7.44437873E-02 -0.500000000    
          27          30  0.368301034       7.54941553E-02 -0.500000000    
          27          31  0.472767293       7.55598843E-02 -0.500000000    
          27          32  0.496847749       7.55589679E-02 -0.500000000    
          27          33  0.499808997       7.55588487E-02 -0.500000000    
          28           1  0.499847710       7.55588487E-02 -0.500000000    
          28           2  0.497440666       7.55589232E-02 -0.500000000    
          28           3  0.478106678       7.55598918E-02 -0.500000000    
          28           4  0.395363808       7.55248442E-02 -0.500000000    
          28           5  0.177748561       7.49095678E-02 -0.500000000    
          28           6  -7.22073168E-02   7.17024431E-02 -0.500000000    
          28           7  -1.56382769E-02   6.80521578E-02 -0.500000000    
          28           8  0.140682787       7.08126649E-02 -0.500000000    
          28           9  0.211123824       7.82361105E-02 -0.500000000    
          28          10  0.213681117       8.60426947E-02 -0.500000000    
          28          11  0.180624962       9.20873359E-02 -0.500000000    
          28          12  0.133773044       9.58354920E-02 -0.500000000    
          28          13   8.82142708E-02   9.75738987E-02 -0.500000000    
          28          14   5.24591692E-02   9.79507565E-02 -0.500000000    
          28          15   2.90762056E-02   9.76816341E-02 -0.500000000    
          28          16   1.72525644E-02   9.73489061E-02 -0.500000000    
          28          17   1.56200100E-02   9.72904190E-02 -0.500000000    
          28          18   2.39284001E-02   9.75553766E-02 -0.500000000    
          28          19   4.32920642E-02   9.78999510E-02 -0.500000000    
          28          20   7.49753937E-02   9.78146046E-02 -0.500000000    
          28          21  0.117882200       9.66104716E-02 -0.500000000    
          28          22  0.165669069       9.35892090E-02 -0.500000000    
          28          23  0.205384269       8.83036181E-02 -0.500000000    
          28          24  0.217663884       8.09461474E-02 -0.500000000    
          28          25  0.174110219       7.30156302E-02 -0.500000000    
          28          26   4.21959721E-02   6.81700781E-02 -0.500000000    
          28          27  -8.91041011E-02   7.01112300E-02 -0.500000000    
          28          28   7.88069665E-02   7.42338672E-02 -0.500000000    
          28          29  0.340608120       7.54510835E-02 -0.500000000    
          28          30  0.460965455       7.55588040E-02 -0.500000000    
          28          31  0.494372070       7.55591318E-02 -0.500000000    
          28          32  0.499578476       7.55588487E-02 -0.500000000    
          28          33  0.499984562       7.55588487E-02 -0.500000000    
          29           1  0.499991030       7.55588487E-02 -0.500000000    
          29           2  0.499735355       7.55588487E-02 -0.500000000    
          29           3  0.496377110       7.55589679E-02 -0.500000000    
          29           4  0.474124283       7.55598396E-02 -0.500000000    
          29           5  0.391786247       7.55213797E-02 -0.500000000    
          29           6  0.193713516       7.49885514E-02 -0.500000000    
          29           7  -4.92804907E-02   7.24049509E-02 -0.500000000    
          29           8  -5.74111119E-02   6.85713589E-02 -0.500000000    
          29           9   8.36867839E-02   6.87963068E-02 -0.500000000    
          29          10  0.180802032       7.35335350E-02 -0.500000000    
          29          11  0.216909945       7.97714368E-02 -0.500000000    
          29          12  0.216395199       8.54255930E-02 -0.500000000    
          29          13  0.198806554       8.97159725E-02 -0.500000000    
          29          14  0.176806346       9.25853476E-02 -0.500000000    
          29          15  0.158139065       9.42744166E-02 -0.500000000    
          29          16  0.147055253       9.50741842E-02 -0.500000000    
          29          17  0.145419389       9.51816812E-02 -0.500000000    
          29          18  0.153469995       9.46271569E-02 -0.500000000    
          29          19  0.169943184       9.32644680E-02 -0.500000000    
          29          20  0.191495493       9.08216536E-02 -0.500000000    
          29          21  0.211683199       8.70198607E-02 -0.500000000    
          29          22  0.219677538       8.17806870E-02 -0.500000000    
          29          23  0.198439762       7.55814761E-02 -0.500000000    
          29          24  0.123904206       7.00172931E-02 -0.500000000    
          29          25  -1.27648655E-02   6.80230334E-02 -0.500000000    
          29          26  -8.51479545E-02   7.10128024E-02 -0.500000000    
          29          27  0.104462735       7.44437948E-02 -0.500000000    
          29          28  0.340608120       7.54510909E-02 -0.500000000    
          29          29  0.456131339       7.55580068E-02 -0.500000000    
          29          30  0.492527366       7.55592361E-02 -0.500000000    
          29          31  0.499316841       7.55588487E-02 -0.500000000    
          29          32  0.499969184       7.55588487E-02 -0.500000000    
          29          33  0.499999642       7.55588487E-02 -0.500000000    
          30           1  0.499999940       7.55588487E-02 -0.500000000    
          30           2  0.499986410       7.55588487E-02 -0.500000000    
          30           3  0.499670565       7.55588487E-02 -0.500000000    
          30           4  0.496194184       7.55589828E-02 -0.500000000    
          30           5  0.476190627       7.55598843E-02 -0.500000000    
          30           6  0.408706039       7.55362287E-02 -0.500000000    
          30           7  0.252935648       7.52278045E-02 -0.500000000    
          30           8   2.63101868E-02   7.36801401E-02 -0.500000000    
          30           9  -8.96873921E-02   7.03780651E-02 -0.500000000    
          30          10  -1.89199783E-02   6.80289194E-02 -0.500000000    
          30          11   9.19620320E-02   6.89320415E-02 -0.500000000    
          30          12  0.165553838       7.21447766E-02 -0.500000000    
          30          13  0.202478915       7.59515241E-02 -0.500000000    
          30          14  0.217243224       7.92728513E-02 -0.500000000    
          30          15  0.221210197       8.16442445E-02 -0.500000000    
          30          16  0.221409470       8.29295814E-02 -0.500000000    
          30          17  0.221331298       8.31129625E-02 -0.500000000    
          30          18  0.221457019       8.21952075E-02 -0.500000000    
          30          19  0.219336525       8.01798552E-02 -0.500000000    
          30          20  0.209205419       7.71452934E-02 -0.500000000    
          30          21  0.181212306       7.34166577E-02 -0.500000000    
          30          22  0.121332169       6.98385909E-02 -0.500000000    
          30          23   2.00520866E-02   6.79672137E-02 -0.500000000    
          30          24  -8.07376802E-02   6.93021566E-02 -0.500000000    
          30          25  -3.53507623E-02   7.27099255E-02 -0.500000000    
          30          26  0.179545894       7.49169737E-02 -0.500000000    
          30          27  0.368301034       7.54941553E-02 -0.500000000    
          30          28  0.460965455       7.55588338E-02 -0.500000000    
          30          29  0.492527366       7.55592361E-02 -0.500000000    
          30          30  0.499198586       7.55588487E-02 -0.500000000    
          30          31  0.499956369       7.55588487E-02 -0.500000000    
          30          32  0.499999315       7.55588487E-02 -0.500000000    
          30          33  0.500000000       7.55588487E-02 -0.500000000    
          31           1  0.500000000       7.55588487E-02 -0.500000000    
          31           2  0.499999940       7.55588487E-02 -0.500000000    
          31           3  0.499985576       7.55588487E-02 -0.500000000    
          31           4  0.499704719       7.55588487E-02 -0.500000000    
          31           5  0.497027844       7.55589381E-02 -0.500000000    
          31           6  0.483045042       7.55598322E-02 -0.500000000    
          31           7  0.438230962       7.55530074E-02 -0.500000000    
          31           8  0.336616844       7.54440203E-02 -0.500000000    
          31           9  0.167528763       7.48501644E-02 -0.500000000    
          31          10  -1.03057139E-02   7.31525496E-02 -0.500000000    
          31          11  -8.90373141E-02   7.05630332E-02 -0.500000000    
          31          12  -5.80930598E-02   6.85119703E-02 -0.500000000    
          31          13   1.00024380E-02   6.78892732E-02 -0.500000000    
          31          14   6.80537522E-02   6.83651045E-02 -0.500000000    
          31          15  0.105174132       6.91970512E-02 -0.500000000    
          31          16  0.123464555       6.98082671E-02 -0.500000000    
          31          17  0.125964105       6.99044466E-02 -0.500000000    
          31          18  0.113178335       6.94454983E-02 -0.500000000    
          31          19   8.27453956E-02   6.86371028E-02 -0.500000000    
          31          20   3.15014273E-02   6.79622218E-02 -0.500000000    
          31          21  -3.61917131E-02   6.81429952E-02 -0.500000000    
          31          22  -8.76549035E-02   6.97468817E-02 -0.500000000    
          31          23  -5.11487536E-02   7.23306090E-02 -0.500000000    
          31          24  0.103612714       7.44281933E-02 -0.500000000    
          31          25  0.286844879       7.53309429E-02 -0.500000000    
          31          26  0.411915153       7.55386427E-02 -0.500000000    
          31          27  0.472767293       7.55598843E-02 -0.500000000    
          31          28  0.494372070       7.55591318E-02 -0.500000000    
          31          29  0.499316841       7.55588487E-02 -0.500000000    
          31          30  0.499956369       7.55588487E-02 -0.500000000    
          31          31  0.499999136       7.55588487E-02 -0.500000000    
          31          32  0.500000000       7.55588487E-02 -0.500000000    
          31          33  0.500000000       7.55588487E-02 -0.500000000    
          32           1  0.500000000       7.55588487E-02 -0.500000000    
          32           2  0.500000000       7.55588487E-02 -0.500000000    
          32           3  0.499999940       7.55588487E-02 -0.500000000    
          32           4  0.499989331       7.55588487E-02 -0.500000000    
          32           5  0.499809951       7.55588487E-02 -0.500000000    
          32           6  0.498289794       7.55588934E-02 -0.500000000    
          32           7  0.490858793       7.55594000E-02 -0.500000000    
          32           8  0.467630357       7.55596459E-02 -0.500000000    
          32           9  0.415358096       7.55411014E-02 -0.500000000    
          32          10  0.323732734       7.54189417E-02 -0.500000000    
          32          11  0.197652087       7.50035048E-02 -0.500000000    
          32          12   6.71686381E-02   7.41133988E-02 -0.500000000    
          32          13  -2.93974988E-02   7.28316158E-02 -0.500000000    
          32          14  -7.83934370E-02   7.15249628E-02 -0.500000000    
          32          15  -9.37835872E-02   7.05382898E-02 -0.500000000    
          32          16  -9.54347253E-02   7.00066015E-02 -0.500000000    
          32          17  -9.52968597E-02   6.99317530E-02 -0.500000000    
          32          18  -9.50570703E-02   7.03091323E-02 -0.500000000    
          32          19  -8.61955732E-02   7.11494982E-02 -0.500000000    
          32          20  -5.07054292E-02   7.23782033E-02 -0.500000000    
          32          21   2.98116654E-02   7.37150833E-02 -0.500000000    
          32          22  0.152574360       7.47630075E-02 -0.500000000    
          32          23  0.284564972       7.53245428E-02 -0.500000000    
          32          24  0.389410496       7.55192041E-02 -0.500000000    
          32          25  0.454090953       7.55577534E-02 -0.500000000    
          32          26  0.485497504       7.55597353E-02 -0.500000000    
          32          27  0.496847749       7.55589679E-02 -0.500000000    
          32          28  0.499578476       7.55588487E-02 -0.500000000    
          32          29  0.499969184       7.55588487E-02 -0.500000000    
          32          30  0.499999315       7.55588487E-02 -0.500000000    
          32          31  0.500000000       7.55588487E-02 -0.500000000    
          32          32  0.500000000       7.55588487E-02 -0.500000000    
          32          33  0.500000000       7.55588487E-02 -0.500000000    
          33           1  0.500000000       7.55588487E-02 -0.500000000    
          33           2  0.500000000       7.55588487E-02 -0.500000000    
          33           3  0.500000000       7.55588487E-02 -0.500000000    
          33           4  0.499999970       7.55588487E-02 -0.500000000    
          33           5  0.499994457       7.55588487E-02 -0.500000000    
          33           6  0.499911219       7.55588487E-02 -0.500000000    
          33           7  0.499260873       7.55588487E-02 -0.500000000    
          33           8  0.496181011       7.55590051E-02 -0.500000000    
          33           9  0.486469477       7.55596533E-02 -0.500000000    
          33          10  0.464129806       7.55594745E-02 -0.500000000    
          33          11  0.423902720       7.55486563E-02 -0.500000000    
          33          12  0.364831388       7.55014047E-02 -0.500000000    
          33          13  0.293021947       7.53849447E-02 -0.500000000    
          33          14  0.220958799       7.51923248E-02 -0.500000000    
          33          15  0.162678942       7.49716982E-02 -0.500000000    
          33          16  0.128532633       7.48113468E-02 -0.500000000    
          33          17  0.123513713       7.47856572E-02 -0.500000000    
          33          18  0.148264050       7.49070048E-02 -0.500000000    
          33          19  0.199379101       7.51179308E-02 -0.500000000    
          33          20  0.268308014       7.53280371E-02 -0.500000000    
          33          21  0.341792822       7.54715577E-02 -0.500000000    
          33          22  0.406163454       7.55386427E-02 -0.500000000    
          33          23  0.452879101       7.55579919E-02 -0.500000000    
          33          24  0.480733603       7.55599216E-02 -0.500000000    
          33          25  0.493956953       7.55591691E-02 -0.500000000    
          33          26  0.498659641       7.55588636E-02 -0.500000000    
          33          27  0.499808997       7.55588487E-02 -0.500000000    
          33          28  0.499984562       7.55588487E-02 -0.500000000    
          33          29  0.499999642       7.55588487E-02 -0.500000000    
          33          30  0.500000000       7.55588487E-02 -0.500000000    
          33          31  0.500000000       7.55588487E-02 -0.500000000    
          33          32  0.500000000       7.55588487E-02 -0.500000000    
          33          33  0.500000000       7.55588487E-02 -0.500000000    
