           1           1  0.499993294       9.97120366E-02 -0.500000000    
           1           2  0.499826789       9.97120366E-02 -0.500000000    
           1           3  0.497875005       9.97120515E-02 -0.500000000    
           1           4  0.484911382       9.97097641E-02 -0.500000000    
           1           5  0.431858838       9.96470451E-02 -0.500000000    
           1           6  0.285201699       9.89527702E-02 -0.500000000    
           1           7   2.73676403E-02   9.50196609E-02 -0.500000000    
           1           8 -0.154556379       8.39773268E-02 -0.500000000    
           1           9 -0.107089266       6.91049621E-02 -0.500000000    
           1          10   1.46545470E-02   5.74395210E-02 -0.500000000    
           1          11  0.121208198       5.02970666E-02 -0.500000000    
           1          12  0.211106494       4.63831797E-02 -0.500000000    
           1          13  0.284834176       4.46215831E-02 -0.500000000    
           1          14  0.339769244       4.41939756E-02 -0.500000000    
           1          15  0.375646621       4.43866514E-02 -0.500000000    
           1          16  0.394096643       4.46576327E-02 -0.500000000    
           1          17  0.396673828       4.47059162E-02 -0.500000000    
           1          18  0.383638352       4.44884188E-02 -0.500000000    
           1          19  0.353784293       4.42204848E-02 -0.500000000    
           1          20  0.305307478       4.43685018E-02 -0.500000000    
           1          21  0.237629861       4.55996394E-02 -0.500000000    
           1          22  0.152835101       4.86959293E-02 -0.500000000    
           1          23   5.23919389E-02   5.46137840E-02 -0.500000000    
           1          24  -6.68900684E-02   6.46784231E-02 -0.500000000    
           1          25 -0.159430638       7.90221095E-02 -0.500000000    
           1          26  -5.65906167E-02   9.21935886E-02 -0.500000000    
           1          27  0.207918823       9.82219949E-02 -0.500000000    
           1          28  0.396334678       9.95524228E-02 -0.500000000    
           1          29  0.473908037       9.97040868E-02 -0.500000000    
           1          30  0.495678782       9.97119695E-02 -0.500000000    
           1          31  0.499572843       9.97120366E-02 -0.500000000    
           1          32  0.499977678       9.97120366E-02 -0.500000000    
           1          33  0.499999732       9.97120366E-02 -0.500000000    
           2           1  0.499826789       9.97120366E-02 -0.500000000    
           2           2  0.497578055       9.97119993E-02 -0.500000000    
           2           3  0.481046557       9.97081175E-02 -0.500000000    
           2           4  0.409629971       9.95881706E-02 -0.500000000    
           2           5  0.214850307       9.81808007E-02 -0.500000000    
           2           6  -4.70720977E-02   9.07512084E-02 -0.500000000    
           2           7  -5.04833572E-02   7.56891370E-02 -0.500000000    
           2           8  0.106547236       6.45605475E-02 -0.500000000    
           2           9  0.190614522       6.19933084E-02 -0.500000000    
           2          10  0.194582075       6.39224201E-02 -0.500000000    
           2          11  0.154286623       6.65834993E-02 -0.500000000    
           2          12   9.88497362E-02   6.82099909E-02 -0.500000000    
           2          13   4.88642305E-02   6.84512034E-02 -0.500000000    
           2          14   1.41898589E-02   6.77266270E-02 -0.500000000    
           2          15  -5.02501940E-03   6.67080805E-02 -0.500000000    
           2          16  -1.32025033E-02   6.59749359E-02 -0.500000000    
           2          17  -1.42283738E-02   6.58595189E-02 -0.500000000    
           2          18  -8.73702019E-03   6.64098784E-02 -0.500000000    
           2          19   6.24894677E-03   6.73870891E-02 -0.500000000    
           2          20   3.54373194E-02   6.82848543E-02 -0.500000000    
           2          21   8.08598995E-02   6.84339255E-02 -0.500000000    
           2          22  0.136277169       6.72803819E-02 -0.500000000    
           2          23  0.184468001       6.48524165E-02 -0.500000000    
           2          24  0.198995680       6.23659454E-02 -0.500000000    
           2          25  0.145467982       6.28996044E-02 -0.500000000    
           2          26   1.87046174E-03   7.09983185E-02 -0.500000000    
           2          27  -8.67329538E-02   8.61633867E-02 -0.500000000    
           2          28  0.121250838       9.67091769E-02 -0.500000000    
           2          29  0.361401021       9.93998647E-02 -0.500000000    
           2          30  0.466464520       9.96978208E-02 -0.500000000    
           2          31  0.494890064       9.97118577E-02 -0.500000000    
           2          32  0.499552995       9.97120366E-02 -0.500000000    
           2          33  0.499979705       9.97120366E-02 -0.500000000    
           3           1  0.497875005       9.97120515E-02 -0.500000000    
           3           2  0.481046557       9.97081175E-02 -0.500000000    
           3           3  0.400122702       9.95586738E-02 -0.500000000    
           3           4  0.169119731       9.75538865E-02 -0.500000000    
           3           5  -8.25008824E-02   8.69880691E-02 -0.500000000    
           3           6   2.13553235E-02   7.00484440E-02 -0.500000000    
           3           7  0.179927319       6.26709834E-02 -0.500000000    
           3           8  0.225134075       6.45658225E-02 -0.500000000    
           3           9  0.195082381       6.92690313E-02 -0.500000000    
           3          10  0.128042474       7.29427710E-02 -0.500000000    
           3          11   5.37482910E-02   7.41533712E-02 -0.500000000    
           3          12  -6.39537070E-03   7.29098767E-02 -0.500000000    
           3          13  -4.38285284E-02   7.00407177E-02 -0.500000000    
           3          14  -6.15405291E-02   6.66576475E-02 -0.500000000    
           3          15  -6.73527792E-02   6.37468994E-02 -0.500000000    
           3          16  -6.82798252E-02   6.19859621E-02 -0.500000000    
           3          17  -6.82869926E-02   6.17236756E-02 -0.500000000    
           3          18  -6.79389611E-02   6.30084500E-02 -0.500000000    
           3          19  -6.44025952E-02   6.55944571E-02 -0.500000000    
           3          20  -5.15675880E-02   6.89161047E-02 -0.500000000    
           3          21  -2.14311071E-02   7.20802397E-02 -0.500000000    
           3          22   3.14170718E-02   7.39821568E-02 -0.500000000    
           3          23  0.102804564       7.36424848E-02 -0.500000000    
           3          24  0.175251916       7.07169697E-02 -0.500000000    
           3          25  0.221330628       6.60738125E-02 -0.500000000    
           3          26  0.206303358       6.26216233E-02 -0.500000000    
           3          27   8.57544914E-02   6.61901906E-02 -0.500000000    
           3          28  -8.40466693E-02   8.11424181E-02 -0.500000000    
           3          29   6.37972429E-02   9.53913778E-02 -0.500000000    
           3          30  0.343126953       9.93048996E-02 -0.500000000    
           3          31  0.465172559       9.96966064E-02 -0.500000000    
           3          32  0.495319515       9.97119248E-02 -0.500000000    
           3          33  0.499636054       9.97120366E-02 -0.500000000    
           4           1  0.484911382       9.97097641E-02 -0.500000000    
           4           2  0.409629971       9.95881706E-02 -0.500000000    
           4           3  0.169119731       9.75538641E-02 -0.500000000    
           4           4  -8.79376680E-02   8.55701566E-02 -0.500000000    
           4           5   5.89168258E-02   6.77348152E-02 -0.500000000    
           4           6  0.205109507       6.27208352E-02 -0.500000000    
           4           7  0.217391416       6.69259056E-02 -0.500000000    
           4           8  0.153018579       7.22260177E-02 -0.500000000    
           4           9   6.23847954E-02   7.44939893E-02 -0.500000000    
           4          10  -1.11944415E-02   7.24864751E-02 -0.500000000    
           4          11  -4.36888859E-02   6.69418648E-02 -0.500000000    
           4          12  -4.04869691E-02   5.96354976E-02 -0.500000000    
           4          13  -2.03999281E-02   5.22939339E-02 -0.500000000    
           4          14   1.73294800E-03   4.60709110E-02 -0.500000000    
           4          15   1.87189672E-02   4.15818989E-02 -0.500000000    
           4          16   2.81439442E-02   3.91065180E-02 -0.500000000    
           4          17   2.94959582E-02   3.87501605E-02 -0.500000000    
           4          18   2.27460805E-02   4.05253582E-02 -0.500000000    
           4          19   8.15023482E-03   4.43631262E-02 -0.500000000    
           4          20  -1.27563402E-02   5.00557832E-02 -0.500000000    
           4          21  -3.47654894E-02   5.71222901E-02 -0.500000000    
           4          22  -4.57098931E-02   6.46076798E-02 -0.500000000    
           4          23  -2.68639512E-02   7.09533691E-02 -0.500000000    
           4          24   3.41671072E-02   7.42973238E-02 -0.500000000    
           4          25  0.123430870       7.34284371E-02 -0.500000000    
           4          26  0.201767236       6.88497946E-02 -0.500000000    
           4          27  0.221370414       6.35787323E-02 -0.500000000    
           4          28  0.124253526       6.44560158E-02 -0.500000000    
           4          29  -7.30463192E-02   7.90328234E-02 -0.500000000    
           4          30   5.56594916E-02   9.51688886E-02 -0.500000000    
           4          31  0.352503091       9.93553251E-02 -0.500000000    
           4          32  0.471201450       9.97018516E-02 -0.500000000    
           4          33  0.496511787       9.97120142E-02 -0.500000000    
           5           1  0.431858838       9.96470228E-02 -0.500000000    
           5           2  0.214850307       9.81808007E-02 -0.500000000    
           5           3  -8.25008526E-02   8.69880840E-02 -0.500000000    
           5           4   5.89167774E-02   6.77348226E-02 -0.500000000    
           5           5  0.211162955       6.29137084E-02 -0.500000000    
           5           6  0.207626611       6.82018772E-02 -0.500000000    
           5           7  0.120908469       7.35600516E-02 -0.500000000    
           5           8   1.74335297E-02   7.39715397E-02 -0.500000000    
           5           9  -3.99309658E-02   6.82791620E-02 -0.500000000    
           5          10  -3.55773717E-02   5.82675226E-02 -0.500000000    
           5          11   2.38522794E-03   4.67958599E-02 -0.500000000    
           5          12   4.48840931E-02   3.60215679E-02 -0.500000000    
           5          13   7.87565559E-02   2.70246323E-02 -0.500000000    
           5          14  0.101690337       2.01835241E-02 -0.500000000    
           5          15  0.115351744       1.55547652E-02 -0.500000000    
           5          16  0.121927723       1.30896764E-02 -0.500000000    
           5          17  0.122827567       1.27394591E-02 -0.500000000    
           5          18  0.118236601       1.44955600E-02 -0.500000000    
           5          19  0.107157327       1.83964912E-02 -0.500000000    
           5          20   8.75763148E-02   2.44980901E-02 -0.500000000    
           5          21   5.73855080E-02   3.27962413E-02 -0.500000000    
           5          22   1.70051660E-02   4.30540964E-02 -0.500000000    
           5          23  -2.49167420E-02   5.44757806E-02 -0.500000000    
           5          24  -4.43934351E-02   6.52806386E-02 -0.500000000    
           5          25  -8.85812845E-03   7.27118924E-02 -0.500000000    
           5          26   8.47593546E-02   7.43761659E-02 -0.500000000    
           5          27  0.184889749       7.03181177E-02 -0.500000000    
           5          28  0.223824486       6.41603321E-02 -0.500000000    
           5          29  0.129272118       6.42610714E-02 -0.500000000    
           5          30  -7.92187229E-02   8.00895914E-02 -0.500000000    
           5          31   9.67044160E-02   9.61935744E-02 -0.500000000    
           5          32  0.385434389       9.95043069E-02 -0.500000000    
           5          33  0.479499221       9.97079313E-02 -0.500000000    
           6           1  0.285201639       9.89527404E-02 -0.500000000    
           6           2  -4.70721014E-02   9.07511860E-02 -0.500000000    
           6           3   2.13551894E-02   7.00484291E-02 -0.500000000    
           6           4  0.205109403       6.27208054E-02 -0.500000000    
           6           5  0.207626671       6.82018623E-02 -0.500000000    
           6           6  0.109202534       7.39019141E-02 -0.500000000    
           6           7  -1.67068397E-03   7.31777176E-02 -0.500000000    
           6           8  -4.45490927E-02   6.46026880E-02 -0.500000000    
           6           9  -1.27649577E-02   5.10161370E-02 -0.500000000    
           6          10   4.42482457E-02   3.63444537E-02 -0.500000000    
           6          11   9.28720310E-02   2.30298173E-02 -0.500000000    
           6          12  0.125017628       1.20272841E-02 -0.500000000    
           6          13  0.143011644       3.50190629E-03 -0.500000000    
           6          14  0.151517183      -2.69120955E-03 -0.500000000    
           6          15  0.154853612      -6.76375208E-03 -0.500000000    
           6          16  0.155759975      -8.89704842E-03 -0.500000000    
           6          17  0.155853778      -9.19886865E-03 -0.500000000    
           6          18  0.155297324      -7.68301683E-03 -0.500000000    
           6          19  0.153079450      -4.27397294E-03 -0.500000000    
           6          20  0.146630019       1.18810136E-03 -0.500000000    
           6          21  0.132340804       8.91469233E-03 -0.500000000    
           6          22  0.105465658       1.90877747E-02 -0.500000000    
           6          23   6.22125901E-02   3.16843279E-02 -0.500000000    
           6          24   5.75647783E-03   4.60859649E-02 -0.500000000    
           6          25  -4.01928909E-02   6.04186431E-02 -0.500000000    
           6          26  -2.60178931E-02   7.11168498E-02 -0.500000000    
           6          27   6.85717985E-02   7.45414644E-02 -0.500000000    
           6          28  0.182271168       7.05214813E-02 -0.500000000    
           6          29  0.222854331       6.38573393E-02 -0.500000000    
           6          30  0.102946609       6.53678551E-02 -0.500000000    
           6          31  -8.97130370E-02   8.42252374E-02 -0.500000000    
           6          32  0.184686467       9.77782458E-02 -0.500000000    
           6          33  0.418842047       9.96294096E-02 -0.500000000    
           7           1   2.73676869E-02   9.50196460E-02 -0.500000000    
           7           2  -5.04835322E-02   7.56891221E-02 -0.500000000    
           7           3  0.179927140       6.26709461E-02 -0.500000000    
           7           4  0.217391416       6.69258982E-02 -0.500000000    
           7           5  0.120908670       7.35600516E-02 -0.500000000    
           7           6  -1.67056755E-03   7.31776804E-02 -0.500000000    
           7           7  -4.33923677E-02   6.31961226E-02 -0.500000000    
           7           8   2.16238527E-03   4.70765345E-02 -0.500000000    
           7           9   6.94864914E-02   2.98605692E-02 -0.500000000    
           7          10  0.119107015       1.44703723E-02 -0.500000000    
           7          11  0.145542458       1.84462231E-03 -0.500000000    
           7          12  0.155044079      -7.98556395E-03 -0.500000000    
           7          13  0.154757708      -1.53062120E-02 -0.500000000    
           7          14  0.149818197      -2.04742383E-02 -0.500000000    
           7          15  0.144073293      -2.38112900E-02 -0.500000000    
           7          16  0.140628859      -2.55350787E-02 -0.500000000    
           7          17  0.139854208      -2.57786568E-02 -0.500000000    
           7          18  0.142782554      -2.45548841E-02 -0.500000000    
           7          19  0.147703931      -2.17796378E-02 -0.500000000    
           7          20  0.153347850      -1.72490161E-02 -0.500000000    
           7          21  0.155963793      -1.06852148E-02 -0.500000000    
           7          22  0.150231540      -1.73513568E-03 -0.500000000    
           7          23  0.129997253       9.93857067E-03 -0.500000000    
           7          24   8.84230435E-02   2.44529471E-02 -0.500000000    
           7          25   2.48535313E-02   4.12654765E-02 -0.500000000    
           7          26  -3.50093693E-02   5.82394414E-02 -0.500000000    
           7          27  -2.82240752E-02   7.08449557E-02 -0.500000000    
           7          28   7.66965598E-02   7.44761899E-02 -0.500000000    
           7          29  0.194918543       6.94872290E-02 -0.500000000    
           7          30  0.213947460       6.29102215E-02 -0.500000000    
           7          31   3.65670025E-02   6.89473748E-02 -0.500000000    
           7          32  -5.30408062E-02   9.04327929E-02 -0.500000000    
           7          33  0.265854359       9.89293605E-02 -0.500000000    
           8           1 -0.154556379       8.39773417E-02 -0.500000000    
           8           2  0.106547065       6.45605549E-02 -0.500000000    
           8           3  0.225134030       6.45657703E-02 -0.500000000    
           8           4  0.153018907       7.22259730E-02 -0.500000000    
           8           5   1.74336396E-02   7.39715397E-02 -0.500000000    
           8           6  -4.45491597E-02   6.46027252E-02 -0.500000000    
           8           7   2.16228142E-03   4.70765382E-02 -0.500000000    
           8           8   7.69289732E-02   2.76871249E-02 -0.500000000    
           8           9  0.129419804       1.02734622E-02 -0.500000000    
           8          10  0.152667895      -3.95795237E-03 -0.500000000    
           8          11  0.154842168      -1.50135858E-02 -0.500000000    
           8          12  0.144897223      -2.32911222E-02 -0.500000000    
           8          13  0.130034685      -2.92722844E-02 -0.500000000    
           8          14  0.115934208      -3.33829969E-02 -0.500000000    
           8          15  0.104633398      -3.59735154E-02 -0.500000000    
           8          16   9.80441496E-02  -3.73011753E-02 -0.500000000    
           8          17   9.73548070E-02  -3.74807045E-02 -0.500000000    
           8          18  0.101785511      -3.65517512E-02 -0.500000000    
           8          19  0.111574627      -3.43987569E-02 -0.500000000    
           8          20  0.125457302      -3.08288932E-02 -0.500000000    
           8          21  0.140050441      -2.55223457E-02 -0.500000000    
           8          22  0.152100310      -1.80587173E-02 -0.500000000    
           8          23  0.155223027      -7.97483791E-03 -0.500000000    
           8          24  0.140410349       5.16863773E-03 -0.500000000    
           8          25   9.81538817E-02   2.15671957E-02 -0.500000000    
           8          26   2.79797819E-02   4.05649841E-02 -0.500000000    
           8          27  -3.78860943E-02   5.93410023E-02 -0.500000000    
           8          28  -1.67456307E-02   7.20927045E-02 -0.500000000    
           8          29  0.108319446       7.38893971E-02 -0.500000000    
           8          30  0.216249809       6.71328679E-02 -0.500000000    
           8          31  0.178038627       6.25779778E-02 -0.500000000    
           8          32  -6.81677014E-02   7.68116787E-02 -0.500000000    
           8          33   4.89136996E-03   9.54399183E-02 -0.500000000    
           9           1 -0.107089639       6.91050142E-02 -0.500000000    
           9           2  0.190614417       6.19932599E-02 -0.500000000    
           9           3  0.195082694       6.92689419E-02 -0.500000000    
           9           4   6.23854771E-02   7.44939893E-02 -0.500000000    
           9           5  -3.99310328E-02   6.82791844E-02 -0.500000000    
           9           6  -1.27652586E-02   5.10162376E-02 -0.500000000    
           9           7   6.94862902E-02   2.98605748E-02 -0.500000000    
           9           8  0.129419759       1.02735106E-02 -0.500000000    
           9           9  0.154209986      -5.83058596E-03 -0.500000000    
           9          10  0.152015314      -1.83230583E-02 -0.500000000    
           9          11  0.134659320      -2.76515335E-02 -0.500000000    
           9          12  0.111408785      -3.43860276E-02 -0.500000000    
           9          13   8.84807631E-02  -3.90754715E-02 -0.500000000    
           9          14   6.95401430E-02  -4.21911739E-02 -0.500000000    
           9          15   5.64290881E-02  -4.40977700E-02 -0.500000000    
           9          16   4.93015572E-02  -4.50474434E-02 -0.500000000    
           9          17   4.83625904E-02  -4.51795794E-02 -0.500000000    
           9          18   5.33216186E-02  -4.45110686E-02 -0.500000000    
           9          19   6.45415634E-02  -4.29462194E-02 -0.500000000    
           9          20   8.15934688E-02  -4.02689427E-02 -0.500000000    
           9          21  0.103498869      -3.61507162E-02 -0.500000000    
           9          22  0.127163053      -3.01571321E-02 -0.500000000    
           9          23  0.147279009      -2.17575077E-02 -0.500000000    
           9          24  0.155800745      -1.03772311E-02 -0.500000000    
           9          25  0.141406715       4.49570920E-03 -0.500000000    
           9          26   9.34016705E-02   2.30147894E-02 -0.500000000    
           9          27   1.37674492E-02   4.40415852E-02 -0.500000000    
           9          28  -4.40462194E-02   6.34500980E-02 -0.500000000    
           9          29   1.63494144E-02   7.38967806E-02 -0.500000000    
           9          30  0.158804193       7.18930587E-02 -0.500000000    
           9          31  0.223819256       6.38501346E-02 -0.500000000    
           9          32   6.31198287E-02   6.56959191E-02 -0.500000000    
           9          33 -0.218031794       8.57017264E-02 -0.500000000    
          10           1   1.46541484E-02   5.74395247E-02 -0.500000000    
          10           2  0.194582328       6.39223456E-02 -0.500000000    
          10           3  0.128043219       7.29426742E-02 -0.500000000    
          10           4  -1.11939283E-02   7.24864900E-02 -0.500000000    
          10           5  -3.55775990E-02   5.82676381E-02 -0.500000000    
          10           6   4.42477986E-02   3.63445468E-02 -0.500000000    
          10           7  0.119106770       1.44704496E-02 -0.500000000    
          10           8  0.152667835      -3.95789091E-03 -0.500000000    
          10           9  0.152015358      -1.83230359E-02 -0.500000000    
          10          10  0.130573913      -2.90310010E-02 -0.500000000    
          10          11  0.100723892      -3.67140658E-02 -0.500000000    
          10          12   7.06241727E-02  -4.20233235E-02 -0.500000000    
          10          13   4.51472141E-02  -4.55493741E-02 -0.500000000    
          10          14   2.69341748E-02  -4.77740802E-02 -0.500000000    
          10          15   1.55214872E-02  -4.90660556E-02 -0.500000000    
          10          16   9.50144418E-03  -4.96905036E-02 -0.500000000    
          10          17   9.01400577E-03  -4.97721471E-02 -0.500000000    
          10          18   1.27651403E-02  -4.93419692E-02 -0.500000000    
          10          19   2.24471614E-02  -4.82909679E-02 -0.500000000    
          10          20   3.84512730E-02  -4.64151315E-02 -0.500000000    
          10          21   6.12490140E-02  -4.33731787E-02 -0.500000000    
          10          22   9.02746245E-02  -3.87154631E-02 -0.500000000    
          10          23  0.121158570      -3.18932571E-02 -0.500000000    
          10          24  0.146569669      -2.22687852E-02 -0.500000000    
          10          25  0.155624375      -9.18768719E-03 -0.500000000    
          10          26  0.134519696       7.87849445E-03 -0.500000000    
          10          27   7.28641078E-02   2.87885070E-02 -0.500000000    
          10          28  -1.43426042E-02   5.13550304E-02 -0.500000000    
          10          29  -3.69665176E-02   6.91502690E-02 -0.500000000    
          10          30   8.03715661E-02   7.43074864E-02 -0.500000000    
          10          31  0.206437066       6.77213818E-02 -0.500000000    
          10          32  0.149080262       6.12475947E-02 -0.500000000    
          10          33 -0.218588591       7.05869645E-02 -0.500000000    
          11           1  0.121207930       5.02970144E-02 -0.500000000    
          11           2  0.154287249       6.65834099E-02 -0.500000000    
          11           3   5.37491627E-02   7.41533488E-02 -0.500000000    
          11           4  -4.36888821E-02   6.69419467E-02 -0.500000000    
          11           5   2.38460070E-03   4.67959791E-02 -0.500000000    
          11           6   9.28716138E-02   2.30298843E-02 -0.500000000    
          11           7  0.145542398       1.84470718E-03 -0.500000000    
          11           8  0.154842257      -1.50135206E-02 -0.500000000    
          11           9  0.134659410      -2.76515316E-02 -0.500000000    
          11          10  0.100723840      -3.67140584E-02 -0.500000000    
          11          11   6.45624772E-02  -4.29276712E-02 -0.500000000    
          11          12   3.34382840E-02  -4.69910055E-02 -0.500000000    
          11          13   1.10769160E-02  -4.95075658E-02 -0.500000000    
          11          14  -2.57764058E-03  -5.09659946E-02 -0.500000000    
          11          15  -1.04217865E-02  -5.17474189E-02 -0.500000000    
          11          16  -1.36516476E-02  -5.20967096E-02 -0.500000000    
          11          17  -1.41540477E-02  -5.21412753E-02 -0.500000000    
          11          18  -1.17667941E-02  -5.19033335E-02 -0.500000000    
          11          19  -5.99707291E-03  -5.12883104E-02 -0.500000000    
          11          20   5.87309618E-03  -5.00874333E-02 -0.500000000    
          11          21   2.50646658E-02  -4.79764454E-02 -0.500000000    
          11          22   5.31096086E-02  -4.44917753E-02 -0.500000000    
          11          23   8.82904753E-02  -3.90649773E-02 -0.500000000    
          11          24  0.124199659      -3.10315695E-02 -0.500000000    
          11          25  0.150597870      -1.96653809E-02 -0.500000000    
          11          26  0.152709275      -4.27478692E-03 -0.500000000    
          11          27  0.115952261       1.55287031E-02 -0.500000000    
          11          28   3.40588987E-02   3.88478041E-02 -0.500000000    
          11          29  -4.19228189E-02   6.12434559E-02 -0.500000000    
          11          30   1.17044766E-02   7.36456290E-02 -0.500000000    
          11          31  0.156685278       7.12034926E-02 -0.500000000    
          11          32  0.169058293       6.09639063E-02 -0.500000000    
          11          33  -6.64719492E-02   5.59035279E-02 -0.500000000    
          12           1  0.211106285       4.63831313E-02 -0.500000000    
          12           2   9.88509357E-02   6.82099536E-02 -0.500000000    
          12           3  -6.39450783E-03   7.29099289E-02 -0.500000000    
          12           4  -4.04874235E-02   5.96356764E-02 -0.500000000    
          12           5   4.48834226E-02   3.60217653E-02 -0.500000000    
          12           6  0.125017479       1.20273884E-02 -0.500000000    
          12           7  0.155044258      -7.98550900E-03 -0.500000000    
          12           8  0.144897550      -2.32910663E-02 -0.500000000    
          12           9  0.111408964      -3.43860276E-02 -0.500000000    
          12          10   7.06242248E-02  -4.20233235E-02 -0.500000000    
          12          11   3.34383696E-02  -4.69910167E-02 -0.500000000    
          12          12   6.30132854E-03  -5.00073694E-02 -0.500000000    
          12          13  -9.72479209E-03  -5.16881235E-02 -0.500000000    
          12          14  -1.77828744E-02  -5.25357723E-02 -0.500000000    
          12          15  -2.11315639E-02  -5.29167876E-02 -0.500000000    
          12          16  -2.17270460E-02  -5.30530624E-02 -0.500000000    
          12          17  -2.20921896E-02  -5.30715138E-02 -0.500000000    
          12          18  -2.13013440E-02  -5.29791042E-02 -0.500000000    
          12          19  -1.93968844E-02  -5.27029075E-02 -0.500000000    
          12          20  -1.32539505E-02  -5.20420037E-02 -0.500000000    
          12          21   8.99002189E-05  -5.06863967E-02 -0.500000000    
          12          22   2.31897719E-02  -4.81823795E-02 -0.500000000    
          12          23   5.71778454E-02  -4.39412519E-02 -0.500000000    
          12          24   9.77885872E-02  -3.72768641E-02 -0.500000000    
          12          25  0.135290176      -2.74214819E-02 -0.500000000    
          12          26  0.155483827      -1.35976616E-02 -0.500000000    
          12          27  0.140782446       4.83871531E-03 -0.500000000    
          12          28   7.65586793E-02   2.77388338E-02 -0.500000000    
          12          29  -1.83073282E-02   5.23499958E-02 -0.500000000    
          12          30  -3.03848460E-02   7.04949871E-02 -0.500000000    
          12          31   9.66053903E-02   7.31623098E-02 -0.500000000    
          12          32  0.153289095       6.19554110E-02 -0.500000000    
          12          33  0.105473183       4.53511737E-02 -0.500000000    
          13           1  0.284833938       4.46215570E-02 -0.500000000    
          13           2   4.88658734E-02   6.84511960E-02 -0.500000000    
          13           3  -4.38280329E-02   7.00408742E-02 -0.500000000    
          13           4  -2.04006825E-02   5.22941202E-02 -0.500000000    
          13           5   7.87558779E-02   2.70248204E-02 -0.500000000    
          13           6  0.143011466       3.50202434E-03 -0.500000000    
          13           7  0.154758021      -1.53061617E-02 -0.500000000    
          13           8  0.130035087      -2.92723160E-02 -0.500000000    
          13           9   8.84812400E-02  -3.90755013E-02 -0.500000000    
          13          10   4.51474153E-02  -4.55493815E-02 -0.500000000    
          13          11   1.10769365E-02  -4.95076068E-02 -0.500000000    
          13          12  -9.72465519E-03  -5.16881496E-02 -0.500000000    
          13          13  -1.93966832E-02  -5.27276248E-02 -0.500000000    
          13          14  -2.23097019E-02  -5.31231314E-02 -0.500000000    
          13          15  -2.15014517E-02  -5.32092713E-02 -0.500000000    
          13          16  -2.03833394E-02  -5.31969368E-02 -0.500000000    
          13          17  -2.02036519E-02  -5.31935841E-02 -0.500000000    
          13          18  -2.11389977E-02  -5.32084256E-02 -0.500000000    
          13          19  -2.20725667E-02  -5.31727150E-02 -0.500000000    
          13          20  -2.11666971E-02  -5.29135093E-02 -0.500000000    
          13          21  -1.40120769E-02  -5.21323681E-02 -0.500000000    
          13          22   2.93690618E-03  -5.03962822E-02 -0.500000000    
          13          23   3.25098448E-02  -4.71115373E-02 -0.500000000    
          13          24   7.35307038E-02  -4.15633768E-02 -0.500000000    
          13          25  0.117256612      -3.29625532E-02 -0.500000000    
          13          26  0.149784476      -2.04672460E-02 -0.500000000    
          13          27  0.152120993      -3.32374987E-03 -0.500000000    
          13          28  0.106402501       1.87516399E-02 -0.500000000    
          13          29   1.23247551E-02   4.41252962E-02 -0.500000000    
          13          30  -4.63476479E-02   6.60902262E-02 -0.500000000    
          13          31   4.19876352E-02   7.35519156E-02 -0.500000000    
          13          32  0.127272591       6.27703667E-02 -0.500000000    
          13          33  0.244391531       3.92099395E-02 -0.500000000    
          14           1  0.339769274       4.41938937E-02 -0.500000000    
          14           2   1.41913714E-02   6.77266791E-02 -0.500000000    
          14           3  -6.15404919E-02   6.66577742E-02 -0.500000000    
          14           4   1.73198711E-03   4.60711867E-02 -0.500000000    
          14           5  0.101689778       2.01837141E-02 -0.500000000    
          14           6  0.151517063      -2.69109779E-03 -0.500000000    
          14           7  0.149818674      -2.04741862E-02 -0.500000000    
          14           8  0.115934677      -3.33829932E-02 -0.500000000    
          14           9   6.95405155E-02  -4.21912037E-02 -0.500000000    
          14          10   2.69344281E-02  -4.77741472E-02 -0.500000000    
          14          11  -2.57747504E-03  -5.09660058E-02 -0.500000000    
          14          12  -1.77828111E-02  -5.25357649E-02 -0.500000000    
          14          13  -2.23095603E-02  -5.31231128E-02 -0.500000000    
          14          14  -2.07090210E-02  -5.32022566E-02 -0.500000000    
          14          15  -1.69986393E-02  -5.30874617E-02 -0.500000000    
          14          16  -1.46698151E-02  -5.29768765E-02 -0.500000000    
          14          17  -1.39809987E-02  -5.29566556E-02 -0.500000000    
          14          18  -1.62192453E-02  -5.30453697E-02 -0.500000000    
          14          19  -1.93838011E-02  -5.31720780E-02 -0.500000000    
          14          20  -2.21700612E-02  -5.31881563E-02 -0.500000000    
          14          21  -2.04345360E-02  -5.28147295E-02 -0.500000000    
          14          22  -9.13284346E-03  -5.16335927E-02 -0.500000000    
          14          23   1.55232744E-02  -4.90634628E-02 -0.500000000    
          14          24   5.42524904E-02  -4.43693139E-02 -0.500000000    
          14          25  0.100940146      -3.67295779E-02 -0.500000000    
          14          26  0.140759438      -2.52843648E-02 -0.500000000    
          14          27  0.155695543      -9.19530913E-03 -0.500000000    
          14          28  0.124895915       1.20454142E-02 -0.500000000    
          14          29   3.85152921E-02   3.74848209E-02 -0.500000000    
          14          30  -4.63154353E-02   6.16821907E-02 -0.500000000    
          14          31   1.17833260E-03   7.28912726E-02 -0.500000000    
          14          32  0.104898714       6.30605146E-02 -0.500000000    
          14          33  0.341976196       3.62967849E-02 -0.500000000    
          15           1  0.375646651       4.43865582E-02 -0.500000000    
          15           2  -5.02359029E-03   6.67081699E-02 -0.500000000    
          15           3  -6.73529953E-02   6.37471154E-02 -0.500000000    
          15           4   1.87177677E-02   4.15821187E-02 -0.500000000    
          15           5  0.115351275       1.55549636E-02 -0.500000000    
          15           6  0.154853776      -6.76362496E-03 -0.500000000    
          15           7  0.144073546      -2.38112304E-02 -0.500000000    
          15           8  0.104633942      -3.59734781E-02 -0.500000000    
          15           9   5.64294532E-02  -4.40977663E-02 -0.500000000    
          15          10   1.55216139E-02  -4.90659811E-02 -0.500000000    
          15          11  -1.04218237E-02  -5.17474301E-02 -0.500000000    
          15          12  -2.11315751E-02  -5.29167466E-02 -0.500000000    
          15          13  -2.15013586E-02  -5.32092527E-02 -0.500000000    
          15          14  -1.69985592E-02  -5.30874915E-02 -0.500000000    
          15          15  -1.18614677E-02  -5.28511927E-02 -0.500000000    
          15          16  -8.45106877E-03  -5.26783057E-02 -0.500000000    
          15          17  -7.90310279E-03  -5.26505001E-02 -0.500000000    
          15          18  -1.04433224E-02  -5.27812131E-02 -0.500000000    
          15          19  -1.52453277E-02  -5.30100837E-02 -0.500000000    
          15          20  -2.02782191E-02  -5.31971902E-02 -0.500000000    
          15          21  -2.21035108E-02  -5.30852303E-02 -0.500000000    
          15          22  -1.54255722E-02  -5.22694886E-02 -0.500000000    
          15          23   5.07094897E-03  -5.01739047E-02 -0.500000000    
          15          24   4.12960015E-02  -4.60634083E-02 -0.500000000    
          15          25   8.82482082E-02  -3.90910730E-02 -0.500000000    
          15          26  0.133004695      -2.83719767E-02 -0.500000000    
          15          27  0.155758113      -1.30291088E-02 -0.500000000    
          15          28  0.135142669       7.55908107E-03 -0.500000000    
          15          29   5.65404594E-02   3.28314751E-02 -0.500000000    
          15          30  -4.06227820E-02   5.81928715E-02 -0.500000000    
          15          31  -2.43587568E-02   7.18828738E-02 -0.500000000    
          15          32   9.05629098E-02   6.29960820E-02 -0.500000000    
          15          33  0.402931422       3.52365226E-02 -0.500000000    
          16           1  0.394096553       4.46575917E-02 -0.500000000    
          16           2  -1.32013708E-02   6.59750476E-02 -0.500000000    
          16           3  -6.82802796E-02   6.19862042E-02 -0.500000000    
          16           4   2.81428955E-02   3.91067974E-02 -0.500000000    
          16           5  0.121927448       1.30898515E-02 -0.500000000    
          16           6  0.155760095      -8.89693666E-03 -0.500000000    
          16           7  0.140629321      -2.55350359E-02 -0.500000000    
          16           8   9.80446637E-02  -3.73011865E-02 -0.500000000    
          16           9   4.93019186E-02  -4.50474843E-02 -0.500000000    
          16          10   9.50159598E-03  -4.96905334E-02 -0.500000000    
          16          11  -1.36515014E-02  -5.20968027E-02 -0.500000000    
          16          12  -2.17271503E-02  -5.30530736E-02 -0.500000000    
          16          13  -2.03834698E-02  -5.31969629E-02 -0.500000000    
          16          14  -1.46697294E-02  -5.29768988E-02 -0.500000000    
          16          15  -8.45115166E-03  -5.26783206E-02 -0.500000000    
          16          16  -4.82677203E-03  -5.24763912E-02 -0.500000000    
          16          17  -4.03938349E-03  -5.24433479E-02 -0.500000000    
          16          18  -7.07890978E-03  -5.25965318E-02 -0.500000000    
          16          19  -1.23412851E-02  -5.28738536E-02 -0.500000000    
          16          20  -1.87029988E-02  -5.31475358E-02 -0.500000000    
          16          21  -2.22854633E-02  -5.31670526E-02 -0.500000000    
          16          22  -1.77407749E-02  -5.25397249E-02 -0.500000000    
          16          23   1.28728105E-04  -5.06979860E-02 -0.500000000    
          16          24   3.46362107E-02  -4.68964092E-02 -0.500000000    
          16          25   8.17650631E-02  -4.02851589E-02 -0.500000000    
          16          26  0.128244147      -2.99580675E-02 -0.500000000    
          16          27  0.154882193      -1.50310863E-02 -0.500000000    
          16          28  0.139841840       5.18538943E-03 -0.500000000    
          16          29   6.60261288E-02   3.03062126E-02 -0.500000000    
          16          30  -3.58780138E-02   5.61717637E-02 -0.500000000    
          16          31  -3.68100367E-02   7.11378008E-02 -0.500000000    
          16          32   8.36925581E-02   6.28566891E-02 -0.500000000    
          16          33  0.433508515       3.49821709E-02 -0.500000000    
          17           1  0.396673799       4.47058491E-02 -0.500000000    
          17           2  -1.42272804E-02   6.58596456E-02 -0.500000000    
          17           3  -6.82874024E-02   6.17239252E-02 -0.500000000    
          17           4   2.94949915E-02   3.87504026E-02 -0.500000000    
          17           5  0.122827105       1.27396751E-02 -0.500000000    
          17           6  0.155853957      -9.19879228E-03 -0.500000000    
          17           7  0.139854640      -2.57786289E-02 -0.500000000    
          17           8   9.73554924E-02  -3.74806710E-02 -0.500000000    
          17           9   4.83630374E-02  -4.51795831E-02 -0.500000000    
          17          10   9.01431218E-03  -4.97721657E-02 -0.500000000    
          17          11  -1.41539359E-02  -5.21412939E-02 -0.500000000    
          17          12  -2.20921952E-02  -5.30714802E-02 -0.500000000    
          17          13  -2.02035327E-02  -5.31935953E-02 -0.500000000    
          17          14  -1.39810871E-02  -5.29566631E-02 -0.500000000    
          17          15  -7.90312141E-03  -5.26504777E-02 -0.500000000    
          17          16  -4.03928570E-03  -5.24433479E-02 -0.500000000    
          17          17  -3.39008169E-03  -5.24102449E-02 -0.500000000    
          17          18  -6.28465693E-03  -5.25657497E-02 -0.500000000    
          17          19  -1.18964352E-02  -5.28517850E-02 -0.500000000    
          17          20  -1.82433836E-02  -5.31369112E-02 -0.500000000    
          17          21  -2.22575385E-02  -5.31767122E-02 -0.500000000    
          17          22  -1.83037426E-02  -5.25761284E-02 -0.500000000    
          17          23  -6.06126734E-04  -5.07675596E-02 -0.500000000    
          17          24   3.35622840E-02  -4.70130555E-02 -0.500000000    
          17          25   8.04535300E-02  -4.04511653E-02 -0.500000000    
          17          26  0.127418444      -3.01847458E-02 -0.500000000    
          17          27  0.154814899      -1.53124426E-02 -0.500000000    
          17          28  0.140456617       4.84899245E-03 -0.500000000    
          17          29   6.73609599E-02   2.99448296E-02 -0.500000000    
          17          30  -3.51130292E-02   5.58754802E-02 -0.500000000    
          17          31  -3.84993479E-02   7.10194334E-02 -0.500000000    
          17          32   8.27748701E-02   6.28304183E-02 -0.500000000    
          17          33  0.437741280       3.49637792E-02 -0.500000000    
          18           1  0.383638263       4.44883294E-02 -0.500000000    
          18           2  -8.73580575E-03   6.64099380E-02 -0.500000000    
          18           3  -6.79391772E-02   6.30086586E-02 -0.500000000    
          18           4   2.27448456E-02   4.05255631E-02 -0.500000000    
          18           5  0.118235946       1.44957555E-02 -0.500000000    
          18           6  0.155297458      -7.68296095E-03 -0.500000000    
          18           7  0.142782941      -2.45548431E-02 -0.500000000    
          18           8  0.101786099      -3.65516953E-02 -0.500000000    
          18           9   5.33220358E-02  -4.45110835E-02 -0.500000000    
          18          10   1.27653982E-02  -4.93419915E-02 -0.500000000    
          18          11  -1.17666051E-02  -5.19033894E-02 -0.500000000    
          18          12  -2.13014409E-02  -5.29791452E-02 -0.500000000    
          18          13  -2.11390015E-02  -5.32083809E-02 -0.500000000    
          18          14  -1.62192360E-02  -5.30453511E-02 -0.500000000    
          18          15  -1.04433205E-02  -5.27812280E-02 -0.500000000    
          18          16  -7.07887579E-03  -5.25964797E-02 -0.500000000    
          18          17  -6.28458103E-03  -5.25657572E-02 -0.500000000    
          18          18  -9.20479372E-03  -5.27070463E-02 -0.500000000    
          18          19  -1.40575357E-02  -5.29559180E-02 -0.500000000    
          18          20  -1.97563358E-02  -5.31810075E-02 -0.500000000    
          18          21  -2.23050546E-02  -5.31250834E-02 -0.500000000    
          18          22  -1.63665339E-02  -5.23901097E-02 -0.500000000    
          18          23   2.95671402E-03  -5.04051931E-02 -0.500000000    
          18          24   3.84745151E-02  -4.64259908E-02 -0.500000000    
          18          25   8.57181549E-02  -3.96084152E-02 -0.500000000    
          18          26  0.131005645      -2.90560499E-02 -0.500000000    
          18          27  0.155400276      -1.38933230E-02 -0.500000000    
          18          28  0.137235448       6.53792406E-03 -0.500000000    
          18          29   6.06328920E-02   3.17503400E-02 -0.500000000    
          18          30  -3.87230180E-02   5.73382117E-02 -0.500000000    
          18          31  -2.98238173E-02   7.15813190E-02 -0.500000000    
          18          32   8.75279456E-02   6.29456937E-02 -0.500000000    
          18          33  0.416236579       3.51004973E-02 -0.500000000    
          19           1  0.353784114       4.42203879E-02 -0.500000000    
          19           2   6.25032559E-03   6.73871338E-02 -0.500000000    
          19           3  -6.44027516E-02   6.55946359E-02 -0.500000000    
          19           4   8.14911257E-03   4.43633944E-02 -0.500000000    
          19           5  0.107156835       1.83966663E-02 -0.500000000    
          19           6  0.153079331      -4.27385792E-03 -0.500000000    
          19           7  0.147704259      -2.17796043E-02 -0.500000000    
          19           8  0.111575097      -3.43987383E-02 -0.500000000    
          19           9   6.45420179E-02  -4.29462232E-02 -0.500000000    
          19          10   2.24472713E-02  -4.82909679E-02 -0.500000000    
          19          11  -5.99704916E-03  -5.12883291E-02 -0.500000000    
          19          12  -1.93968676E-02  -5.27029037E-02 -0.500000000    
          19          13  -2.20726766E-02  -5.31726852E-02 -0.500000000    
          19          14  -1.93838254E-02  -5.31720929E-02 -0.500000000    
          19          15  -1.52453911E-02  -5.30100726E-02 -0.500000000    
          19          16  -1.23412367E-02  -5.28738126E-02 -0.500000000    
          19          17  -1.18963197E-02  -5.28517589E-02 -0.500000000    
          19          18  -1.40575375E-02  -5.29559404E-02 -0.500000000    
          19          19  -1.79707669E-02  -5.31239882E-02 -0.500000000    
          19          20  -2.16203965E-02  -5.32074459E-02 -0.500000000    
          19          21  -2.11920515E-02  -5.29369637E-02 -0.500000000    
          19          22  -1.18177989E-02  -5.18994816E-02 -0.500000000    
          19          23   1.12812398E-02  -4.95120548E-02 -0.500000000    
          19          24   4.92318720E-02  -4.50435802E-02 -0.500000000    
          19          25   9.58837196E-02  -3.76619026E-02 -0.500000000    
          19          26  0.138081580      -2.64930688E-02 -0.500000000    
          19          27  0.155977696      -1.06869629E-02 -0.500000000    
          19          28  0.129062638       1.03086028E-02 -0.500000000    
          19          29   4.54858579E-02   3.57025079E-02 -0.500000000    
          19          30  -4.46357578E-02   6.03827573E-02 -0.500000000    
          19          31  -8.96052737E-03   7.25597069E-02 -0.500000000    
          19          32   9.91983861E-02   6.30641431E-02 -0.500000000    
          19          33  0.366034567       3.57984006E-02 -0.500000000    
          20           1  0.305307269       4.43684198E-02 -0.500000000    
          20           2   3.54388393E-02   6.82848543E-02 -0.500000000    
          20           3  -5.15671186E-02   6.89162537E-02 -0.500000000    
          20           4  -1.27572920E-02   5.00559658E-02 -0.500000000    
          20           5   8.75756368E-02   2.44982615E-02 -0.500000000    
          20           6  0.146629870       1.18820160E-03 -0.500000000    
          20           7  0.153348133      -1.72489490E-02 -0.500000000    
          20           8  0.125457689      -3.08288746E-02 -0.500000000    
          20           9   8.15937743E-02  -4.02689800E-02 -0.500000000    
          20          10   3.84514667E-02  -4.64150868E-02 -0.500000000    
          20          11   5.87319443E-03  -5.00874296E-02 -0.500000000    
          20          12  -1.32538863E-02  -5.20419888E-02 -0.500000000    
          20          13  -2.11666897E-02  -5.29134795E-02 -0.500000000    
          20          14  -2.21700221E-02  -5.31881414E-02 -0.500000000    
          20          15  -2.02782638E-02  -5.31972051E-02 -0.500000000    
          20          16  -1.87028944E-02  -5.31474873E-02 -0.500000000    
          20          17  -1.82433669E-02  -5.31368256E-02 -0.500000000    
          20          18  -1.97563265E-02  -5.31809293E-02 -0.500000000    
          20          19  -2.16203872E-02  -5.32074459E-02 -0.500000000    
          20          20  -2.20140815E-02  -5.30525185E-02 -0.500000000    
          20          21  -1.69832408E-02  -5.24253920E-02 -0.500000000    
          20          22  -1.98207935E-03  -5.08954749E-02 -0.500000000    
          20          23   2.60619055E-02  -4.78760637E-02 -0.500000000    
          20          24   6.63130656E-02  -4.26434614E-02 -0.500000000    
          20          25  0.111542553      -3.43915410E-02 -0.500000000    
          20          26  0.146629423      -2.22858284E-02 -0.500000000    
          20          27  0.153977305      -5.52289793E-03 -0.500000000    
          20          28  0.113686256       1.62637122E-02 -0.500000000    
          20          29   2.18417794E-02   4.17080969E-02 -0.500000000    
          20          30  -4.75439243E-02   6.45675585E-02 -0.500000000    
          20          31   2.66601816E-02   7.34142736E-02 -0.500000000    
          20          32  0.119037211       6.29227310E-02 -0.500000000    
          20          33  0.281385124       3.79514508E-02 -0.500000000    
          21           1  0.237629592       4.55995873E-02 -0.500000000    
          21           2   8.08612034E-02   6.84338883E-02 -0.500000000    
          21           3  -2.14303676E-02   7.20803142E-02 -0.500000000    
          21           4  -3.47659923E-02   5.71224764E-02 -0.500000000    
          21           5   5.73848411E-02   3.27963755E-02 -0.500000000    
          21           6  0.132340550       8.91479664E-03 -0.500000000    
          21           7  0.155964077      -1.06851878E-02 -0.500000000    
          21           8  0.140050620      -2.55223271E-02 -0.500000000    
          21           9  0.103499033      -3.61506864E-02 -0.500000000    
          21          10   6.12491928E-02  -4.33731750E-02 -0.500000000    
          21          11   2.50648446E-02  -4.79764827E-02 -0.500000000    
          21          12   8.98700673E-05  -5.06863594E-02 -0.500000000    
          21          13  -1.40120564E-02  -5.21323681E-02 -0.500000000    
          21          14  -2.04346105E-02  -5.28146848E-02 -0.500000000    
          21          15  -2.21035350E-02  -5.30851297E-02 -0.500000000    
          21          16  -2.22855005E-02  -5.31669706E-02 -0.500000000    
          21          17  -2.22574025E-02  -5.31766191E-02 -0.500000000    
          21          18  -2.23051459E-02  -5.31250648E-02 -0.500000000    
          21          19  -2.11921111E-02  -5.29369265E-02 -0.500000000    
          21          20  -1.69833917E-02  -5.24253771E-02 -0.500000000    
          21          21  -5.72675793E-03  -5.12802340E-02 -0.500000000    
          21          22   1.55062387E-02  -4.90564033E-02 -0.500000000    
          21          23   4.81441058E-02  -4.51618321E-02 -0.500000000    
          21          24   8.94026682E-02  -3.88952531E-02 -0.500000000    
          21          25  0.129602000      -2.94909161E-02 -0.500000000    
          21          26  0.154259443      -1.61358211E-02 -0.500000000    
          21          27  0.145673454       1.84605084E-03 -0.500000000    
          21          28   8.79426673E-02   2.44920291E-02 -0.500000000    
          21          29  -8.09651799E-03   4.94751930E-02 -0.500000000    
          21          30  -3.81991640E-02   6.90997690E-02 -0.500000000    
          21          31   7.72178918E-02   7.34484419E-02 -0.500000000    
          21          32  0.144833446       6.22805655E-02 -0.500000000    
          21          33  0.156350240       4.28587347E-02 -0.500000000    
          22           1  0.152834758       4.86959293E-02 -0.500000000    
          22           2  0.136278063       6.72803298E-02 -0.500000000    
          22           3   3.14180404E-02   7.39822388E-02 -0.500000000    
          22           4  -4.57098782E-02   6.46077767E-02 -0.500000000    
          22           5   1.70045551E-02   4.30542044E-02 -0.500000000    
          22           6  0.105465412       1.90878883E-02 -0.500000000    
          22           7  0.150231630      -1.73505652E-03 -0.500000000    
          22           8  0.152100340      -1.80586632E-02 -0.500000000    
          22           9  0.127163172      -3.01571079E-02 -0.500000000    
          22          10   9.02745724E-02  -3.87154706E-02 -0.500000000    
          22          11   5.31096458E-02  -4.44917306E-02 -0.500000000    
          22          12   2.31897496E-02  -4.81823795E-02 -0.500000000    
          22          13   2.93680909E-03  -5.03962785E-02 -0.500000000    
          22          14  -9.13305581E-03  -5.16335815E-02 -0.500000000    
          22          15  -1.54256402E-02  -5.22694550E-02 -0.500000000    
          22          16  -1.77408047E-02  -5.25396578E-02 -0.500000000    
          22          17  -1.83038600E-02  -5.25760725E-02 -0.500000000    
          22          18  -1.63666122E-02  -5.23900799E-02 -0.500000000    
          22          19  -1.18177906E-02  -5.18994331E-02 -0.500000000    
          22          20  -1.98221626E-03  -5.08954823E-02 -0.500000000    
          22          21   1.55062899E-02  -4.90564071E-02 -0.500000000    
          22          22   4.21594419E-02  -4.59225215E-02 -0.500000000    
          22          23   7.74288401E-02  -4.09139320E-02 -0.500000000    
          22          24  0.115648977      -3.33640203E-02 -0.500000000    
          22          25  0.146098733      -2.25316826E-02 -0.500000000    
          22          26  0.155302629      -7.67800212E-03 -0.500000000    
          22          27  0.126044348       1.16758645E-02 -0.500000000    
          22          28   4.94710915E-02   3.49364281E-02 -0.500000000    
          22          29  -3.59850787E-02   5.82907461E-02 -0.500000000    
          22          30  -5.57653233E-03   7.28175640E-02 -0.500000000    
          22          31  0.136888936       7.20444694E-02 -0.500000000    
          22          32  0.166283146       6.12538420E-02 -0.500000000    
          22          33  -7.28481729E-03   5.18620983E-02 -0.500000000    
          23           1   5.23914322E-02   5.46137393E-02 -0.500000000    
          23           2  0.184468403       6.48523420E-02 -0.500000000    
          23           3  0.102805391       7.36424625E-02 -0.500000000    
          23           4  -2.68636569E-02   7.09534436E-02 -0.500000000    
          23           5  -2.49173064E-02   5.44758923E-02 -0.500000000    
          23           6   6.22122511E-02   3.16843837E-02 -0.500000000    
          23           7  0.129997060       9.93865915E-03 -0.500000000    
          23           8  0.155223012      -7.97474477E-03 -0.500000000    
          23           9  0.147279114      -2.17574686E-02 -0.500000000    
          23          10  0.121158667      -3.18932347E-02 -0.500000000    
          23          11   8.82904753E-02  -3.90649177E-02 -0.500000000    
          23          12   5.71777225E-02  -4.39412072E-02 -0.500000000    
          23          13   3.25098149E-02  -4.71115336E-02 -0.500000000    
          23          14   1.55230369E-02  -4.90634888E-02 -0.500000000    
          23          15   5.07080415E-03  -5.01738563E-02 -0.500000000    
          23          16   1.28551270E-04  -5.06978780E-02 -0.500000000    
          23          17  -6.06245012E-04  -5.07675111E-02 -0.500000000    
          23          18   2.95664091E-03  -5.04051410E-02 -0.500000000    
          23          19   1.12811076E-02  -4.95120510E-02 -0.500000000    
          23          20   2.60617901E-02  -4.78760488E-02 -0.500000000    
          23          21   4.81439345E-02  -4.51618545E-02 -0.500000000    
          23          22   7.74287283E-02  -4.09139358E-02 -0.500000000    
          23          23  0.110525250      -3.45783010E-02 -0.500000000    
          23          24  0.139962897      -2.55109966E-02 -0.500000000    
          23          25  0.155310929      -1.30164428E-02 -0.500000000    
          23          26  0.142892003       3.49067966E-03 -0.500000000    
          23          27   8.94854218E-02   2.41009630E-02 -0.500000000    
          23          28   1.36214844E-03   4.71141562E-02 -0.500000000    
          23          29  -4.33401838E-02   6.67560548E-02 -0.500000000    
          23          30   5.52006587E-02   7.44206309E-02 -0.500000000    
          23          31  0.192234159       6.90109655E-02 -0.500000000    
          23          32  0.161698624       6.08595386E-02 -0.500000000    
          23          33 -0.176765695       6.53739050E-02 -0.500000000    
          24           1  -6.68904856E-02   6.46784380E-02 -0.500000000    
          24           2  0.198995531       6.23658672E-02 -0.500000000    
          24           3  0.175252408       7.07169548E-02 -0.500000000    
          24           4   3.41676921E-02   7.42973462E-02 -0.500000000    
          24           5  -4.43935022E-02   6.52807057E-02 -0.500000000    
          24           6   5.75624313E-03   4.60860357E-02 -0.500000000    
          24           7   8.84228945E-02   2.44530123E-02 -0.500000000    
          24           8  0.140410319       5.16869873E-03 -0.500000000    
          24           9  0.155800745      -1.03771836E-02 -0.500000000    
          24          10  0.146569669      -2.22687330E-02 -0.500000000    
          24          11  0.124199443      -3.10315434E-02 -0.500000000    
          24          12   9.77884009E-02  -3.72768566E-02 -0.500000000    
          24          13   7.35302567E-02  -4.15633805E-02 -0.500000000    
          24          14   5.42520732E-02  -4.43693139E-02 -0.500000000    
          24          15   4.12957408E-02  -4.60633673E-02 -0.500000000    
          24          16   3.46361175E-02  -4.68963534E-02 -0.500000000    
          24          17   3.35619710E-02  -4.70129810E-02 -0.500000000    
          24          18   3.84741798E-02  -4.64259200E-02 -0.500000000    
          24          19   4.92315814E-02  -4.50435579E-02 -0.500000000    
          24          20   6.63127601E-02  -4.26434502E-02 -0.500000000    
          24          21   8.94024968E-02  -3.88952978E-02 -0.500000000    
          24          22  0.115648910      -3.33640352E-02 -0.500000000    
          24          23  0.139962941      -2.55110729E-02 -0.500000000    
          24          24  0.154497698      -1.47295995E-02 -0.500000000    
          24          25  0.148723841      -4.41418844E-04 -0.500000000    
          24          26  0.109778292       1.76429097E-02 -0.500000000    
          24          27   3.46140750E-02   3.88185270E-02 -0.500000000    
          24          28  -3.86047810E-02   5.96339218E-02 -0.500000000    
          24          29  -7.07514398E-03   7.27929845E-02 -0.500000000    
          24          30  0.133283287       7.30288699E-02 -0.500000000    
          24          31  0.223272175       6.50472566E-02 -0.500000000    
          24          32  0.100235648       6.35360107E-02 -0.500000000    
          24          33 -0.244595215       8.10033306E-02 -0.500000000    
          25           1 -0.159430787       7.90221468E-02 -0.500000000    
          25           2  0.145467639       6.28995821E-02 -0.500000000    
          25           3  0.221330583       6.60737380E-02 -0.500000000    
          25           4  0.123431154       7.34284595E-02 -0.500000000    
          25           5  -8.85793008E-03   7.27119669E-02 -0.500000000    
          25           6  -4.01929244E-02   6.04187064E-02 -0.500000000    
          25           7   2.48534344E-02   4.12655063E-02 -0.500000000    
          25           8   9.81538147E-02   2.15672310E-02 -0.500000000    
          25           9  0.141406640       4.49576275E-03 -0.500000000    
          25          10  0.155624270      -9.18771233E-03 -0.500000000    
          25          11  0.150597766      -1.96653977E-02 -0.500000000    
          25          12  0.135289982      -2.74214987E-02 -0.500000000    
          25          13  0.117256403      -3.29624973E-02 -0.500000000    
          25          14  0.100939788      -3.67295332E-02 -0.500000000    
          25          15   8.82479772E-02  -3.90910730E-02 -0.500000000    
          25          16   8.17645192E-02  -4.02851179E-02 -0.500000000    
          25          17   8.04530829E-02  -4.04510945E-02 -0.500000000    
          25          18   8.57176483E-02  -3.96084115E-02 -0.500000000    
          25          19   9.58832353E-02  -3.76618542E-02 -0.500000000    
          25          20  0.111542098      -3.43915299E-02 -0.500000000    
          25          21  0.129601806      -2.94909533E-02 -0.500000000    
          25          22  0.146098629      -2.25317031E-02 -0.500000000    
          25          23  0.155310988      -1.30164903E-02 -0.500000000    
          25          24  0.148723915      -4.41452052E-04 -0.500000000    
          25          25  0.116242379       1.55187063E-02 -0.500000000    
          25          26   5.13878651E-02   3.45316939E-02 -0.500000000    
          25          27  -2.42305491E-02   5.44361584E-02 -0.500000000    
          25          28  -3.39716598E-02   6.98036924E-02 -0.500000000    
          25          29   7.56533369E-02   7.44489804E-02 -0.500000000    
          25          30  0.201660082       6.88594878E-02 -0.500000000    
          25          31  0.202741817       6.24285489E-02 -0.500000000    
          25          32  -2.72530727E-02   7.24070817E-02 -0.500000000    
          25          33  -8.61488655E-02   9.30014998E-02 -0.500000000    
          26           1  -5.65904416E-02   9.21935812E-02 -0.500000000    
          26           2   1.87018048E-03   7.09982812E-02 -0.500000000    
          26           3  0.206303224       6.26215786E-02 -0.500000000    
          26           4  0.201767281       6.88497350E-02 -0.500000000    
          26           5   8.47597197E-02   7.43760988E-02 -0.500000000    
          26           6  -2.60176510E-02   7.11168721E-02 -0.500000000    
          26           7  -3.50094624E-02   5.82393967E-02 -0.500000000    
          26           8   2.79798079E-02   4.05649692E-02 -0.500000000    
          26           9   9.34018195E-02   2.30147950E-02 -0.500000000    
          26          10  0.134519696       7.87844416E-03 -0.500000000    
          26          11  0.152709171      -4.27485304E-03 -0.500000000    
          26          12  0.155483738      -1.35977194E-02 -0.500000000    
          26          13  0.149784133      -2.04672311E-02 -0.500000000    
          26          14  0.140759006      -2.52843853E-02 -0.500000000    
          26          15  0.133004129      -2.83719860E-02 -0.500000000    
          26          16  0.128243700      -2.99580730E-02 -0.500000000    
          26          17  0.127418086      -3.01847477E-02 -0.500000000    
          26          18  0.131005257      -2.90560592E-02 -0.500000000    
          26          19  0.138080999      -2.64930651E-02 -0.500000000    
          26          20  0.146629080      -2.22858302E-02 -0.500000000    
          26          21  0.154259250      -1.61358044E-02 -0.500000000    
          26          22  0.155302361      -7.67801236E-03 -0.500000000    
          26          23  0.142892182       3.49065824E-03 -0.500000000    
          26          24  0.109778389       1.76428966E-02 -0.500000000    
          26          25   5.13879582E-02   3.45316902E-02 -0.500000000    
          26          26  -1.85445827E-02   5.25811613E-02 -0.500000000    
          26          27  -4.15835194E-02   6.77185208E-02 -0.500000000    
          26          28   4.04707082E-02   7.44596124E-02 -0.500000000    
          26          29  0.169900522       7.13142678E-02 -0.500000000    
          26          30  0.224163771       6.39526397E-02 -0.500000000    
          26          31   9.40460712E-02   6.56690150E-02 -0.500000000    
          26          32  -8.93854499E-02   8.62571970E-02 -0.500000000    
          26          33  0.188092574       9.82522368E-02 -0.500000000    
          27           1  0.207918778       9.82219726E-02 -0.500000000    
          27           2  -8.67328793E-02   8.61633644E-02 -0.500000000    
          27           3   8.57543945E-02   6.61902055E-02 -0.500000000    
          27           4  0.221370310       6.35787174E-02 -0.500000000    
          27           5  0.184889793       7.03181252E-02 -0.500000000    
          27           6   6.85719028E-02   7.45414719E-02 -0.500000000    
          27           7  -2.82240883E-02   7.08449408E-02 -0.500000000    
          27           8  -3.78859676E-02   5.93410321E-02 -0.500000000    
          27           9   1.37676615E-02   4.40415516E-02 -0.500000000    
          27          10   7.28644356E-02   2.87884492E-02 -0.500000000    
          27          11  0.115952484       1.55285802E-02 -0.500000000    
          27          12  0.140782461       4.83861426E-03 -0.500000000    
          27          13  0.152120858      -3.32384533E-03 -0.500000000    
          27          14  0.155695319      -9.19535104E-03 -0.500000000    
          27          15  0.155757725      -1.30291907E-02 -0.500000000    
          27          16  0.154881999      -1.50311328E-02 -0.500000000    
          27          17  0.154814646      -1.53124975E-02 -0.500000000    
          27          18  0.155399948      -1.38933994E-02 -0.500000000    
          27          19  0.155977458      -1.06870178E-02 -0.500000000    
          27          20  0.153977275      -5.52297616E-03 -0.500000000    
          27          21  0.145673469       1.84597832E-03 -0.500000000    
          27          22  0.126044482       1.16758542E-02 -0.500000000    
          27          23   8.94856974E-02   2.41009053E-02 -0.500000000    
          27          24   3.46141942E-02   3.88184935E-02 -0.500000000    
          27          25  -2.42305491E-02   5.44361211E-02 -0.500000000    
          27          26  -4.15836163E-02   6.77184761E-02 -0.500000000    
          27          27   2.96397395E-02   7.42982328E-02 -0.500000000    
          27          28  0.150821507       7.23929182E-02 -0.500000000    
          27          29  0.223557204       6.55263066E-02 -0.500000000    
          27          30  0.154898599       6.33075386E-02 -0.500000000    
          27          31  -7.14291185E-02   7.86735713E-02 -0.500000000    
          27          32   9.68676955E-02   9.61974934E-02 -0.500000000    
          27          33  0.380608946       9.95248854E-02 -0.500000000    
          28           1  0.396334618       9.95523855E-02 -0.500000000    
          28           2  0.121250845       9.67091173E-02 -0.500000000    
          28           3  -8.40466619E-02   8.11423883E-02 -0.500000000    
          28           4  0.124253541       6.44560605E-02 -0.500000000    
          28           5  0.223824397       6.41603172E-02 -0.500000000    
          28           6  0.182271168       7.05214739E-02 -0.500000000    
          28           7   7.66965002E-02   7.44761899E-02 -0.500000000    
          28           8  -1.67457517E-02   7.20926523E-02 -0.500000000    
          28           9  -4.40461040E-02   6.34500235E-02 -0.500000000    
          28          10  -1.43423434E-02   5.13549335E-02 -0.500000000    
          28          11   3.40594202E-02   3.88476476E-02 -0.500000000    
          28          12   7.65591785E-02   2.77387220E-02 -0.500000000    
          28          13  0.106402785       1.87514815E-02 -0.500000000    
          28          14  0.124896310       1.20452521E-02 -0.500000000    
          28          15  0.135142893       7.55892601E-03 -0.500000000    
          28          16  0.139841914       5.18520968E-03 -0.500000000    
          28          17  0.140456811       4.84883599E-03 -0.500000000    
          28          18  0.137235686       6.53775129E-03 -0.500000000    
          28          19  0.129062936       1.03084007E-02 -0.500000000    
          28          20  0.113686696       1.62635557E-02 -0.500000000    
          28          21   8.79431814E-02   2.44918838E-02 -0.500000000    
          28          22   4.94715758E-02   3.49363275E-02 -0.500000000    
          28          23   1.36267464E-03   4.71140929E-02 -0.500000000    
          28          24  -3.86045799E-02   5.96338846E-02 -0.500000000    
          28          25  -3.39716934E-02   6.98036626E-02 -0.500000000    
          28          26   4.04706933E-02   7.44596049E-02 -0.500000000    
          28          27  0.150821477       7.23929182E-02 -0.500000000    
          28          28  0.221170634       6.61174506E-02 -0.500000000    
          28          29  0.178068176       6.28109872E-02 -0.500000000    
          28          30  -2.94261724E-02   7.40404874E-02 -0.500000000    
          28          31   3.13966745E-03   9.33724344E-02 -0.500000000    
          28          32  0.332700104       9.92409363E-02 -0.500000000    
          28          33  0.466272086       9.96995419E-02 -0.500000000    
          29           1  0.473908037       9.97040868E-02 -0.500000000    
          29           2  0.361401021       9.93998349E-02 -0.500000000    
          29           3   6.37972504E-02   9.53913629E-02 -0.500000000    
          29           4  -7.30461702E-02   7.90328383E-02 -0.500000000    
          29           5  0.129272074       6.42610788E-02 -0.500000000    
          29           6  0.222854480       6.38573393E-02 -0.500000000    
          29           7  0.194918424       6.94872811E-02 -0.500000000    
          29           8  0.108319059       7.38893896E-02 -0.500000000    
          29           9   1.63490623E-02   7.38967434E-02 -0.500000000    
          29          10  -3.69666517E-02   6.91501424E-02 -0.500000000    
          29          11  -4.19225097E-02   6.12433217E-02 -0.500000000    
          29          12  -1.83066223E-02   5.23498021E-02 -0.500000000    
          29          13   1.23255588E-02   4.41250838E-02 -0.500000000    
          29          14   3.85160446E-02   3.74846421E-02 -0.500000000    
          29          15   5.65413572E-02   3.28312889E-02 -0.500000000    
          29          16   6.60270751E-02   3.03059816E-02 -0.500000000    
          29          17   6.73617870E-02   2.99445894E-02 -0.500000000    
          29          18   6.06337078E-02   3.17501090E-02 -0.500000000    
          29          19   4.54867035E-02   3.57023142E-02 -0.500000000    
          29          20   2.18425561E-02   4.17079031E-02 -0.500000000    
          29          21  -8.09581019E-03   4.94749807E-02 -0.500000000    
          29          22  -3.59845459E-02   5.82905710E-02 -0.500000000    
          29          23  -4.33401614E-02   6.67559281E-02 -0.500000000    
          29          24  -7.07556214E-03   7.27929547E-02 -0.500000000    
          29          25   7.56530091E-02   7.44489655E-02 -0.500000000    
          29          26  0.169900328       7.13143125E-02 -0.500000000    
          29          27  0.223557264       6.55262768E-02 -0.500000000    
          29          28  0.178068250       6.28109649E-02 -0.500000000    
          29          29  -1.20454738E-02   7.25915954E-02 -0.500000000    
          29          30  -3.69021110E-02   9.14229155E-02 -0.500000000    
          29          31  0.282526940       9.88790318E-02 -0.500000000    
          29          32  0.452347368       9.96810123E-02 -0.500000000    
          29          33  0.493383497       9.97117683E-02 -0.500000000    
          30           1  0.495678782       9.97119695E-02 -0.500000000    
          30           2  0.466464520       9.96978208E-02 -0.500000000    
          30           3  0.343126833       9.93048996E-02 -0.500000000    
          30           4   5.56594357E-02   9.51688737E-02 -0.500000000    
          30           5  -7.92187676E-02   8.00895914E-02 -0.500000000    
          30           6  0.102946751       6.53678179E-02 -0.500000000    
          30           7  0.213947713       6.29102588E-02 -0.500000000    
          30           8  0.216249838       6.71328977E-02 -0.500000000    
          30           9  0.158803850       7.18930140E-02 -0.500000000    
          30          10   8.03708881E-02   7.43074268E-02 -0.500000000    
          30          11   1.17039680E-02   7.36455843E-02 -0.500000000    
          30          12  -3.03850453E-02   7.04948381E-02 -0.500000000    
          30          13  -4.63475101E-02   6.60900399E-02 -0.500000000    
          30          14  -4.63149808E-02   6.16819598E-02 -0.500000000    
          30          15  -4.06220593E-02   5.81926554E-02 -0.500000000    
          30          16  -3.58771197E-02   5.61715178E-02 -0.500000000    
          30          17  -3.51121947E-02   5.58752157E-02 -0.500000000    
          30          18  -3.87222804E-02   5.73379546E-02 -0.500000000    
          30          19  -4.46353257E-02   6.03825971E-02 -0.500000000    
          30          20  -4.75437567E-02   6.45674169E-02 -0.500000000    
          30          21  -3.81993167E-02   6.90996647E-02 -0.500000000    
          30          22  -5.57712745E-03   7.28175193E-02 -0.500000000    
          30          23   5.51999845E-02   7.44206160E-02 -0.500000000    
          30          24  0.133282751       7.30289072E-02 -0.500000000    
          30          25  0.201659888       6.88595474E-02 -0.500000000    
          30          26  0.224163875       6.39526397E-02 -0.500000000    
          30          27  0.154898748       6.33075088E-02 -0.500000000    
          30          28  -2.94261202E-02   7.40404576E-02 -0.500000000    
          30          29  -3.69021259E-02   9.14229229E-02 -0.500000000    
          30          30  0.263486654       9.87103879E-02 -0.500000000    
          30          31  0.440888554       9.96627659E-02 -0.500000000    
          30          32  0.490940005       9.97113511E-02 -0.500000000    
          30          33  0.499178976       9.97120515E-02 -0.500000000    
          31           1  0.499572843       9.97120366E-02 -0.500000000    
          31           2  0.494890064       9.97118577E-02 -0.500000000    
          31           3  0.465172559       9.96966064E-02 -0.500000000    
          31           4  0.352503091       9.93553102E-02 -0.500000000    
          31           5   9.67043787E-02   9.61935744E-02 -0.500000000    
          31           6  -8.97131935E-02   8.42252448E-02 -0.500000000    
          31           7   3.65671888E-02   6.89473599E-02 -0.500000000    
          31           8  0.178038746       6.25780001E-02 -0.500000000    
          31           9  0.223819479       6.38501495E-02 -0.500000000    
          31          10  0.206436843       6.77214041E-02 -0.500000000    
          31          11  0.156684518       7.12034926E-02 -0.500000000    
          31          12   9.66045037E-02   7.31623173E-02 -0.500000000    
          31          13   4.19865586E-02   7.35518783E-02 -0.500000000    
          31          14   1.17717986E-03   7.28911683E-02 -0.500000000    
          31          15  -2.43598428E-02   7.18827397E-02 -0.500000000    
          31          16  -3.68107408E-02   7.11376220E-02 -0.500000000    
          31          17  -3.85001861E-02   7.10192919E-02 -0.500000000    
          31          18  -2.98247840E-02   7.15811849E-02 -0.500000000    
          31          19  -8.96171387E-03   7.25595951E-02 -0.500000000    
          31          20   2.66589019E-02   7.34142512E-02 -0.500000000    
          31          21   7.72168487E-02   7.34484494E-02 -0.500000000    
          31          22  0.136887997       7.20444843E-02 -0.500000000    
          31          23  0.192233533       6.90110251E-02 -0.500000000    
          31          24  0.223272070       6.50473014E-02 -0.500000000    
          31          25  0.202741966       6.24285378E-02 -0.500000000    
          31          26   9.40463468E-02   6.56690076E-02 -0.500000000    
          31          27  -7.14290366E-02   7.86735415E-02 -0.500000000    
          31          28   3.13957524E-03   9.33724567E-02 -0.500000000    
          31          29  0.282526940       9.88790169E-02 -0.500000000    
          31          30  0.440888554       9.96627659E-02 -0.500000000    
          31          31  0.489721984       9.97110903E-02 -0.500000000    
          31          32  0.498957157       9.97120366E-02 -0.500000000    
          31          33  0.499942064       9.97120366E-02 -0.500000000    
          32           1  0.499977678       9.97120366E-02 -0.500000000    
          32           2  0.499552995       9.97120366E-02 -0.500000000    
          32           3  0.495319515       9.97119248E-02 -0.500000000    
          32           4  0.471201450       9.97018516E-02 -0.500000000    
          32           5  0.385434449       9.95043069E-02 -0.500000000    
          32           6  0.184686363       9.77782458E-02 -0.500000000    
          32           7  -5.30410931E-02   9.04327929E-02 -0.500000000    
          32           8  -6.81673810E-02   7.68116191E-02 -0.500000000    
          32           9   6.31202832E-02   6.56958818E-02 -0.500000000    
          32          10  0.149080619       6.12476096E-02 -0.500000000    
          32          11  0.169058308       6.09639287E-02 -0.500000000    
          32          12  0.153288692       6.19554967E-02 -0.500000000    
          32          13  0.127271771       6.27704412E-02 -0.500000000    
          32          14  0.104897588       6.30605370E-02 -0.500000000    
          32          15   9.05615464E-02   6.29960895E-02 -0.500000000    
          32          16   8.36912617E-02   6.28566891E-02 -0.500000000    
          32          17   8.27735588E-02   6.28304332E-02 -0.500000000    
          32          18   8.75266045E-02   6.29457459E-02 -0.500000000    
          32          19   9.91971642E-02   6.30641878E-02 -0.500000000    
          32          20  0.119036369       6.29227757E-02 -0.500000000    
          32          21  0.144832864       6.22805990E-02 -0.500000000    
          32          22  0.166282982       6.12539053E-02 -0.500000000    
          32          23  0.161698908       6.08595796E-02 -0.500000000    
          32          24  0.100236095       6.35360181E-02 -0.500000000    
          32          25  -2.72526182E-02   7.24070594E-02 -0.500000000    
          32          26  -8.93856063E-02   8.62571746E-02 -0.500000000    
          32          27   9.68675986E-02   9.61975008E-02 -0.500000000    
          32          28  0.332700104       9.92409363E-02 -0.500000000    
          32          29  0.452347368       9.96810123E-02 -0.500000000    
          32          30  0.490940005       9.97113511E-02 -0.500000000    
          32          31  0.498957157       9.97120366E-02 -0.500000000    
          32          32  0.499933898       9.97120366E-02 -0.500000000    
          32          33  0.499998420       9.97120366E-02 -0.500000000    
          33           1  0.499999732       9.97120366E-02 -0.500000000    
          33           2  0.499979705       9.97120366E-02 -0.500000000    
          33           3  0.499636054       9.97120366E-02 -0.500000000    
          33           4  0.496511787       9.97120142E-02 -0.500000000    
          33           5  0.479499221       9.97079313E-02 -0.500000000    
          33           6  0.418842018       9.96294096E-02 -0.500000000    
          33           7  0.265854090       9.89293531E-02 -0.500000000    
          33           8   4.89078881E-03   9.54399109E-02 -0.500000000    
          33           9 -0.218032077       8.57016817E-02 -0.500000000    
          33          10 -0.218588188       7.05869198E-02 -0.500000000    
          33          11  -6.64709732E-02   5.59034869E-02 -0.500000000    
          33          12  0.105474442       4.53511328E-02 -0.500000000    
          33          13  0.244392857       3.92099321E-02 -0.500000000    
          33          14  0.341977417       3.62968147E-02 -0.500000000    
          33          15  0.402932674       3.52365896E-02 -0.500000000    
          33          16  0.433509558       3.49822342E-02 -0.500000000    
          33          17  0.437742412       3.49638239E-02 -0.500000000    
          33          18  0.416237563       3.51005234E-02 -0.500000000    
          33          19  0.366035581       3.57984118E-02 -0.500000000    
          33          20  0.281386316       3.79514620E-02 -0.500000000    
          33          21  0.156351462       4.28586863E-02 -0.500000000    
          33          22  -7.28373788E-03   5.18620424E-02 -0.500000000    
          33          23 -0.176765144       6.53738603E-02 -0.500000000    
          33          24 -0.244595349       8.10032859E-02 -0.500000000    
          33          25  -8.61491486E-02   9.30014700E-02 -0.500000000    
          33          26  0.188092381       9.82522070E-02 -0.500000000    
          33          27  0.380608946       9.95248854E-02 -0.500000000    
          33          28  0.466272086       9.96995419E-02 -0.500000000    
          33          29  0.493383497       9.97117683E-02 -0.500000000    
          33          30  0.499178976       9.97120515E-02 -0.500000000    
          33          31  0.499942064       9.97120366E-02 -0.500000000    
          33          32  0.499998420       9.97120366E-02 -0.500000000    
          33          33  0.500000000       9.97120366E-02 -0.500000000    
