           1           1  0.278770298       6.82152659E-02 -0.500000000    
           1           2  -8.53565410E-02   5.79475388E-02 -0.500000000    
           1           3  -9.55814421E-02   2.55743545E-02 -0.500000000    
           1           4  0.136119783      -8.62325914E-03 -0.500000000    
           1           5  0.346743464      -3.26409824E-02 -0.500000000    
           1           6  0.498506963      -4.44923416E-02 -0.500000000    
           1           7  0.544809818      -4.40157279E-02 -0.500000000    
           1           8  0.530546546      -3.84348631E-02 -0.500000000    
           1           9  0.512477875      -3.42257358E-02 -0.500000000    
           1          10  0.503709614      -3.33326459E-02 -0.500000000    
           1          11  0.497859418      -3.52187045E-02 -0.500000000    
           1          12  0.491314620      -3.87269631E-02 -0.500000000    
           1          13  0.484699816      -4.27804999E-02 -0.500000000    
           1          14  0.479413480      -4.65468541E-02 -0.500000000    
           1          15  0.476026326      -4.94428426E-02 -0.500000000    
           1          16  0.474377781      -5.11035956E-02 -0.500000000    
           1          17  0.474155635      -5.13464510E-02 -0.500000000    
           1          18  0.475301266      -5.01461402E-02 -0.500000000    
           1          19  0.478072166      -4.76310179E-02 -0.500000000    
           1          20  0.482741266      -4.41015027E-02 -0.500000000    
           1          21  0.489038587      -4.00639623E-02 -0.500000000    
           1          22  0.495774180      -3.62653919E-02 -0.500000000    
           1          23  0.501737416      -3.37072015E-02 -0.500000000    
           1          24  0.508770943      -3.35591175E-02 -0.500000000    
           1          25  0.523477912      -3.67025807E-02 -0.500000000    
           1          26  0.543198407      -4.23070900E-02 -0.500000000    
           1          27  0.524967551      -4.54426184E-02 -0.500000000    
           1          28  0.407994598      -3.81189249E-02 -0.500000000    
           1          29  0.208094507      -1.77735984E-02 -0.500000000    
           1          30  -1.66534539E-02   1.31693594E-02 -0.500000000    
           1          31 -0.156386390       4.92923707E-02 -0.500000000    
           1          32  0.174361587       6.67231306E-02 -0.500000000    
           1          33  0.415660083       6.91220239E-02 -0.500000000    
           2           1  -8.53565484E-02   5.79475351E-02 -0.500000000    
           2           2   1.02661047E-02   2.67618541E-02 -0.500000000    
           2           3  0.197007135       3.28556681E-03 -0.500000000    
           2           4  0.150353909      -1.71402411E-03 -0.500000000    
           2           5   9.37359966E-03  -3.41701158E-03 -0.500000000    
           2           6  -1.76109970E-02  -1.30406655E-02 -0.500000000    
           2           7  0.130954161      -3.04093473E-02 -0.500000000    
           2           8  0.328832507      -4.79038581E-02 -0.500000000    
           2           9  0.490635961      -6.02815077E-02 -0.500000000    
           2          10  0.597270072      -6.73849434E-02 -0.500000000    
           2          11  0.657435894      -7.11496100E-02 -0.500000000    
           2          12  0.686826944      -7.32129514E-02 -0.500000000    
           2          13  0.698302388      -7.44565055E-02 -0.500000000    
           2          14  0.700398803      -7.52687603E-02 -0.500000000    
           2          15  0.698691487      -7.57961720E-02 -0.500000000    
           2          16  0.696737766      -7.60785416E-02 -0.500000000    
           2          17  0.696400106      -7.61189982E-02 -0.500000000    
           2          18  0.697942257      -7.59169981E-02 -0.500000000    
           2          19  0.700039685      -7.54728988E-02 -0.500000000    
           2          20  0.699719787      -7.47646317E-02 -0.500000000    
           2          21  0.692143917      -7.36922175E-02 -0.500000000    
           2          22  0.669919133      -7.19691068E-02 -0.500000000    
           2          23  0.621717989      -6.89134076E-02 -0.500000000    
           2          24  0.532200098      -6.31497800E-02 -0.500000000    
           2          25  0.388618171      -5.26897870E-02 -0.500000000    
           2          26  0.197537109      -3.66023295E-02 -0.500000000    
           2          27   1.75234936E-02  -1.82974450E-02 -0.500000000    
           2          28  -2.13917587E-02  -5.49867656E-03 -0.500000000    
           2          29  0.104285292      -1.90209527E-03 -0.500000000    
           2          30  0.202550307       2.36068619E-04 -0.500000000    
           2          31  0.100336879       1.64858643E-02 -0.500000000    
           2          32  -9.74755213E-02   4.95873205E-02 -0.500000000    
           2          33  0.150008619       6.67845309E-02 -0.500000000    
           3           1  -9.55814794E-02   2.55743191E-02 -0.500000000    
           3           2  0.197007120       3.28558614E-03 -0.500000000    
           3           3  0.191300988       5.19831839E-04 -0.500000000    
           3           4   4.57246974E-02   4.06920677E-03 -0.500000000    
           3           5  -6.76061437E-02   2.34302133E-03 -0.500000000    
           3           6  -4.01952453E-02  -8.83330032E-03 -0.500000000    
           3           7   6.60362318E-02  -2.73297392E-02 -0.500000000    
           3           8  0.178773433      -4.88177575E-02 -0.500000000    
           3           9  0.275759220      -6.90432638E-02 -0.500000000    
           3          10  0.353062779      -8.48964602E-02 -0.500000000    
           3          11  0.412159115      -9.53241661E-02 -0.500000000    
           3          12  0.455306172     -0.101055078     -0.500000000    
           3          13  0.484630942     -0.103574611     -0.500000000    
           3          14  0.502782524     -0.104303196     -0.500000000    
           3          15  0.512794197     -0.104266874     -0.500000000    
           3          16  0.517306566     -0.104083739     -0.500000000    
           3          17  0.517899573     -0.104048751     -0.500000000    
           3          18  0.514805675     -0.104201809     -0.500000000    
           3          19  0.506876409     -0.104337931     -0.500000000    
           3          20  0.491776258     -0.103956737     -0.500000000    
           3          21  0.466500044     -0.102175169     -0.500000000    
           3          22  0.428210318      -9.76885110E-02 -0.500000000    
           3          23  0.374666512      -8.89668390E-02 -0.500000000    
           3          24  0.303697079      -7.49108046E-02 -0.500000000    
           3          25  0.213236630      -5.58893569E-02 -0.500000000    
           3          26  0.104655564      -3.43802720E-02 -0.500000000    
           3          27  -8.64093378E-03  -1.43901138E-02 -0.500000000    
           3          28  -7.35914409E-02  -3.43145599E-04 -0.500000000    
           3          29  -4.46728850E-03   4.44174977E-03 -0.500000000    
           3          30  0.151560649       1.73657457E-03 -0.500000000    
           3          31  0.227791309       8.41077592E-04 -0.500000000    
           3          32   7.53168985E-02   1.74717288E-02 -0.500000000    
           3          33 -0.233386472       4.95602787E-02 -0.500000000    
           4           1  0.136119857      -8.62327684E-03 -0.500000000    
           4           2  0.150353864      -1.71404856E-03 -0.500000000    
           4           3   4.57247868E-02   4.06918861E-03 -0.500000000    
           4           4  -5.05782478E-02   2.84865079E-03 -0.500000000    
           4           5  -6.52042218E-04  -8.23455863E-03 -0.500000000    
           4           6   8.94940719E-02  -2.51201093E-02 -0.500000000    
           4           7  0.138469383      -4.30242307E-02 -0.500000000    
           4           8  0.145071030      -5.94567619E-02 -0.500000000    
           4           9  0.131418914      -7.35724792E-02 -0.500000000    
           4          10  0.116620503      -8.50890875E-02 -0.500000000    
           4          11  0.109388307      -9.38671380E-02 -0.500000000    
           4          12  0.110546567      -9.99549106E-02 -0.500000000    
           4          13  0.117363386     -0.103698865     -0.500000000    
           4          14  0.126356110     -0.105687529     -0.500000000    
           4          15  0.134472132     -0.106567755     -0.500000000    
           4          16  0.139469832     -0.106870249     -0.500000000    
           4          17  0.140236735     -0.106903337     -0.500000000    
           4          18  0.136549339     -0.106712438     -0.500000000    
           4          19  0.129300535     -0.106074132     -0.500000000    
           4          20  0.120283015     -0.104524270     -0.500000000    
           4          21  0.112349048     -0.101437785     -0.500000000    
           4          22  0.108953081      -9.61845219E-02 -0.500000000    
           4          23  0.113230363      -8.83225054E-02 -0.500000000    
           4          24  0.125959679      -7.77096674E-02 -0.500000000    
           4          25  0.141591743      -6.44383803E-02 -0.500000000    
           4          26  0.144353971      -4.87278886E-02 -0.500000000    
           4          27  0.111326769      -3.11456770E-02 -0.500000000    
           4          28   3.12548913E-02  -1.34924417E-02 -0.500000000    
           4          29  -4.78722081E-02   1.45652273E-04 -0.500000000    
           4          30   3.67157510E-03   4.83075483E-03 -0.500000000    
           4          31  0.152105734       1.34771818E-03 -0.500000000    
           4          32  0.171033472      -5.72608085E-04 -0.500000000    
           4          33  -4.40497249E-02   8.41829833E-03 -0.500000000    
           5           1  0.346743524      -3.26409861E-02 -0.500000000    
           5           2   9.37386975E-03  -3.41702905E-03 -0.500000000    
           5           3  -6.76060542E-02   2.34302669E-03 -0.500000000    
           5           4  -6.52150251E-04  -8.23453814E-03 -0.500000000    
           5           5  0.102772765      -2.64112949E-02 -0.500000000    
           5           6  0.153558165      -4.53002118E-02 -0.500000000    
           5           7  0.151113480      -6.14922568E-02 -0.500000000    
           5           8  0.114862107      -7.38306120E-02 -0.500000000    
           5           9   6.57702610E-02  -8.23157057E-02 -0.500000000    
           5          10   2.18605530E-02  -8.74795616E-02 -0.500000000    
           5          11  -6.45075226E-03  -9.01233703E-02 -0.500000000    
           5          12  -1.73687711E-02  -9.11007151E-02 -0.500000000    
           5          13  -1.54541414E-02  -9.11405459E-02 -0.500000000    
           5          14  -7.54894456E-03  -9.07746479E-02 -0.500000000    
           5          15   9.65504907E-04  -9.03470069E-02 -0.500000000    
           5          16   6.54906873E-03  -9.00606066E-02 -0.500000000    
           5          17   7.33572943E-03  -9.00170952E-02 -0.500000000    
           5          18   3.29979369E-03  -9.02286693E-02 -0.500000000    
           5          19  -4.54666978E-03  -9.06265602E-02 -0.500000000    
           5          20  -1.32434741E-02  -9.10434276E-02 -0.500000000    
           5          21  -1.77548919E-02  -9.11871344E-02 -0.500000000    
           5          22  -1.18482905E-02  -9.05949399E-02 -0.500000000    
           5          23   1.03315776E-02  -8.85985866E-02 -0.500000000    
           5          24   4.97590080E-02  -8.43694508E-02 -0.500000000    
           5          25   9.89261344E-02  -7.70664290E-02 -0.500000000    
           5          26  0.141884595      -6.60455823E-02 -0.500000000    
           5          27  0.157952577      -5.10848388E-02 -0.500000000    
           5          28  0.126882747      -3.28496955E-02 -0.500000000    
           5          29   3.73624153E-02  -1.38168866E-02 -0.500000000    
           5          30  -5.13940305E-02   5.88513096E-04 -0.500000000    
           5          31  -4.76527913E-03   3.71037656E-03 -0.500000000    
           5          32  0.102562509      -6.87235920E-03 -0.500000000    
           5          33  0.353877842      -3.12577263E-02 -0.500000000    
           6           1  0.498506993      -4.44923677E-02 -0.500000000    
           6           2  -1.76109709E-02  -1.30406972E-02 -0.500000000    
           6           3  -4.01954465E-02  -8.83328915E-03 -0.500000000    
           6           4   8.94939005E-02  -2.51200646E-02 -0.500000000    
           6           5  0.153558239      -4.53001522E-02 -0.500000000    
           6           6  0.150171459      -6.28290325E-02 -0.500000000    
           6           7  0.107982017      -7.57580772E-02 -0.500000000    
           6           8   5.30592576E-02  -8.38191286E-02 -0.500000000    
           6           9   7.62008969E-03  -8.75599831E-02 -0.500000000    
           6          10  -1.66456867E-02  -8.80053714E-02 -0.500000000    
           6          11  -2.09508631E-02  -8.63917023E-02 -0.500000000    
           6          12  -1.28750233E-02  -8.38391632E-02 -0.500000000    
           6          13   4.58627241E-04  -8.11560303E-02 -0.500000000    
           6          14   1.39301475E-02  -7.88364187E-02 -0.500000000    
           6          15   2.38203984E-02  -7.71494210E-02 -0.500000000    
           6          16   2.97229625E-02  -7.62134939E-02 -0.500000000    
           6          17   3.04193683E-02  -7.60793164E-02 -0.500000000    
           6          18   2.64503770E-02  -7.67496899E-02 -0.500000000    
           6          19   1.74668785E-02  -7.81967640E-02 -0.500000000    
           6          20   5.31570148E-03  -8.03244188E-02 -0.500000000    
           6          21  -8.63129739E-03  -8.29292759E-02 -0.500000000    
           6          22  -1.95125863E-02  -8.55994895E-02 -0.500000000    
           6          23  -2.00357772E-02  -8.76345560E-02 -0.500000000    
           6          24  -2.69147730E-03  -8.80123749E-02 -0.500000000    
           6          25   3.63355093E-02  -8.55036601E-02 -0.500000000    
           6          26   9.01313871E-02  -7.89746866E-02 -0.500000000    
           6          27  0.139274389      -6.76913187E-02 -0.500000000    
           6          28  0.159219116      -5.15799858E-02 -0.500000000    
           6          29  0.122345015      -3.17402445E-02 -0.500000000    
           6          30   1.52919507E-02  -1.18416753E-02 -0.500000000    
           6          31  -8.90501961E-02  -8.69164011E-04 -0.500000000    
           6          32   6.26883209E-02  -1.49912061E-02 -0.500000000    
           6          33  0.599595964      -5.11645265E-02 -0.500000000    
           7           1  0.544809818      -4.40157875E-02 -0.500000000    
           7           2  0.130953729      -3.04093156E-02 -0.500000000    
           7           3   6.60359040E-02  -2.73296721E-02 -0.500000000    
           7           4  0.138469338      -4.30241786E-02 -0.500000000    
           7           5  0.151113629      -6.14922456E-02 -0.500000000    
           7           6  0.107982047      -7.57580400E-02 -0.500000000    
           7           7   4.77468483E-02  -8.44254941E-02 -0.500000000    
           7           8   1.99152390E-04  -8.78473595E-02 -0.500000000    
           7           9  -1.91117376E-02  -8.72182772E-02 -0.500000000    
           7          10  -1.30158216E-02  -8.40911269E-02 -0.500000000    
           7          11   6.71968330E-03  -7.98845366E-02 -0.500000000    
           7          12   2.95956414E-02  -7.55948052E-02 -0.500000000    
           7          13   4.93442528E-02  -7.18032494E-02 -0.500000000    
           7          14   6.45068958E-02  -6.87967017E-02 -0.500000000    
           7          15   7.47538880E-02  -6.67023286E-02 -0.500000000    
           7          16   7.95830861E-02  -6.55696690E-02 -0.500000000    
           7          17   8.06907266E-02  -6.54055700E-02 -0.500000000    
           7          18   7.66499043E-02  -6.62181228E-02 -0.500000000    
           7          19   6.86047301E-02  -6.79933727E-02 -0.500000000    
           7          20   5.50785586E-02  -7.07045048E-02 -0.500000000    
           7          21   3.63641009E-02  -7.42580593E-02 -0.500000000    
           7          22   1.44392867E-02  -7.84272477E-02 -0.500000000    
           7          23  -7.05548003E-03  -8.27492550E-02 -0.500000000    
           7          24  -1.92880407E-02  -8.63772854E-02 -0.500000000    
           7          25  -9.70580895E-03  -8.80150720E-02 -0.500000000    
           7          26   2.92156618E-02  -8.61029848E-02 -0.500000000    
           7          27   8.81360620E-02  -7.92729631E-02 -0.500000000    
           7          28  0.141985252      -6.67961091E-02 -0.500000000    
           7          29  0.155702204      -4.89694104E-02 -0.500000000    
           7          30   9.29251537E-02  -2.83796825E-02 -0.500000000    
           7          31  -2.40432974E-02  -1.47573575E-02 -0.500000000    
           7          32  0.144773424      -2.80947313E-02 -0.500000000    
           7          33  0.670868814      -5.14660962E-02 -0.500000000    
           8           1  0.530546606      -3.84349301E-02 -0.500000000    
           8           2  0.328831643      -4.79037687E-02 -0.500000000    
           8           3  0.178773239      -4.88176718E-02 -0.500000000    
           8           4  0.145071134      -5.94566762E-02 -0.500000000    
           8           5  0.114862382      -7.38305748E-02 -0.500000000    
           8           6   5.30593805E-02  -8.38191733E-02 -0.500000000    
           8           7   1.99349946E-04  -8.78473595E-02 -0.500000000    
           8           8  -1.95632819E-02  -8.69014338E-02 -0.500000000    
           8           9  -7.62091670E-03  -8.28284398E-02 -0.500000000    
           8          10   1.99976582E-02  -7.74080530E-02 -0.500000000    
           8          11   4.94476631E-02  -7.18742311E-02 -0.500000000    
           8          12   7.39547387E-02  -6.69027492E-02 -0.500000000    
           8          13   9.19018164E-02  -6.27981126E-02 -0.500000000    
           8          14  0.103976309      -5.96688241E-02 -0.500000000    
           8          15  0.111093968      -5.75391427E-02 -0.500000000    
           8          16  0.114569724      -5.63981794E-02 -0.500000000    
           8          17  0.115053631      -5.62356189E-02 -0.500000000    
           8          18  0.112625122      -5.70493788E-02 -0.500000000    
           8          19  0.106779225      -5.88486306E-02 -0.500000000    
           8          20   9.66246799E-02  -6.16437681E-02 -0.500000000    
           8          21   8.06239918E-02  -6.54303282E-02 -0.500000000    
           8          22   5.81852160E-02  -7.01347291E-02 -0.500000000    
           8          23   3.01527046E-02  -7.55322427E-02 -0.500000000    
           8          24   9.20577208E-04  -8.10963139E-02 -0.500000000    
           8          25  -1.82375070E-02  -8.57954547E-02 -0.500000000    
           8          26  -1.04506444E-02  -8.80025178E-02 -0.500000000    
           8          27   3.28793786E-02  -8.58020410E-02 -0.500000000    
           8          28   9.76767838E-02  -7.76934400E-02 -0.500000000    
           8          29  0.145511821      -6.34033605E-02 -0.500000000    
           8          30  0.134969503      -4.55286764E-02 -0.500000000    
           8          31  0.117365584      -3.48124169E-02 -0.500000000    
           8          32  0.296241999      -4.10711728E-02 -0.500000000    
           8          33  0.632973373      -4.25996296E-02 -0.500000000    
           9           1  0.512477994      -3.42257358E-02 -0.500000000    
           9           2  0.490634710      -6.02814034E-02 -0.500000000    
           9           3  0.275758952      -6.90431297E-02 -0.500000000    
           9           4  0.131419152      -7.35724121E-02 -0.500000000    
           9           5   6.57706708E-02  -8.23156610E-02 -0.500000000    
           9           6   7.62027316E-03  -8.75599384E-02 -0.500000000    
           9           7  -1.91116557E-02  -8.72183591E-02 -0.500000000    
           9           8  -7.62097910E-03  -8.28284696E-02 -0.500000000    
           9           9   2.46725809E-02  -7.65454099E-02 -0.500000000    
           9          10   5.91578037E-02  -6.99605942E-02 -0.500000000    
           9          11   8.71977434E-02  -6.39332235E-02 -0.500000000    
           9          12  0.106959447      -5.88275641E-02 -0.500000000    
           9          13  0.119212784      -5.47545627E-02 -0.500000000    
           9          14  0.126046568      -5.17127812E-02 -0.500000000    
           9          15  0.129727855      -4.96649668E-02 -0.500000000    
           9          16  0.130964041      -4.85766716E-02 -0.500000000    
           9          17  0.131351054      -4.84207012E-02 -0.500000000    
           9          18  0.130169258      -4.91980352E-02 -0.500000000    
           9          19  0.127697483      -5.09212948E-02 -0.500000000    
           9          20  0.121961623      -5.36274016E-02 -0.500000000    
           9          21  0.111673415      -5.73543534E-02 -0.500000000    
           9          22   9.47597250E-02  -6.21199422E-02 -0.500000000    
           9          23   6.94577321E-02  -6.78640753E-02 -0.500000000    
           9          24   3.65642905E-02  -7.43279904E-02 -0.500000000    
           9          25   2.02452647E-03  -8.08487236E-02 -0.500000000    
           9          26  -1.87391639E-02  -8.60921443E-02 -0.500000000    
           9          27  -5.11780288E-03  -8.80045295E-02 -0.500000000    
           9          28   4.78069745E-02  -8.44125152E-02 -0.500000000    
           9          29  0.110503681      -7.44794905E-02 -0.500000000    
           9          30  0.151088089      -6.15390204E-02 -0.500000000    
           9          31  0.257965147      -5.57361618E-02 -0.500000000    
           9          32  0.441928774      -5.01578674E-02 -0.500000000    
           9          33  0.558555484      -3.36004831E-02 -0.500000000    
          10           1  0.503709972      -3.33325528E-02 -0.500000000    
          10           2  0.597269118      -6.73848838E-02 -0.500000000    
          10           3  0.353062600      -8.48963335E-02 -0.500000000    
          10           4  0.116620950      -8.50890055E-02 -0.500000000    
          10           5   2.18609907E-02  -8.74796063E-02 -0.500000000    
          10           6  -1.66455545E-02  -8.80054235E-02 -0.500000000    
          10           7  -1.30160293E-02  -8.40912014E-02 -0.500000000    
          10           8   1.99975725E-02  -7.74081349E-02 -0.500000000    
          10           9   5.91578074E-02  -6.99606687E-02 -0.500000000    
          10          10   9.13155228E-02  -6.29403964E-02 -0.500000000    
          10          11  0.113305196      -5.68578131E-02 -0.500000000    
          10          12  0.125934586      -5.18639311E-02 -0.500000000    
          10          13  0.131653115      -4.79516611E-02 -0.500000000    
          10          14  0.133776933      -4.50583771E-02 -0.500000000    
          10          15  0.133876786      -4.31244113E-02 -0.500000000    
          10          16  0.133383378      -4.20982502E-02 -0.500000000    
          10          17  0.133489832      -4.19520773E-02 -0.500000000    
          10          18  0.133645862      -4.26832624E-02 -0.500000000    
          10          19  0.133885950      -4.43109162E-02 -0.500000000    
          10          20  0.132862151      -4.68759909E-02 -0.500000000    
          10          21  0.128290921      -5.04427291E-02 -0.500000000    
          10          22  0.118329324      -5.50714768E-02 -0.500000000    
          10          23   9.99146551E-02  -6.07960336E-02 -0.500000000    
          10          24   7.10732639E-02  -6.75369427E-02 -0.500000000    
          10          25   3.33383754E-02  -7.49336630E-02 -0.500000000    
          10          26  -3.96949425E-03  -8.20554048E-02 -0.500000000    
          10          27  -1.91691983E-02  -8.70964825E-02 -0.500000000    
          10          28   7.65840057E-03  -8.76262039E-02 -0.500000000    
          10          29   6.78140894E-02  -8.23990926E-02 -0.500000000    
          10          30  0.158186525      -7.55728707E-02 -0.500000000    
          10          31  0.371948689      -7.32211769E-02 -0.500000000    
          10          32  0.547109723      -5.55996932E-02 -0.500000000    
          10          33  0.488791555      -2.82546449E-02 -0.500000000    
          11           1  0.497859865      -3.52186076E-02 -0.500000000    
          11           2  0.657435775      -7.11495429E-02 -0.500000000    
          11           3  0.412158906      -9.53241065E-02 -0.500000000    
          11           4  0.109388694      -9.38671306E-02 -0.500000000    
          11           5  -6.45052735E-03  -9.01234001E-02 -0.500000000    
          11           6  -2.09509283E-02  -8.63918066E-02 -0.500000000    
          11           7   6.71940297E-03  -7.98846632E-02 -0.500000000    
          11           8   4.94474247E-02  -7.18742907E-02 -0.500000000    
          11           9   8.71975794E-02  -6.39332011E-02 -0.500000000    
          11          10  0.113305144      -5.68578467E-02 -0.500000000    
          11          11  0.127740249      -5.09122834E-02 -0.500000000    
          11          12  0.133188039      -4.61137928E-02 -0.500000000    
          11          13  0.133493558      -4.23878506E-02 -0.500000000    
          11          14  0.131561756      -3.96479480E-02 -0.500000000    
          11          15  0.128690362      -3.78226750E-02 -0.500000000    
          11          16  0.127130687      -3.68530191E-02 -0.500000000    
          11          17  0.126682267      -3.67173031E-02 -0.500000000    
          11          18  0.128191441      -3.74047048E-02 -0.500000000    
          11          19  0.130382925      -3.89424488E-02 -0.500000000    
          11          20  0.133134678      -4.13686037E-02 -0.500000000    
          11          21  0.133815974      -4.47559245E-02 -0.500000000    
          11          22  0.130160913      -4.91889380E-02 -0.500000000    
          11          23  0.119207613      -5.47473133E-02 -0.500000000    
          11          24   9.73724648E-02  -6.14578798E-02 -0.500000000    
          11          25   6.32255375E-02  -6.91649914E-02 -0.500000000    
          11          26   2.06808001E-02  -7.72828087E-02 -0.500000000    
          11          27  -1.43447872E-02  -8.44137222E-02 -0.500000000    
          11          28  -1.56268235E-02  -8.82991031E-02 -0.500000000    
          11          29   3.11512165E-02  -8.76948684E-02 -0.500000000    
          11          30  0.165385887      -8.70766789E-02 -0.500000000    
          11          31  0.458286226      -8.54584128E-02 -0.500000000    
          11          32  0.612091720      -5.89697212E-02 -0.500000000    
          11          33  0.438006192      -2.69240960E-02 -0.500000000    
          12           1  0.491315782      -3.87267917E-02 -0.500000000    
          12           2  0.686827123      -7.32129663E-02 -0.500000000    
          12           3  0.455306321     -0.101055078     -0.500000000    
          12           4  0.110546879      -9.99548957E-02 -0.500000000    
          12           5  -1.73687786E-02  -9.11008194E-02 -0.500000000    
          12           6  -1.28753493E-02  -8.38392824E-02 -0.500000000    
          12           7   2.95953304E-02  -7.55949318E-02 -0.500000000    
          12           8   7.39545897E-02  -6.69027567E-02 -0.500000000    
          12           9  0.106959410      -5.88275567E-02 -0.500000000    
          12          10  0.125934392      -5.18639684E-02 -0.500000000    
          12          11  0.133188084      -4.61138226E-02 -0.500000000    
          12          12  0.132971302      -4.15138900E-02 -0.500000000    
          12          13  0.129150048      -3.79591398E-02 -0.500000000    
          12          14  0.123804346      -3.53543535E-02 -0.500000000    
          12          15  0.119061857      -3.36185284E-02 -0.500000000    
          12          16  0.116452530      -3.26985829E-02 -0.500000000    
          12          17  0.115791701      -3.25693339E-02 -0.500000000    
          12          18  0.118076682      -3.32226045E-02 -0.500000000    
          12          19  0.122050740      -3.46819498E-02 -0.500000000    
          12          20  0.127273157      -3.69909965E-02 -0.500000000    
          12          21  0.132167697      -4.02170457E-02 -0.500000000    
          12          22  0.133781388      -4.44570258E-02 -0.500000000    
          12          23  0.129280701      -4.98143621E-02 -0.500000000    
          12          24  0.114698276      -5.63729145E-02 -0.500000000    
          12          25   8.64840224E-02  -6.41065612E-02 -0.500000000    
          12          26   4.52456959E-02  -7.26728514E-02 -0.500000000    
          12          27   3.71377217E-04  -8.10653791E-02 -0.500000000    
          12          28  -2.31381655E-02  -8.74430314E-02 -0.500000000    
          12          29   7.61076342E-03  -9.09957290E-02 -0.500000000    
          12          30  0.174649939      -9.57513303E-02 -0.500000000    
          12          31  0.520320773      -9.28315520E-02 -0.500000000    
          12          32  0.648439348      -6.13474101E-02 -0.500000000    
          12          33  0.406222850      -2.85179652E-02 -0.500000000    
          13           1  0.484701306      -4.27802838E-02 -0.500000000    
          13           2  0.698303401      -7.44564757E-02 -0.500000000    
          13           3  0.484631211     -0.103574716     -0.500000000    
          13           4  0.117363639     -0.103698909     -0.500000000    
          13           5  -1.54542867E-02  -9.11405981E-02 -0.500000000    
          13           6   4.58107330E-04  -8.11561644E-02 -0.500000000    
          13           7   4.93438840E-02  -7.18033314E-02 -0.500000000    
          13           8   9.19018835E-02  -6.27981797E-02 -0.500000000    
          13           9  0.119212747      -5.47545888E-02 -0.500000000    
          13          10  0.131653130      -4.79516611E-02 -0.500000000    
          13          11  0.133493528      -4.23878804E-02 -0.500000000    
          13          12  0.129149958      -3.79591249E-02 -0.500000000    
          13          13  0.121873535      -3.45475487E-02 -0.500000000    
          13          14  0.114049740      -3.20499428E-02 -0.500000000    
          13          15  0.108134449      -3.03846654E-02 -0.500000000    
          13          16  0.104453936      -2.95049921E-02 -0.500000000    
          13          17  0.104016483      -2.93789022E-02 -0.500000000    
          13          18  0.106488727      -3.00072301E-02 -0.500000000    
          13          19  0.112000249      -3.14041749E-02 -0.500000000    
          13          20  0.119057879      -3.36184576E-02 -0.500000000    
          13          21  0.126876712      -3.67150754E-02 -0.500000000    
          13          22  0.132691264      -4.07909974E-02 -0.500000000    
          13          23  0.133239701      -4.59632799E-02 -0.500000000    
          13          24  0.124809638      -5.23452684E-02 -0.500000000    
          13          25  0.102901392      -5.99865243E-02 -0.500000000    
          13          26   6.52754232E-02  -6.87091798E-02 -0.500000000    
          13          27   1.76220480E-02  -7.78055415E-02 -0.500000000    
          13          28  -2.07266714E-02  -8.59203190E-02 -0.500000000    
          13          29  -2.82287947E-03  -9.28999707E-02 -0.500000000    
          13          30  0.184965327     -0.101699881     -0.500000000    
          13          31  0.561683834      -9.67117101E-02 -0.500000000    
          13          32  0.666462779      -6.31865636E-02 -0.500000000    
          13          33  0.388791859      -3.16272713E-02 -0.500000000    
          14           1  0.479415536      -4.65465933E-02 -0.500000000    
          14           2  0.700400472      -7.52686709E-02 -0.500000000    
          14           3  0.502783239     -0.104303338     -0.500000000    
          14           4  0.126356080     -0.105687641     -0.500000000    
          14           5  -7.54929148E-03  -9.07747895E-02 -0.500000000    
          14           6   1.39296250E-02  -7.88365901E-02 -0.500000000    
          14           7   6.45065606E-02  -6.87967613E-02 -0.500000000    
          14           8  0.103976205      -5.96689433E-02 -0.500000000    
          14           9  0.126046658      -5.17128557E-02 -0.500000000    
          14          10  0.133776903      -4.50583957E-02 -0.500000000    
          14          11  0.131561846      -3.96479629E-02 -0.500000000    
          14          12  0.123804368      -3.53543647E-02 -0.500000000    
          14          13  0.114049941      -3.20499204E-02 -0.500000000    
          14          14  0.104927145      -2.96299588E-02 -0.500000000    
          14          15   9.80276540E-02  -2.80182697E-02 -0.500000000    
          14          16   9.39550698E-02  -2.71651484E-02 -0.500000000    
          14          17   9.35027748E-02  -2.70436388E-02 -0.500000000    
          14          18   9.62423608E-02  -2.76515353E-02 -0.500000000    
          14          19  0.102360092      -2.90060155E-02 -0.500000000    
          14          20  0.110874392      -3.11492234E-02 -0.500000000    
          14          21  0.120594807      -3.41486111E-02 -0.500000000    
          14          22  0.129384786      -3.80994380E-02 -0.500000000    
          14          23  0.133854210      -4.31231558E-02 -0.500000000    
          14          24  0.129953265      -4.93509173E-02 -0.500000000    
          14          25  0.113298267      -5.68730570E-02 -0.500000000    
          14          26   8.00485760E-02  -6.56139925E-02 -0.500000000    
          14          27   3.21441814E-02  -7.50833601E-02 -0.500000000    
          14          28  -1.42105808E-02  -8.43456462E-02 -0.500000000    
          14          29  -4.30613989E-03  -9.39025879E-02 -0.500000000    
          14          30  0.194718570     -0.105384551     -0.500000000    
          14          31  0.586837173      -9.84897986E-02 -0.500000000    
          14          32  0.673628509      -6.46162033E-02 -0.500000000    
          14          33  0.380757809      -3.50303240E-02 -0.500000000    
          15           1  0.476028353      -4.94425707E-02 -0.500000000    
          15           2  0.698693633      -7.57961422E-02 -0.500000000    
          15           3  0.512795091     -0.104267046     -0.500000000    
          15           4  0.134472042     -0.106567942     -0.500000000    
          15           5   9.64940060E-04  -9.03470963E-02 -0.500000000    
          15           6   2.38197632E-02  -7.71495402E-02 -0.500000000    
          15           7   7.47534931E-02  -6.67024031E-02 -0.500000000    
          15           8  0.111093812      -5.75392172E-02 -0.500000000    
          15           9  0.129727855      -4.96649854E-02 -0.500000000    
          15          10  0.133877039      -4.31244150E-02 -0.500000000    
          15          11  0.128690585      -3.78226675E-02 -0.500000000    
          15          12  0.119061835      -3.36185284E-02 -0.500000000    
          15          13  0.108134314      -3.03847212E-02 -0.500000000    
          15          14   9.80275199E-02  -2.80182865E-02 -0.500000000    
          15          15   9.06413794E-02  -2.64403783E-02 -0.500000000    
          15          16   8.63881558E-02  -2.56061573E-02 -0.500000000    
          15          17   8.57939944E-02  -2.54871733E-02 -0.500000000    
          15          18   8.87994841E-02  -2.60822140E-02 -0.500000000    
          15          19   9.53238979E-02  -2.74065007E-02 -0.500000000    
          15          20  0.104450338      -2.95047387E-02 -0.500000000    
          15          21  0.115440920      -3.24389003E-02 -0.500000000    
          15          22  0.125978410      -3.63047868E-02 -0.500000000    
          15          23  0.132910922      -4.12259884E-02 -0.500000000    
          15          24  0.132259548      -4.73403223E-02 -0.500000000    
          15          25  0.118974946      -5.47644794E-02 -0.500000000    
          15          26   8.91061202E-02  -6.34786040E-02 -0.500000000    
          15          27   4.23430577E-02  -7.31309876E-02 -0.500000000    
          15          28  -7.42432242E-03  -8.30940902E-02 -0.500000000    
          15          29  -1.92832714E-03  -9.43720937E-02 -0.500000000    
          15          30  0.202421576     -0.107415281     -0.500000000    
          15          31  0.600542426      -9.91800651E-02 -0.500000000    
          15          32  0.675327837      -6.56355321E-02 -0.500000000    
          15          33  0.377970070      -3.78423892E-02 -0.500000000    
          16           1  0.474379927      -5.11033088E-02 -0.500000000    
          16           2  0.696740389      -7.60785043E-02 -0.500000000    
          16           3  0.517307937     -0.104083903     -0.500000000    
          16           4  0.139469743     -0.106870361     -0.500000000    
          16           5   6.54860353E-03  -9.00607482E-02 -0.500000000    
          16           6   2.97223236E-02  -7.62136430E-02 -0.500000000    
          16           7   7.95825943E-02  -6.55697510E-02 -0.500000000    
          16           8  0.114569493      -5.63982315E-02 -0.500000000    
          16           9  0.130964011      -4.85767573E-02 -0.500000000    
          16          10  0.133383512      -4.20983173E-02 -0.500000000    
          16          11  0.127130806      -3.68530378E-02 -0.500000000    
          16          12  0.116452545      -3.26986089E-02 -0.500000000    
          16          13  0.104454048      -2.95050312E-02 -0.500000000    
          16          14   9.39551368E-02  -2.71652024E-02 -0.500000000    
          16          15   8.63879994E-02  -2.56061852E-02 -0.500000000    
          16          16   8.18290114E-02  -2.47821677E-02 -0.500000000    
          16          17   8.14584643E-02  -2.46635620E-02 -0.500000000    
          16          18   8.43140632E-02  -2.52525453E-02 -0.500000000    
          16          19   9.11711752E-02  -2.65614334E-02 -0.500000000    
          16          20  0.100773796      -2.86335200E-02 -0.500000000    
          16          21  0.112258874      -3.15341949E-02 -0.500000000    
          16          22  0.123912729      -3.53542566E-02 -0.500000000    
          16          23  0.132171929      -4.02193330E-02 -0.500000000    
          16          24  0.133086592      -4.62716483E-02 -0.500000000    
          16          25  0.122006148      -5.36358394E-02 -0.500000000    
          16          26   9.38788578E-02  -6.23250715E-02 -0.500000000    
          16          27   4.82464023E-02  -7.20542371E-02 -0.500000000    
          16          28  -3.31264921E-03  -8.23713541E-02 -0.500000000    
          16          29   4.96339519E-04  -9.45532694E-02 -0.500000000    
          16          30  0.206942603     -0.108328782     -0.500000000    
          16          31  0.606679678      -9.93914679E-02 -0.500000000    
          16          32  0.675179720      -6.62037432E-02 -0.500000000    
          16          33  0.377404600      -3.95092778E-02 -0.500000000    
          17           1  0.474157900      -5.13461418E-02 -0.500000000    
          17           2  0.696402371      -7.61189982E-02 -0.500000000    
          17           3  0.517900884     -0.104048967     -0.500000000    
          17           4  0.140236586     -0.106903508     -0.500000000    
          17           5   7.33528240E-03  -9.00172889E-02 -0.500000000    
          17           6   3.04188188E-02  -7.60794431E-02 -0.500000000    
          17           7   8.06903765E-02  -6.54056743E-02 -0.500000000    
          17           8  0.115053549      -5.62357418E-02 -0.500000000    
          17           9  0.131351098      -4.84207384E-02 -0.500000000    
          17          10  0.133490026      -4.19520922E-02 -0.500000000    
          17          11  0.126682445      -3.67174074E-02 -0.500000000    
          17          12  0.115791708      -3.25693488E-02 -0.500000000    
          17          13  0.104016453      -2.93789171E-02 -0.500000000    
          17          14   9.35028791E-02  -2.70437058E-02 -0.500000000    
          17          15   8.57939050E-02  -2.54872162E-02 -0.500000000    
          17          16   8.14584568E-02  -2.46635862E-02 -0.500000000    
          17          17   8.08335394E-02  -2.45464761E-02 -0.500000000    
          17          18   8.39411318E-02  -2.51332670E-02 -0.500000000    
          17          19   9.06164795E-02  -2.64404994E-02 -0.500000000    
          17          20  0.100220248      -2.85103843E-02 -0.500000000    
          17          21  0.111847281      -3.14053074E-02 -0.500000000    
          17          22  0.123450510      -3.52196768E-02 -0.500000000    
          17          23  0.131930023      -4.00770791E-02 -0.500000000    
          17          24  0.133179218      -4.61199954E-02 -0.500000000    
          17          25  0.122137323      -5.34770340E-02 -0.500000000    
          17          26   9.45065171E-02  -6.21609278E-02 -0.500000000    
          17          27   4.87304851E-02  -7.19010308E-02 -0.500000000    
          17          28  -2.58782320E-03  -8.22651982E-02 -0.500000000    
          17          29   9.22727399E-04  -9.45748910E-02 -0.500000000    
          17          30  0.207605749     -0.108448595     -0.500000000    
          17          31  0.607484102      -9.94130597E-02 -0.500000000    
          17          32  0.675098360      -6.62861988E-02 -0.500000000    
          17          33  0.377377838      -3.97557653E-02 -0.500000000    
          18           1  0.475303620      -5.01458123E-02 -0.500000000    
          18           2  0.697944701      -7.59170130E-02 -0.500000000    
          18           3  0.514806688     -0.104201980     -0.500000000    
          18           4  0.136549234     -0.106712595     -0.500000000    
          18           5   3.29937227E-03  -9.02288780E-02 -0.500000000    
          18           6   2.64499709E-02  -7.67498538E-02 -0.500000000    
          18           7   7.66495541E-02  -6.62182495E-02 -0.500000000    
          18           8  0.112624988      -5.70494868E-02 -0.500000000    
          18           9  0.130169168      -4.91981022E-02 -0.500000000    
          18          10  0.133646056      -4.26832847E-02 -0.500000000    
          18          11  0.128191501      -3.74046899E-02 -0.500000000    
          18          12  0.118076891      -3.32226343E-02 -0.500000000    
          18          13  0.106488772      -3.00072227E-02 -0.500000000    
          18          14   9.62424576E-02  -2.76515745E-02 -0.500000000    
          18          15   8.87994170E-02  -2.60822065E-02 -0.500000000    
          18          16   8.43140930E-02  -2.52525900E-02 -0.500000000    
          18          17   8.39411020E-02  -2.51332745E-02 -0.500000000    
          18          18   8.67657438E-02  -2.57260166E-02 -0.500000000    
          18          19   9.35010314E-02  -2.70438604E-02 -0.500000000    
          18          20  0.102906741      -2.91298740E-02 -0.500000000    
          18          21  0.114058249      -3.20500433E-02 -0.500000000    
          18          22  0.125173777      -3.58960219E-02 -0.500000000    
          18          23  0.132694781      -4.07928862E-02 -0.500000000    
          18          24  0.132652089      -4.68810685E-02 -0.500000000    
          18          25  0.120456062      -5.42790703E-02 -0.500000000    
          18          26   9.12488848E-02  -6.29837513E-02 -0.500000000    
          18          27   4.50220667E-02  -7.26706088E-02 -0.500000000    
          18          28  -5.78219118E-03  -8.27885792E-02 -0.500000000    
          18          29  -9.90012195E-04  -9.44559574E-02 -0.500000000    
          18          30  0.204329327     -0.107822627     -0.500000000    
          18          31  0.603280544      -9.92837399E-02 -0.500000000    
          18          32  0.675354600      -6.58771917E-02 -0.500000000    
          18          33  0.377646834      -3.85440364E-02 -0.500000000    
          19           1  0.478073955      -4.76307385E-02 -0.500000000    
          19           2  0.700041831      -7.54728615E-02 -0.500000000    
          19           3  0.506877244     -0.104338087     -0.500000000    
          19           4  0.129300416     -0.106074162     -0.500000000    
          19           5  -4.54707118E-03  -9.06267241E-02 -0.500000000    
          19           6   1.74664855E-02  -7.81969056E-02 -0.500000000    
          19           7   6.86042756E-02  -6.79935440E-02 -0.500000000    
          19           8  0.106778979      -5.88486977E-02 -0.500000000    
          19           9  0.127697453      -5.09213693E-02 -0.500000000    
          19          10  0.133886114      -4.43109237E-02 -0.500000000    
          19          11  0.130383030      -3.89424860E-02 -0.500000000    
          19          12  0.122050799      -3.46819647E-02 -0.500000000    
          19          13  0.112000279      -3.14041860E-02 -0.500000000    
          19          14  0.102360047      -2.90060192E-02 -0.500000000    
          19          15   9.53237787E-02  -2.74065379E-02 -0.500000000    
          19          16   9.11709219E-02  -2.65614875E-02 -0.500000000    
          19          17   9.06165242E-02  -2.64405813E-02 -0.500000000    
          19          18   9.35009122E-02  -2.70438697E-02 -0.500000000    
          19          19   9.98409167E-02  -2.83855591E-02 -0.500000000    
          19          20  0.108464666      -3.05124838E-02 -0.500000000    
          19          21  0.118756592      -3.34864445E-02 -0.500000000    
          19          22  0.128180876      -3.74044143E-02 -0.500000000    
          19          23  0.133538797      -4.23891842E-02 -0.500000000    
          19          24  0.130964160      -4.85735945E-02 -0.500000000    
          19          25  0.115463473      -5.60603030E-02 -0.500000000    
          19          26   8.34504142E-02  -6.47946224E-02 -0.500000000    
          19          27   3.59916501E-02  -7.43402615E-02 -0.500000000    
          19          28  -1.17008770E-02  -8.38789791E-02 -0.500000000    
          19          29  -3.72972665E-03  -9.41037312E-02 -0.500000000    
          19          30  0.197576180     -0.106215499     -0.500000000    
          19          31  0.592457831      -9.88030136E-02 -0.500000000    
          19          32  0.674587727      -6.50033280E-02 -0.500000000    
          19          33  0.379420698      -3.60670201E-02 -0.500000000    
          20           1  0.482742995      -4.41013016E-02 -0.500000000    
          20           2  0.699720919      -7.47646168E-02 -0.500000000    
          20           3  0.491776466     -0.103956863     -0.500000000    
          20           4  0.120283052     -0.104524374     -0.500000000    
          20           5  -1.32437712E-02  -9.10434872E-02 -0.500000000    
          20           6   5.31524653E-03  -8.03245232E-02 -0.500000000    
          20           7   5.50782494E-02  -7.07046092E-02 -0.500000000    
          20           8   9.66245010E-02  -6.16438836E-02 -0.500000000    
          20           9  0.121961482      -5.36274612E-02 -0.500000000    
          20          10  0.132862195      -4.68759760E-02 -0.500000000    
          20          11  0.133134812      -4.13686447E-02 -0.500000000    
          20          12  0.127273098      -3.69909741E-02 -0.500000000    
          20          13  0.119057938      -3.36185247E-02 -0.500000000    
          20          14  0.110874452      -3.11492551E-02 -0.500000000    
          20          15  0.104450330      -2.95047779E-02 -0.500000000    
          20          16  0.100773774      -2.86335740E-02 -0.500000000    
          20          17  0.100220263      -2.85104178E-02 -0.500000000    
          20          18  0.102906786      -2.91299298E-02 -0.500000000    
          20          19  0.108464658      -3.05124931E-02 -0.500000000    
          20          20  0.116197132      -3.26999687E-02 -0.500000000    
          20          21  0.124741971      -3.57599594E-02 -0.500000000    
          20          22  0.131646946      -3.97900790E-02 -0.500000000    
          20          23  0.133735806      -4.49080355E-02 -0.500000000    
          20          24  0.126920372      -5.12351431E-02 -0.500000000    
          20          25  0.106957637      -5.88364750E-02 -0.500000000    
          20          26   7.10131153E-02  -6.75738156E-02 -0.500000000    
          20          27   2.27152221E-02  -7.68240765E-02 -0.500000000    
          20          28  -1.88440531E-02  -8.53788853E-02 -0.500000000    
          20          29  -4.02613450E-03  -9.33134556E-02 -0.500000000    
          20          30  0.188357204     -0.103150167     -0.500000000    
          20          31  0.571628094      -9.74789336E-02 -0.500000000    
          20          32  0.669753909      -6.37071133E-02 -0.500000000    
          20          33  0.385294974      -3.27799097E-02 -0.500000000    
          21           1  0.489039958      -4.00637947E-02 -0.500000000    
          21           2  0.692144513      -7.36922026E-02 -0.500000000    
          21           3  0.466499954     -0.102175213     -0.500000000    
          21           4  0.112349309     -0.101437770     -0.500000000    
          21           5  -1.77549645E-02  -9.11872461E-02 -0.500000000    
          21           6  -8.63151066E-03  -8.29293579E-02 -0.500000000    
          21           7   3.63638513E-02  -7.42581114E-02 -0.500000000    
          21           8   8.06238875E-02  -6.54303879E-02 -0.500000000    
          21           9  0.111673355      -5.73544092E-02 -0.500000000    
          21          10  0.128290832      -5.04427776E-02 -0.500000000    
          21          11  0.133815974      -4.47559543E-02 -0.500000000    
          21          12  0.132167697      -4.02170420E-02 -0.500000000    
          21          13  0.126876786      -3.67150754E-02 -0.500000000    
          21          14  0.120594755      -3.41486111E-02 -0.500000000    
          21          15  0.115440860      -3.24388891E-02 -0.500000000    
          21          16  0.112258889      -3.15342508E-02 -0.500000000    
          21          17  0.111847222      -3.14053521E-02 -0.500000000    
          21          18  0.114058182      -3.20501029E-02 -0.500000000    
          21          19  0.118756443      -3.34864855E-02 -0.500000000    
          21          20  0.124741845      -3.57599594E-02 -0.500000000    
          21          21  0.130647615      -3.89399230E-02 -0.500000000    
          21          22  0.133854628      -4.31212820E-02 -0.500000000    
          21          23  0.131159961      -4.84136827E-02 -0.500000000    
          21          24  0.118804105      -5.49127348E-02 -0.500000000    
          21          25   9.29121077E-02  -6.26221374E-02 -0.500000000    
          21          26   5.25030233E-02  -7.12648407E-02 -0.500000000    
          21          27   6.45209011E-03  -7.99399093E-02 -0.500000000    
          21          28  -2.31876001E-02  -8.69736895E-02 -0.500000000    
          21          29   2.81324750E-03  -9.17589292E-02 -0.500000000    
          21          30  0.178053960      -9.80200022E-02 -0.500000000    
          21          31  0.536203146      -9.44386274E-02 -0.500000000    
          21          32  0.656064272      -6.20097406E-02 -0.500000000    
          21          33  0.399073720      -2.94526871E-02 -0.500000000    
          22           1  0.495775253      -3.62653285E-02 -0.500000000    
          22           2  0.669919133      -7.19690919E-02 -0.500000000    
          22           3  0.428210139      -9.76884589E-02 -0.500000000    
          22           4  0.108953379      -9.61845219E-02 -0.500000000    
          22           5  -1.18482048E-02  -9.05950367E-02 -0.500000000    
          22           6  -1.95127483E-02  -8.55995417E-02 -0.500000000    
          22           7   1.44390445E-02  -7.84272924E-02 -0.500000000    
          22           8   5.81850186E-02  -7.01347813E-02 -0.500000000    
          22           9   9.47595909E-02  -6.21200129E-02 -0.500000000    
          22          10  0.118329324      -5.50715365E-02 -0.500000000    
          22          11  0.130161032      -4.91889678E-02 -0.500000000    
          22          12  0.133781433      -4.44569960E-02 -0.500000000    
          22          13  0.132691160      -4.07909788E-02 -0.500000000    
          22          14  0.129384726      -3.80993895E-02 -0.500000000    
          22          15  0.125978366      -3.63047905E-02 -0.500000000    
          22          16  0.123912603      -3.53542306E-02 -0.500000000    
          22          17  0.123450398      -3.52197587E-02 -0.500000000    
          22          18  0.125173539      -3.58960330E-02 -0.500000000    
          22          19  0.128180787      -3.74044031E-02 -0.500000000    
          22          20  0.131646991      -3.97900641E-02 -0.500000000    
          22          21  0.133854613      -4.31212671E-02 -0.500000000    
          22          22  0.132113472      -4.74873222E-02 -0.500000000    
          22          23  0.123440407      -5.29788956E-02 -0.500000000    
          22          24  0.104154661      -5.96458130E-02 -0.500000000    
          22          25   7.16566145E-02  -6.73843250E-02 -0.500000000    
          22          26   2.90124156E-02  -7.56977499E-02 -0.500000000    
          22          27  -1.01008108E-02  -8.33277628E-02 -0.500000000    
          22          28  -1.95008498E-02  -8.81356671E-02 -0.500000000    
          22          29   2.16978844E-02  -8.89855325E-02 -0.500000000    
          22          30  0.168264076      -9.02864560E-02 -0.500000000    
          22          31  0.481497854      -8.83973762E-02 -0.500000000    
          22          32  0.626814008      -5.98402619E-02 -0.500000000    
          22          33  0.425497681      -2.72004567E-02 -0.500000000    
          23           1  0.501738310      -3.37071940E-02 -0.500000000    
          23           2  0.621717393      -6.89133629E-02 -0.500000000    
          23           3  0.374666423      -8.89667422E-02 -0.500000000    
          23           4  0.113230892      -8.83224234E-02 -0.500000000    
          23           5   1.03318766E-02  -8.85986164E-02 -0.500000000    
          23           6  -2.00356618E-02  -8.76345783E-02 -0.500000000    
          23           7  -7.05566630E-03  -8.27493295E-02 -0.500000000    
          23           8   3.01526096E-02  -7.55323172E-02 -0.500000000    
          23           9   6.94576129E-02  -6.78641275E-02 -0.500000000    
          23          10   9.99147221E-02  -6.07960485E-02 -0.500000000    
          23          11  0.119207621      -5.47473058E-02 -0.500000000    
          23          12  0.129280701      -4.98142764E-02 -0.500000000    
          23          13  0.133239806      -4.59632501E-02 -0.500000000    
          23          14  0.133854076      -4.31231633E-02 -0.500000000    
          23          15  0.132910907      -4.12259474E-02 -0.500000000    
          23          16  0.132171765      -4.02192995E-02 -0.500000000    
          23          17  0.131929815      -4.00770754E-02 -0.500000000    
          23          18  0.132694602      -4.07929048E-02 -0.500000000    
          23          19  0.133538559      -4.23892215E-02 -0.500000000    
          23          20  0.133735761      -4.49080393E-02 -0.500000000    
          23          21  0.131159931      -4.84136678E-02 -0.500000000    
          23          22  0.123440444      -5.29788695E-02 -0.500000000    
          23          23  0.107558951      -5.86572215E-02 -0.500000000    
          23          24   8.07743073E-02  -6.54116422E-02 -0.500000000    
          23          25   4.35889438E-02  -7.29585662E-02 -0.500000000    
          23          26   3.76708806E-03  -8.04916099E-02 -0.500000000    
          23          27  -1.95733290E-02  -8.63391608E-02 -0.500000000    
          23          28  -2.00748164E-03  -8.80824402E-02 -0.500000000    
          23          29   5.44447489E-02  -8.44248161E-02 -0.500000000    
          23          30  0.160367265      -7.97103345E-02 -0.500000000    
          23          31  0.403640002      -7.78988525E-02 -0.500000000    
          23          32  0.572708428      -5.68840988E-02 -0.500000000    
          23          33  0.469572932      -2.74031702E-02 -0.500000000    
          24           1  0.508771420      -3.35590914E-02 -0.500000000    
          24           2  0.532199025      -6.31497204E-02 -0.500000000    
          24           3  0.303696871      -7.49107599E-02 -0.500000000    
          24           4  0.125960052      -7.77096078E-02 -0.500000000    
          24           5   4.97593097E-02  -8.43694434E-02 -0.500000000    
          24           6  -2.69141863E-03  -8.80124122E-02 -0.500000000    
          24           7  -1.92881487E-02  -8.63773301E-02 -0.500000000    
          24           8   9.20398859E-04  -8.10963288E-02 -0.500000000    
          24           9   3.65642831E-02  -7.43279979E-02 -0.500000000    
          24          10   7.10732266E-02  -6.75370023E-02 -0.500000000    
          24          11   9.73724648E-02  -6.14578873E-02 -0.500000000    
          24          12  0.114698268      -5.63729294E-02 -0.500000000    
          24          13  0.124809690      -5.23451492E-02 -0.500000000    
          24          14  0.129953250      -4.93509062E-02 -0.500000000    
          24          15  0.132259384      -4.73403074E-02 -0.500000000    
          24          16  0.133086517      -4.62716110E-02 -0.500000000    
          24          17  0.133178979      -4.61199023E-02 -0.500000000    
          24          18  0.132652044      -4.68810759E-02 -0.500000000    
          24          19  0.130964056      -4.85735647E-02 -0.500000000    
          24          20  0.126920342      -5.12351319E-02 -0.500000000    
          24          21  0.118804030      -5.49127273E-02 -0.500000000    
          24          22  0.104154631      -5.96457720E-02 -0.500000000    
          24          23   8.07745159E-02  -6.54115900E-02 -0.500000000    
          24          24   4.85121720E-02  -7.20191523E-02 -0.500000000    
          24          25   1.20238587E-02  -7.89155066E-02 -0.500000000    
          24          26  -1.56031959E-02  -8.49043503E-02 -0.500000000    
          24          27  -1.25488369E-02  -8.79782960E-02 -0.500000000    
          24          28   3.26571278E-02  -8.58310089E-02 -0.500000000    
          24          29   9.63974670E-02  -7.74477422E-02 -0.500000000    
          24          30  0.153816164      -6.64672703E-02 -0.500000000    
          24          31  0.299188346      -6.20913245E-02 -0.500000000    
          24          32  0.481954247      -5.22990227E-02 -0.500000000    
          24          33  0.533647835      -3.13469693E-02 -0.500000000    
          25           1  0.523478031      -3.67026143E-02 -0.500000000    
          25           2  0.388617128      -5.26896939E-02 -0.500000000    
          25           3  0.213236317      -5.58892600E-02 -0.500000000    
          25           4  0.141591981      -6.44383281E-02 -0.500000000    
          25           5   9.89263803E-02  -7.70664066E-02 -0.500000000    
          25           6   3.63356322E-02  -8.55036005E-02 -0.500000000    
          25           7  -9.70571861E-03  -8.80150720E-02 -0.500000000    
          25           8  -1.82374530E-02  -8.57954547E-02 -0.500000000    
          25           9   2.02456885E-03  -8.08487460E-02 -0.500000000    
          25          10   3.33384052E-02  -7.49336779E-02 -0.500000000    
          25          11   6.32255748E-02  -6.91649467E-02 -0.500000000    
          25          12   8.64842683E-02  -6.41065240E-02 -0.500000000    
          25          13  0.102901421      -5.99864312E-02 -0.500000000    
          25          14  0.113298304      -5.68729676E-02 -0.500000000    
          25          15  0.118975058      -5.47644384E-02 -0.500000000    
          25          16  0.122006096      -5.36358170E-02 -0.500000000    
          25          17  0.122137249      -5.34770191E-02 -0.500000000    
          25          18  0.120456077      -5.42790219E-02 -0.500000000    
          25          19  0.115463473      -5.60602471E-02 -0.500000000    
          25          20  0.106957652      -5.88364601E-02 -0.500000000    
          25          21   9.29121822E-02  -6.26220778E-02 -0.500000000    
          25          22   7.16567636E-02  -6.73842728E-02 -0.500000000    
          25          23   4.35889997E-02  -7.29585439E-02 -0.500000000    
          25          24   1.20240012E-02  -7.89155066E-02 -0.500000000    
          25          25  -1.35335121E-02  -8.43494833E-02 -0.500000000    
          25          26  -1.64854098E-02  -8.77051279E-02 -0.500000000    
          25          27   1.78343356E-02  -8.69603977E-02 -0.500000000    
          25          28   8.05309862E-02  -8.03731829E-02 -0.500000000    
          25          29  0.135722622      -6.74701184E-02 -0.500000000    
          25          30  0.142299652      -5.10431491E-02 -0.500000000    
          25          31  0.166469052      -4.19461504E-02 -0.500000000    
          25          32  0.348123759      -4.45825011E-02 -0.500000000    
          25          33  0.609501362      -3.93302441E-02 -0.500000000    
          26           1  0.543198705      -4.23071384E-02 -0.500000000    
          26           2  0.197536334      -3.66021954E-02 -0.500000000    
          26           3  0.104655363      -3.43802087E-02 -0.500000000    
          26           4  0.144354030      -4.87278365E-02 -0.500000000    
          26           5  0.141884625      -6.60455227E-02 -0.500000000    
          26           6   9.01315510E-02  -7.89746642E-02 -0.500000000    
          26           7   2.92156227E-02  -8.61029997E-02 -0.500000000    
          26           8  -1.04506612E-02  -8.80025327E-02 -0.500000000    
          26           9  -1.87390894E-02  -8.60920995E-02 -0.500000000    
          26          10  -3.96948680E-03  -8.20553377E-02 -0.500000000    
          26          11   2.06810292E-02  -7.72827417E-02 -0.500000000    
          26          12   4.52459864E-02  -7.26727918E-02 -0.500000000    
          26          13   6.52756914E-02  -6.87090755E-02 -0.500000000    
          26          14   8.00489485E-02  -6.56139255E-02 -0.500000000    
          26          15   8.91063735E-02  -6.34785593E-02 -0.500000000    
          26          16   9.38789696E-02  -6.23249635E-02 -0.500000000    
          26          17   9.45068523E-02  -6.21608198E-02 -0.500000000    
          26          18   9.12490860E-02  -6.29836991E-02 -0.500000000    
          26          19   8.34506154E-02  -6.47945628E-02 -0.500000000    
          26          20   7.10133761E-02  -6.75737783E-02 -0.500000000    
          26          21   5.25034480E-02  -7.12648109E-02 -0.500000000    
          26          22   2.90126763E-02  -7.56976455E-02 -0.500000000    
          26          23   3.76713765E-03  -8.04915950E-02 -0.500000000    
          26          24  -1.56030748E-02  -8.49043578E-02 -0.500000000    
          26          25  -1.64855346E-02  -8.77050906E-02 -0.500000000    
          26          26   1.26326233E-02  -8.72589946E-02 -0.500000000    
          26          27   6.91975653E-02  -8.19843858E-02 -0.500000000    
          26          28  0.128841788      -7.09128305E-02 -0.500000000    
          26          29  0.156178758      -5.41427210E-02 -0.500000000    
          26          30  0.110937886      -3.41440104E-02 -0.500000000    
          26          31   1.95414945E-02  -2.10104175E-02 -0.500000000    
          26          32  0.191823959      -3.27145644E-02 -0.500000000    
          26          33  0.666279614      -4.89732623E-02 -0.500000000    
          27           1  0.524967551      -4.54426594E-02 -0.500000000    
          27           2   1.75234303E-02  -1.82974320E-02 -0.500000000    
          27           3  -8.64100829E-03  -1.43900728E-02 -0.500000000    
          27           4  0.111326553      -3.11456677E-02 -0.500000000    
          27           5  0.157952711      -5.10848463E-02 -0.500000000    
          27           6  0.139274493      -6.76912814E-02 -0.500000000    
          27           7   8.81360173E-02  -7.92729110E-02 -0.500000000    
          27           8   3.28793824E-02  -8.58019888E-02 -0.500000000    
          27           9  -5.11787413E-03  -8.80044699E-02 -0.500000000    
          27          10  -1.91691797E-02  -8.70964453E-02 -0.500000000    
          27          11  -1.43445916E-02  -8.44136253E-02 -0.500000000    
          27          12   3.71645670E-04  -8.10652673E-02 -0.500000000    
          27          13   1.76223535E-02  -7.78053775E-02 -0.500000000    
          27          14   3.21444720E-02  -7.50832632E-02 -0.500000000    
          27          15   4.23435569E-02  -7.31308460E-02 -0.500000000    
          27          16   4.82468791E-02  -7.20541626E-02 -0.500000000    
          27          17   4.87310439E-02  -7.19008744E-02 -0.500000000    
          27          18   4.50225733E-02  -7.26704597E-02 -0.500000000    
          27          19   3.59920263E-02  -7.43401572E-02 -0.500000000    
          27          20   2.27156673E-02  -7.68240020E-02 -0.500000000    
          27          21   6.45241607E-03  -7.99398124E-02 -0.500000000    
          27          22  -1.01005929E-02  -8.33277255E-02 -0.500000000    
          27          23  -1.95731763E-02  -8.63391683E-02 -0.500000000    
          27          24  -1.25489980E-02  -8.79782364E-02 -0.500000000    
          27          25   1.78341046E-02  -8.69604051E-02 -0.500000000    
          27          26   6.91975728E-02  -8.19843784E-02 -0.500000000    
          27          27  0.124817103      -7.21280724E-02 -0.500000000    
          27          28  0.157715172      -5.71057647E-02 -0.500000000    
          27          29  0.139289588      -3.77103910E-02 -0.500000000    
          27          30   4.42235880E-02  -1.71112679E-02 -0.500000000    
          27          31  -8.22338387E-02  -4.53219702E-03 -0.500000000    
          27          32   7.72253275E-02  -1.89891197E-02 -0.500000000    
          27          33  0.640483260      -5.30155562E-02 -0.500000000    
          28           1  0.407994449      -3.81189175E-02 -0.500000000    
          28           2  -2.13916060E-02  -5.49872732E-03 -0.500000000    
          28           3  -7.35914335E-02  -3.43154767E-04 -0.500000000    
          28           4   3.12548541E-02  -1.34923989E-02 -0.500000000    
          28           5  0.126882777      -3.28496397E-02 -0.500000000    
          28           6  0.159219116      -5.15799895E-02 -0.500000000    
          28           7  0.141985163      -6.67960942E-02 -0.500000000    
          28           8   9.76764634E-02  -7.76934102E-02 -0.500000000    
          28           9   4.78067882E-02  -8.44125152E-02 -0.500000000    
          28          10   7.65837962E-03  -8.76261219E-02 -0.500000000    
          28          11  -1.56267919E-02  -8.82989690E-02 -0.500000000    
          28          12  -2.31380537E-02  -8.74429643E-02 -0.500000000    
          28          13  -2.07264684E-02  -8.59202296E-02 -0.500000000    
          28          14  -1.42101068E-02  -8.43454823E-02 -0.500000000    
          28          15  -7.42389355E-03  -8.30939114E-02 -0.500000000    
          28          16  -3.31211137E-03  -8.23712051E-02 -0.500000000    
          28          17  -2.58740387E-03  -8.22650343E-02 -0.500000000    
          28          18  -5.78169571E-03  -8.27883929E-02 -0.500000000    
          28          19  -1.17003815E-02  -8.38787928E-02 -0.500000000    
          28          20  -1.88437365E-02  -8.53788033E-02 -0.500000000    
          28          21  -2.31875051E-02  -8.69736448E-02 -0.500000000    
          28          22  -1.95009969E-02  -8.81356075E-02 -0.500000000    
          28          23  -2.00763880E-03  -8.80824104E-02 -0.500000000    
          28          24   3.26568931E-02  -8.58310536E-02 -0.500000000    
          28          25   8.05307478E-02  -8.03732052E-02 -0.500000000    
          28          26  0.128841847      -7.09128454E-02 -0.500000000    
          28          27  0.157715261      -5.71057647E-02 -0.500000000    
          28          28  0.144083574      -3.93566266E-02 -0.500000000    
          28          29   7.02428222E-02  -1.96419004E-02 -0.500000000    
          28          30  -3.73208970E-02  -2.81299185E-03 -0.500000000    
          28          31  -4.84284237E-02   3.20760556E-03 -0.500000000    
          28          32   7.76783973E-02  -8.95237457E-03 -0.500000000    
          28          33  0.456699193      -4.04149033E-02 -0.500000000    
          29           1  0.208094463      -1.77735966E-02 -0.500000000    
          29           2  0.104285195      -1.90216920E-03 -0.500000000    
          29           3  -4.46716603E-03   4.44173301E-03 -0.500000000    
          29           4  -4.78722341E-02   1.45608035E-04 -0.500000000    
          29           5   3.73624787E-02  -1.38169033E-02 -0.500000000    
          29           6  0.122345150      -3.17402743E-02 -0.500000000    
          29           7  0.155702189      -4.89694886E-02 -0.500000000    
          29           8  0.145511717      -6.34033903E-02 -0.500000000    
          29           9  0.110503361      -7.44794607E-02 -0.500000000    
          29          10   6.78136125E-02  -8.23990330E-02 -0.500000000    
          29          11   3.11507657E-02  -8.76947418E-02 -0.500000000    
          29          12   7.61045981E-03  -9.09956396E-02 -0.500000000    
          29          13  -2.82309437E-03  -9.28998962E-02 -0.500000000    
          29          14  -4.30619763E-03  -9.39024836E-02 -0.500000000    
          29          15  -1.92817301E-03  -9.43719000E-02 -0.500000000    
          29          16   4.96481545E-04  -9.45531949E-02 -0.500000000    
          29          17   9.22859181E-04  -9.45747867E-02 -0.500000000    
          29          18  -9.89875291E-04  -9.44557637E-02 -0.500000000    
          29          19  -3.72979511E-03  -9.41035673E-02 -0.500000000    
          29          20  -4.02624486E-03  -9.33133587E-02 -0.500000000    
          29          21   2.81292317E-03  -9.17588919E-02 -0.500000000    
          29          22   2.16974281E-02  -8.89854878E-02 -0.500000000    
          29          23   5.44441417E-02  -8.44248310E-02 -0.500000000    
          29          24   9.63971019E-02  -7.74477795E-02 -0.500000000    
          29          25  0.135722354      -6.74701631E-02 -0.500000000    
          29          26  0.156178743      -5.41427061E-02 -0.500000000    
          29          27  0.139289662      -3.77103947E-02 -0.500000000    
          29          28   7.02429265E-02  -1.96419433E-02 -0.500000000    
          29          29  -2.68058181E-02  -3.67918587E-03 -0.500000000    
          29          30  -3.14958990E-02   4.44506900E-03 -0.500000000    
          29          31  0.102091134       2.49392516E-03 -0.500000000    
          29          32  0.157152295      -3.19585996E-03 -0.500000000    
          29          33   9.58654061E-02  -6.31158520E-03 -0.500000000    
          30           1  -1.66534297E-02   1.31693799E-02 -0.500000000    
          30           2  0.202550247       2.36074906E-04 -0.500000000    
          30           3  0.151560679       1.73654384E-03 -0.500000000    
          30           4   3.67151480E-03   4.83070966E-03 -0.500000000    
          30           5  -5.13939820E-02   5.88507508E-04 -0.500000000    
          30           6   1.52921015E-02  -1.18417609E-02 -0.500000000    
          30           7   9.29253697E-02  -2.83797737E-02 -0.500000000    
          30           8  0.134969339      -4.55287211E-02 -0.500000000    
          30           9  0.151087850      -6.15390800E-02 -0.500000000    
          30          10  0.158186153      -7.55728409E-02 -0.500000000    
          30          11  0.165385529      -8.70766789E-02 -0.500000000    
          30          12  0.174649522      -9.57513601E-02 -0.500000000    
          30          13  0.184964985     -0.101699814     -0.500000000    
          30          14  0.194718167     -0.105384476     -0.500000000    
          30          15  0.202421337     -0.107415192     -0.500000000    
          30          16  0.206942588     -0.108328693     -0.500000000    
          30          17  0.207605630     -0.108448543     -0.500000000    
          30          18  0.204329163     -0.107822545     -0.500000000    
          30          19  0.197575957     -0.106215447     -0.500000000    
          30          20  0.188356787     -0.103150092     -0.500000000    
          30          21  0.178053632      -9.80200097E-02 -0.500000000    
          30          22  0.168263704      -9.02864709E-02 -0.500000000    
          30          23  0.160366789      -7.97103718E-02 -0.500000000    
          30          24  0.153815776      -6.64673224E-02 -0.500000000    
          30          25  0.142299518      -5.10432124E-02 -0.500000000    
          30          26  0.110937975      -3.41440924E-02 -0.500000000    
          30          27   4.42237668E-02  -1.71112847E-02 -0.500000000    
          30          28  -3.73208299E-02  -2.81300256E-03 -0.500000000    
          30          29  -3.14958915E-02   4.44508716E-03 -0.500000000    
          30          30  0.104334921       3.22053395E-03 -0.500000000    
          30          31  0.219064176       7.26664439E-07 -0.500000000    
          30          32  0.134450451       9.31176264E-03 -0.500000000    
          30          33 -0.240957782       3.76566425E-02 -0.500000000    
          31           1 -0.156386375       4.92923409E-02 -0.500000000    
          31           2  0.100336827       1.64858196E-02 -0.500000000    
          31           3  0.227791369       8.41059664E-04 -0.500000000    
          31           4  0.152105749       1.34770619E-03 -0.500000000    
          31           5  -4.76536155E-03   3.71036050E-03 -0.500000000    
          31           6  -8.90502408E-02  -8.69222218E-04 -0.500000000    
          31           7  -2.40429901E-02  -1.47574414E-02 -0.500000000    
          31           8  0.117366172      -3.48125063E-02 -0.500000000    
          31           9  0.257965803      -5.57362549E-02 -0.500000000    
          31          10  0.371949285      -7.32211918E-02 -0.500000000    
          31          11  0.458286792      -8.54584947E-02 -0.500000000    
          31          12  0.520321012      -9.28315222E-02 -0.500000000    
          31          13  0.561683655      -9.67116952E-02 -0.500000000    
          31          14  0.586836457      -9.84897241E-02 -0.500000000    
          31          15  0.600542188      -9.91799831E-02 -0.500000000    
          31          16  0.606678963      -9.93913710E-02 -0.500000000    
          31          17  0.607483387      -9.94129702E-02 -0.500000000    
          31          18  0.603279769      -9.92836803E-02 -0.500000000    
          31          19  0.592457652      -9.88030508E-02 -0.500000000    
          31          20  0.571628034      -9.74789485E-02 -0.500000000    
          31          21  0.536203325      -9.44387093E-02 -0.500000000    
          31          22  0.481498003      -8.83974582E-02 -0.500000000    
          31          23  0.403640658      -7.78989866E-02 -0.500000000    
          31          24  0.299189031      -6.20914437E-02 -0.500000000    
          31          25  0.166469783      -4.19463105E-02 -0.500000000    
          31          26   1.95421353E-02  -2.10105143E-02 -0.500000000    
          31          27  -8.22337717E-02  -4.53220215E-03 -0.500000000    
          31          28  -4.84284833E-02   3.20765050E-03 -0.500000000    
          31          29  0.102091074       2.49392237E-03 -0.500000000    
          31          30  0.219064251       7.28381565E-07 -0.500000000    
          31          31  0.176130101       8.65468197E-03 -0.500000000    
          31          32  -7.42821991E-02   3.89274247E-02 -0.500000000    
          31          33   2.96916254E-03   6.37748763E-02 -0.500000000    
          32           1  0.174361557       6.67231157E-02 -0.500000000    
          32           2  -9.74754989E-02   4.95873205E-02 -0.500000000    
          32           3   7.53169581E-02   1.74717177E-02 -0.500000000    
          32           4  0.171033651      -5.72632358E-04 -0.500000000    
          32           5  0.102562524      -6.87237130E-03 -0.500000000    
          32           6   6.26883581E-02  -1.49912508E-02 -0.500000000    
          32           7  0.144773528      -2.80947536E-02 -0.500000000    
          32           8  0.296242565      -4.10712175E-02 -0.500000000    
          32           9  0.441929638      -5.01579009E-02 -0.500000000    
          32          10  0.547110677      -5.55997491E-02 -0.500000000    
          32          11  0.612092257      -5.89698143E-02 -0.500000000    
          32          12  0.648439229      -6.13474622E-02 -0.500000000    
          32          13  0.666462243      -6.31865934E-02 -0.500000000    
          32          14  0.673627377      -6.46162927E-02 -0.500000000    
          32          15  0.675326467      -6.56355843E-02 -0.500000000    
          32          16  0.675178111      -6.62038252E-02 -0.500000000    
          32          17  0.675096810      -6.62862584E-02 -0.500000000    
          32          18  0.675353110      -6.58772588E-02 -0.500000000    
          32          19  0.674586415      -6.50033727E-02 -0.500000000    
          32          20  0.669753313      -6.37072101E-02 -0.500000000    
          32          21  0.656064093      -6.20098598E-02 -0.500000000    
          32          22  0.626814187      -5.98403290E-02 -0.500000000    
          32          23  0.572708905      -5.68841584E-02 -0.500000000    
          32          24  0.481955081      -5.22990823E-02 -0.500000000    
          32          25  0.348124504      -4.45825346E-02 -0.500000000    
          32          26  0.191824198      -3.27145681E-02 -0.500000000    
          32          27   7.72251785E-02  -1.89890657E-02 -0.500000000    
          32          28   7.76782408E-02  -8.95236619E-03 -0.500000000    
          32          29  0.157152325      -3.19588883E-03 -0.500000000    
          32          30  0.134450451       9.31174774E-03 -0.500000000    
          32          31  -7.42821917E-02   3.89274433E-02 -0.500000000    
          32          32   6.57409653E-02   6.36684000E-02 -0.500000000    
          32          33  0.359639585       6.88731223E-02 -0.500000000    
          33           1  0.415660083       6.91220239E-02 -0.500000000    
          33           2  0.150008619       6.67845234E-02 -0.500000000    
          33           3 -0.233386531       4.95602675E-02 -0.500000000    
          33           4  -4.40495610E-02   8.41826480E-03 -0.500000000    
          33           5  0.353878349      -3.12577933E-02 -0.500000000    
          33           6  0.599596620      -5.11645451E-02 -0.500000000    
          33           7  0.670868754      -5.14660515E-02 -0.500000000    
          33           8  0.632973313      -4.25995514E-02 -0.500000000    
          33           9  0.558554828      -3.36004235E-02 -0.500000000    
          33          10  0.488791198      -2.82546561E-02 -0.500000000    
          33          11  0.438005120      -2.69242115E-02 -0.500000000    
          33          12  0.406221539      -2.85181440E-02 -0.500000000    
          33          13  0.388790578      -3.16274986E-02 -0.500000000    
          33          14  0.380756825      -3.50306183E-02 -0.500000000    
          33          15  0.377969205      -3.78426760E-02 -0.500000000    
          33          16  0.377403885      -3.95095684E-02 -0.500000000    
          33          17  0.377377152      -3.97560783E-02 -0.500000000    
          33          18  0.377645791      -3.85443531E-02 -0.500000000    
          33          19  0.379419655      -3.60673405E-02 -0.500000000    
          33          20  0.385293961      -3.27801667E-02 -0.500000000    
          33          21  0.399072528      -2.94528417E-02 -0.500000000    
          33          22  0.425496459      -2.72005610E-02 -0.500000000    
          33          23  0.469571829      -2.74031684E-02 -0.500000000    
          33          24  0.533646524      -3.13469097E-02 -0.500000000    
          33          25  0.609500229      -3.93301398E-02 -0.500000000    
          33          26  0.666279078      -4.89731841E-02 -0.500000000    
          33          27  0.640483201      -5.30155338E-02 -0.500000000    
          33          28  0.456699610      -4.04149368E-02 -0.500000000    
          33          29   9.58654881E-02  -6.31160242E-03 -0.500000000    
          33          30 -0.240957782       3.76566425E-02 -0.500000000    
          33          31   2.96914903E-03   6.37748912E-02 -0.500000000    
          33          32  0.359639585       6.88731223E-02 -0.500000000    
          33          33  0.473423898       6.92429394E-02 -0.500000000    
