           1           1  0.512917280      -8.38303417E-02 -0.500000000    
           1           2  0.615835607     -0.103930965     -0.500000000    
           1           3  0.901961803     -0.133543462     -0.500000000    
           1           4   1.15001523     -0.179507509     -0.500000000    
           1           5  0.676781178     -0.161121041     -0.500000000    
           1           6  0.513578773     -0.135929704     -0.500000000    
           1           7  0.471973360     -0.120781183     -0.500000000    
           1           8  0.395186037     -0.107403040     -0.500000000    
           1           9  0.293315679      -9.39337537E-02 -0.500000000    
           1          10  0.184382737      -8.06001946E-02 -0.500000000    
           1          11   8.14736858E-02  -6.78522885E-02 -0.500000000    
           1          12  -4.44985554E-03  -5.61903939E-02 -0.500000000    
           1          13  -6.76243901E-02  -4.61307354E-02 -0.500000000    
           1          14 -0.108594321      -3.81209962E-02 -0.500000000    
           1          15 -0.131893352      -3.24800014E-02 -0.500000000    
           1          16 -0.142590314      -2.93949451E-02 -0.500000000    
           1          17 -0.144008324      -2.89518517E-02 -0.500000000    
           1          18 -0.136642560      -3.11616436E-02 -0.500000000    
           1          19 -0.118061990      -3.59657593E-02 -0.500000000    
           1          20  -8.35681334E-02  -4.32142690E-02 -0.500000000    
           1          21  -2.81341467E-02  -5.26346527E-02 -0.500000000    
           1          22   5.05161770E-02  -6.38182908E-02 -0.500000000    
           1          23  0.148804799      -7.62619674E-02 -0.500000000    
           1          24  0.257194310      -8.94518197E-02 -0.500000000    
           1          25  0.364011556     -0.102902412     -0.500000000    
           1          26  0.458795547     -0.116059765     -0.500000000    
           1          27  0.525846958     -0.128341749     -0.500000000    
           1          28  0.554807186     -0.141157746     -0.500000000    
           1          29  0.717433989     -0.163110182     -0.500000000    
           1          30   1.17546749     -0.176836476     -0.500000000    
           1          31  0.880379319     -0.131958798     -0.500000000    
           1          32  0.579065919     -0.105779633     -0.500000000    
           1          33  0.483310491      -8.78991261E-02 -0.500000000    
           2           1  0.615835011     -0.103930965     -0.500000000    
           2           2  0.555523753     -0.105773702     -0.500000000    
           2           3  0.783303022     -0.112657093     -0.500000000    
           2           4  0.843728781     -0.134636924     -0.500000000    
           2           5  0.652282417     -0.140317529     -0.500000000    
           2           6  0.356358528     -0.109803148     -0.500000000    
           2           7  0.282365113      -9.01279822E-02 -0.500000000    
           2           8  0.256459087      -7.85174891E-02 -0.500000000    
           2           9  0.209789529      -6.83353022E-02 -0.500000000    
           2          10  0.150840759      -5.87680787E-02 -0.500000000    
           2          11   9.07169580E-02  -4.99742888E-02 -0.500000000    
           2          12   3.69866937E-02  -4.21642475E-02 -0.500000000    
           2          13  -5.93314832E-03  -3.55424508E-02 -0.500000000    
           2          14  -3.65848504E-02  -3.03014237E-02 -0.500000000    
           2          15  -5.58071062E-02  -2.66084354E-02 -0.500000000    
           2          16  -6.54578209E-02  -2.45833211E-02 -0.500000000    
           2          17  -6.67489991E-02  -2.42917202E-02 -0.500000000    
           2          18  -6.00335598E-02  -2.57437285E-02 -0.500000000    
           2          19  -4.41578776E-02  -2.88915727E-02 -0.500000000    
           2          20  -1.75086055E-02  -3.36324796E-02 -0.500000000    
           2          21   2.13205032E-02  -3.98154110E-02 -0.500000000    
           2          22   7.18440190E-02  -4.72514518E-02 -0.500000000    
           2          23  0.130517468      -5.57394996E-02 -0.500000000    
           2          24  0.191069603      -6.50702640E-02 -0.500000000    
           2          25  0.245276794      -7.50015751E-02 -0.500000000    
           2          26  0.282283366      -8.52835849E-02 -0.500000000    
           2          27  0.295189947      -9.66313258E-02 -0.500000000    
           2          28  0.369390696     -0.116124786     -0.500000000    
           2          29  0.679684758     -0.145440102     -0.500000000    
           2          30  0.819799960     -0.136240229     -0.500000000    
           2          31  0.738497615     -0.114965506     -0.500000000    
           2          32  0.577834129     -0.110715263     -0.500000000    
           2          33  0.682839692     -0.110596105     -0.500000000    
           3           1  0.901961267     -0.133543447     -0.500000000    
           3           2  0.783302307     -0.112657025     -0.500000000    
           3           3  0.687851071      -8.82725865E-02 -0.500000000    
           3           4  0.775076330      -8.60166252E-02 -0.500000000    
           3           5  0.711917460     -0.101600423     -0.500000000    
           3           6  0.301224768      -7.89779425E-02 -0.500000000    
           3           7  0.117736526      -5.30482642E-02 -0.500000000    
           3           8   7.34969378E-02  -4.29739952E-02 -0.500000000    
           3           9   5.38773835E-02  -3.72572802E-02 -0.500000000    
           3          10   3.85253578E-02  -3.21117193E-02 -0.500000000    
           3          11   2.83116456E-02  -2.72549335E-02 -0.500000000    
           3          12   2.30091363E-02  -2.28684898E-02 -0.500000000    
           3          13   2.11753249E-02  -1.91430766E-02 -0.500000000    
           3          14   2.08674986E-02  -1.62155665E-02 -0.500000000    
           3          15   2.13796087E-02  -1.41669642E-02 -0.500000000    
           3          16   2.17905417E-02  -1.30530456E-02 -0.500000000    
           3          17   2.18504034E-02  -1.28916744E-02 -0.500000000    
           3          18   2.15256549E-02  -1.36915697E-02 -0.500000000    
           3          19   2.10660212E-02  -1.54304393E-02 -0.500000000    
           3          20   2.08418239E-02  -1.80745628E-02 -0.500000000    
           3          21   2.21992377E-02  -2.15455666E-02 -0.500000000    
           3          22   2.61018667E-02  -2.57284753E-02 -0.500000000    
           3          23   3.44236530E-02  -3.04529630E-02 -0.500000000    
           3          24   4.87078317E-02  -3.54996435E-02 -0.500000000    
           3          25   6.84808865E-02  -4.06923294E-02 -0.500000000    
           3          26   9.05675590E-02  -4.64280024E-02 -0.500000000    
           3          27  0.137969688      -5.71736731E-02 -0.500000000    
           3          28  0.351021111      -8.60264748E-02 -0.500000000    
           3          29  0.769894600     -0.109266244     -0.500000000    
           3          30  0.790413618      -9.59384739E-02 -0.500000000    
           3          31  0.709644198     -0.102711812     -0.500000000    
           3          32  0.887856066     -0.128513291     -0.500000000    
           3          33   1.06022167     -0.150406599     -0.500000000    
           4           1   1.15001357     -0.179507509     -0.500000000    
           4           2  0.843727052     -0.134636834     -0.500000000    
           4           3  0.775075674      -8.60165209E-02 -0.500000000    
           4           4  0.904002607      -6.04685061E-02 -0.500000000    
           4           5  0.879905045      -6.54825270E-02 -0.500000000    
           4           6  0.382139534      -5.38600907E-02 -0.500000000    
           4           7   2.83052213E-02  -2.28368752E-02 -0.500000000    
           4           8  -8.21085051E-02  -8.57222639E-03 -0.500000000    
           4           9  -8.76652300E-02  -4.89772810E-03 -0.500000000    
           4          10  -5.77256009E-02  -3.67734581E-03 -0.500000000    
           4          11  -1.79677438E-02  -2.94991606E-03 -0.500000000    
           4          12   1.99872609E-02  -2.33627995E-03 -0.500000000    
           4          13   5.18063791E-02  -1.77003164E-03 -0.500000000    
           4          14   7.57766291E-02  -1.28164596E-03 -0.500000000    
           4          15   9.12236869E-02  -9.15242650E-04 -0.500000000    
           4          16   9.97516215E-02  -7.01784447E-04 -0.500000000    
           4          17  0.100619756      -6.73709961E-04 -0.500000000    
           4          18   9.50782374E-02  -8.23442067E-04 -0.500000000    
           4          19   8.16066340E-02  -1.14506204E-03 -0.500000000    
           4          20   6.07994422E-02  -1.59709866E-03 -0.500000000    
           4          21   3.15412097E-02  -2.13926402E-03 -0.500000000    
           4          22  -5.05276164E-03  -2.74024880E-03 -0.500000000    
           4          23  -4.47062366E-02  -3.40652629E-03 -0.500000000    
           4          24  -7.91159496E-02  -4.29782225E-03 -0.500000000    
           4          25  -9.15165916E-02  -5.96697768E-03 -0.500000000    
           4          26  -5.07643409E-02  -1.06876027E-02 -0.500000000    
           4          27  0.117298767      -2.77888868E-02 -0.500000000    
           4          28  0.529791713      -6.36487454E-02 -0.500000000    
           4          29  0.967602849      -7.71128088E-02 -0.500000000    
           4          30  0.929047942      -7.89778978E-02 -0.500000000    
           4          31  0.792184472     -0.110959686     -0.500000000    
           4          32  0.896443367     -0.155892521     -0.500000000    
           4          33   1.14710021     -0.184658930     -0.500000000    
           5           1  0.676777542     -0.161121041     -0.500000000    
           5           2  0.652279675     -0.140317500     -0.500000000    
           5           3  0.711916029     -0.101600401     -0.500000000    
           5           4  0.879905045      -6.54824972E-02 -0.500000000    
           5           5  0.873638630      -4.78605889E-02 -0.500000000    
           5           6  0.501866162      -3.45925577E-02 -0.500000000    
           5           7  0.122634985      -4.97554103E-03 -0.500000000    
           5           8  -8.69368240E-02   1.59642827E-02 -0.500000000    
           5           9 -0.162858814       2.12000329E-02 -0.500000000    
           5          10 -0.144584671       2.08141506E-02 -0.500000000    
           5          11  -8.20754766E-02   1.91835109E-02 -0.500000000    
           5          12  -1.34926029E-02   1.74285807E-02 -0.500000000    
           5          13   4.31374721E-02   1.58825982E-02 -0.500000000    
           5          14   8.42534080E-02   1.46706803E-02 -0.500000000    
           5          15  0.110439584       1.38325449E-02 -0.500000000    
           5          16  0.123716049       1.33809056E-02 -0.500000000    
           5          17  0.125704318       1.33172600E-02 -0.500000000    
           5          18  0.116162755       1.36387907E-02 -0.500000000    
           5          19   9.44882333E-02   1.43481521E-02 -0.500000000    
           5          20   5.87321632E-02   1.54396798E-02 -0.500000000    
           5          21   6.91844197E-03   1.68806054E-02 -0.500000000    
           5          22  -5.85859492E-02   1.85898598E-02 -0.500000000    
           5          23 -0.126106977       2.03494541E-02 -0.500000000    
           5          24 -0.164721102       2.16200296E-02 -0.500000000    
           5          25 -0.131604761       2.09325626E-02 -0.500000000    
           5          26   4.72409476E-04   1.32419039E-02 -0.500000000    
           5          27  0.244530588      -1.28522459E-02 -0.500000000    
           5          28  0.625748992      -4.77699079E-02 -0.500000000    
           5          29  0.923716903      -6.38175309E-02 -0.500000000    
           5          30  0.850218415      -8.50326791E-02 -0.500000000    
           5          31  0.643373251     -0.117738433     -0.500000000    
           5          32  0.616252840     -0.146619529     -0.500000000    
           5          33  0.687190235     -0.157169297     -0.500000000    
           6           1  0.513576388     -0.135929808     -0.500000000    
           6           2  0.356356144     -0.109803140     -0.500000000    
           6           3  0.301223218      -7.89778754E-02 -0.500000000    
           6           4  0.382139534      -5.38599454E-02 -0.500000000    
           6           5  0.501865983      -3.45925540E-02 -0.500000000    
           6           6  0.369070023      -2.23637111E-02 -0.500000000    
           6           7  0.164868504      -1.19627849E-03 -0.500000000    
           6           8   4.87009659E-02   2.42446363E-02 -0.500000000    
           6           9  -2.05123741E-02   3.55048850E-02 -0.500000000    
           6          10  -5.54791614E-02   3.76746655E-02 -0.500000000    
           6          11  -6.63287342E-02   3.67908292E-02 -0.500000000    
           6          12  -5.93409352E-02   3.48700359E-02 -0.500000000    
           6          13  -4.17270362E-02   3.27436700E-02 -0.500000000    
           6          14  -2.12999582E-02   3.08697857E-02 -0.500000000    
           6          15  -4.69772425E-03   2.94882376E-02 -0.500000000    
           6          16   5.33252815E-03   2.87208222E-02 -0.500000000    
           6          17   6.65616104E-03   2.86091585E-02 -0.500000000    
           6          18  -3.69363930E-04   2.91618463E-02 -0.500000000    
           6          19  -1.52988294E-02   3.03454306E-02 -0.500000000    
           6          20  -3.47296670E-02   3.20768505E-02 -0.500000000    
           6          21  -5.42306826E-02   3.41562219E-02 -0.500000000    
           6          22  -6.58145249E-02   3.62182260E-02 -0.500000000    
           6          23  -6.12314232E-02   3.76487002E-02 -0.500000000    
           6          24  -3.62359770E-02   3.74605171E-02 -0.500000000    
           6          25   1.09268483E-02   3.34575661E-02 -0.500000000    
           6          26   9.03912634E-02   1.89113040E-02 -0.500000000    
           6          27  0.220331728      -1.14173796E-02 -0.500000000    
           6          28  0.440172344      -3.40011939E-02 -0.500000000    
           6          29  0.538009822      -4.39610481E-02 -0.500000000    
           6          30  0.372763962      -6.06794842E-02 -0.500000000    
           6          31  0.307436615      -8.69767293E-02 -0.500000000    
           6          32  0.429975599     -0.120843202     -0.500000000    
           6          33  0.643017411     -0.141830906     -0.500000000    
           7           1  0.471973419     -0.120781213     -0.500000000    
           7           2  0.282365054      -9.01281536E-02 -0.500000000    
           7           3  0.117736332      -5.30482121E-02 -0.500000000    
           7           4   2.83054560E-02  -2.28367783E-02 -0.500000000    
           7           5  0.122635849      -4.97549865E-03 -0.500000000    
           7           6  0.164868981      -1.19630678E-03 -0.500000000    
           7           7  0.116799898       1.42914848E-03 -0.500000000    
           7           8   9.93907824E-02   1.85890254E-02 -0.500000000    
           7           9   9.33519155E-02   3.26421559E-02 -0.500000000    
           7          10   8.56151283E-02   3.84032652E-02 -0.500000000    
           7          11   7.37270787E-02   4.07523662E-02 -0.500000000    
           7          12   5.86429723E-02   4.16577831E-02 -0.500000000    
           7          13   4.44426015E-02   4.17383611E-02 -0.500000000    
           7          14   3.35921273E-02   4.13987041E-02 -0.500000000    
           7          15   2.66366210E-02   4.09644507E-02 -0.500000000    
           7          16   2.30703000E-02   4.06626351E-02 -0.500000000    
           7          17   2.26534829E-02   4.06159610E-02 -0.500000000    
           7          18   2.50537917E-02   4.08408195E-02 -0.500000000    
           7          19   3.08663622E-02   4.12512012E-02 -0.500000000    
           7          20   4.04126048E-02   4.16539684E-02 -0.500000000    
           7          21   5.36332950E-02   4.17559221E-02 -0.500000000    
           7          22   6.88787475E-02   4.11916710E-02 -0.500000000    
           7          23   8.21225643E-02   3.95889878E-02 -0.500000000    
           7          24   8.83982182E-02   3.64907943E-02 -0.500000000    
           7          25   8.91287476E-02   3.00555434E-02 -0.500000000    
           7          26   9.43083242E-02   1.48057984E-02 -0.500000000    
           7          27  0.130998418      -3.38672218E-03 -0.500000000    
           7          28  0.218141496      -4.80581447E-03 -0.500000000    
           7          29  0.190966308      -9.46019217E-03 -0.500000000    
           7          30   9.74821299E-02  -3.10338307E-02 -0.500000000    
           7          31  0.205380872      -6.73024282E-02 -0.500000000    
           7          32  0.414890826     -0.106518961     -0.500000000    
           7          33  0.608812451     -0.131401852     -0.500000000    
           8           1  0.395191491     -0.107403122     -0.500000000    
           8           2  0.256462365      -7.85176456E-02 -0.500000000    
           8           3   7.34983236E-02  -4.29740176E-02 -0.500000000    
           8           4  -8.21080357E-02  -8.57214443E-03 -0.500000000    
           8           5  -8.69353190E-02   1.59643888E-02 -0.500000000    
           8           6   4.87016737E-02   2.42446065E-02 -0.500000000    
           8           7   9.93909538E-02   1.85889360E-02 -0.500000000    
           8           8  0.107824638       2.24512257E-02 -0.500000000    
           8           9  0.117315799       3.13910283E-02 -0.500000000    
           8          10  0.120535299       3.45298909E-02 -0.500000000    
           8          11  0.122916661       3.53075117E-02 -0.500000000    
           8          12  0.121348031       3.59997042E-02 -0.500000000    
           8          13  0.116406150       3.67447846E-02 -0.500000000    
           8          14  0.110575423       3.73702385E-02 -0.500000000    
           8          15  0.105129220       3.77921946E-02 -0.500000000    
           8          16  0.101923324       3.80085148E-02 -0.500000000    
           8          17  0.101394445       3.80394533E-02 -0.500000000    
           8          18  0.103842802       3.78858298E-02 -0.500000000    
           8          19  0.108496130       3.75343338E-02 -0.500000000    
           8          20  0.114625543       3.69739681E-02 -0.500000000    
           8          21  0.119912483       3.62539776E-02 -0.500000000    
           8          22  0.122827567       3.55630964E-02 -0.500000000    
           8          23  0.121228173       3.52189355E-02 -0.500000000    
           8          24  0.114754349       3.51472832E-02 -0.500000000    
           8          25  0.107996091       3.25392224E-02 -0.500000000    
           8          26   9.82186571E-02   2.25605872E-02 -0.500000000    
           8          27  0.102876671       1.72459092E-02 -0.500000000    
           8          28   7.92529583E-02   2.12405398E-02 -0.500000000    
           8          29  -2.65111364E-02   8.88896082E-03 -0.500000000    
           8          30   4.19608317E-03  -2.03486066E-02 -0.500000000    
           8          31  0.187822238      -5.92859164E-02 -0.500000000    
           8          32  0.400041848      -9.55362320E-02 -0.500000000    
           8          33  0.532193601     -0.120004207     -0.500000000    
           9           1  0.293329030      -9.39339027E-02 -0.500000000    
           9           2  0.209797695      -6.83355778E-02 -0.500000000    
           9           3   5.38800955E-02  -3.72574329E-02 -0.500000000    
           9           4  -8.76654759E-02  -4.89772577E-03 -0.500000000    
           9           5 -0.162858218       2.12001186E-02 -0.500000000    
           9           6  -2.05110852E-02   3.55048850E-02 -0.500000000    
           9           7   9.33521837E-02   3.26421000E-02 -0.500000000    
           9           8  0.117315739       3.13910246E-02 -0.500000000    
           9           9  0.130032837       3.86289097E-02 -0.500000000    
           9          10  0.129539013       4.09526676E-02 -0.500000000    
           9          11  0.126576334       3.92239690E-02 -0.500000000    
           9          12  0.121478409       3.71036492E-02 -0.500000000    
           9          13  0.115179874       3.55513208E-02 -0.500000000    
           9          14  0.109117880       3.45746726E-02 -0.500000000    
           9          15  0.104130633       3.40177827E-02 -0.500000000    
           9          16  0.101609461       3.37601081E-02 -0.500000000    
           9          17  0.100975528       3.37239243E-02 -0.500000000    
           9          18  0.103193991       3.39049026E-02 -0.500000000    
           9          19  0.107142016       3.43479961E-02 -0.500000000    
           9          20  0.113094382       3.51705961E-02 -0.500000000    
           9          21  0.119582519       3.65226306E-02 -0.500000000    
           9          22  0.124976091       3.85559127E-02 -0.500000000    
           9          23  0.127621874       4.11989875E-02 -0.500000000    
           9          24  0.126818717       4.32492793E-02 -0.500000000    
           9          25  0.123260304       4.01988737E-02 -0.500000000    
           9          26  0.108539939       3.05813290E-02 -0.500000000    
           9          27   9.13103968E-02   3.03123854E-02 -0.500000000    
           9          28  -1.12661840E-02   3.13110389E-02 -0.500000000    
           9          29 -0.136582389       1.35616446E-02 -0.500000000    
           9          30  -2.74810102E-02  -1.70760155E-02 -0.500000000    
           9          31  0.166335866      -5.33520356E-02 -0.500000000    
           9          32  0.360109031      -8.50912929E-02 -0.500000000    
           9          33  0.442821681     -0.107442088     -0.500000000    
          10           1  0.184405595      -8.06005076E-02 -0.500000000    
          10           2  0.150853321      -5.87684922E-02 -0.500000000    
          10           3   3.85289043E-02  -3.21120620E-02 -0.500000000    
          10           4  -5.77270649E-02  -3.67748784E-03 -0.500000000    
          10           5 -0.144586071       2.08141543E-02 -0.500000000    
          10           6  -5.54777980E-02   3.76747474E-02 -0.500000000    
          10           7   8.56157467E-02   3.84032391E-02 -0.500000000    
          10           8  0.120535403       3.45299430E-02 -0.500000000    
          10           9  0.129539028       4.09527309E-02 -0.500000000    
          10          10  0.125512585       4.56656255E-02 -0.500000000    
          10          11  0.118137091       4.51716781E-02 -0.500000000    
          10          12  0.110966362       4.31596003E-02 -0.500000000    
          10          13  0.103657052       4.11988944E-02 -0.500000000    
          10          14   9.66624916E-02   3.96368653E-02 -0.500000000    
          10          15   9.15515646E-02   3.85521315E-02 -0.500000000    
          10          16   8.86382163E-02   3.79685983E-02 -0.500000000    
          10          17   8.81554484E-02   3.78829800E-02 -0.500000000    
          10          18   9.03112292E-02   3.83030623E-02 -0.500000000    
          10          19   9.48128328E-02   3.92201245E-02 -0.500000000    
          10          20  0.101050541       4.06282246E-02 -0.500000000    
          10          21  0.108686827       4.24879901E-02 -0.500000000    
          10          22  0.115743302       4.46887948E-02 -0.500000000    
          10          23  0.121209845       4.68355753E-02 -0.500000000    
          10          24  0.126116678       4.71443832E-02 -0.500000000    
          10          25  0.127667978       4.11205702E-02 -0.500000000    
          10          26  0.117638774       3.25636305E-02 -0.500000000    
          10          27   8.19262341E-02   3.59300636E-02 -0.500000000    
          10          28  -6.82720840E-02   3.37833352E-02 -0.500000000    
          10          29 -0.160393685       1.40192378E-02 -0.500000000    
          10          30  -3.70971747E-02  -1.53332958E-02 -0.500000000    
          10          31  0.136975139      -4.76677008E-02 -0.500000000    
          10          32  0.305365443      -7.52598345E-02 -0.500000000    
          10          33  0.351866335      -9.46286544E-02 -0.500000000    
          11           1   8.15048963E-02  -6.78528547E-02 -0.500000000    
          11           2   9.07334760E-02  -4.99748886E-02 -0.500000000    
          11           3   2.83154268E-02  -2.72555705E-02 -0.500000000    
          11           4  -1.79699082E-02  -2.95016961E-03 -0.500000000    
          11           5  -8.20792839E-02   1.91834662E-02 -0.500000000    
          11           6  -6.63277954E-02   3.67909484E-02 -0.500000000    
          11           7   7.37280622E-02   4.07523066E-02 -0.500000000    
          11           8  0.122916810       3.53074633E-02 -0.500000000    
          11           9  0.126576424       3.92239988E-02 -0.500000000    
          11          10  0.118137024       4.51716259E-02 -0.500000000    
          11          11  0.105176277       4.60266806E-02 -0.500000000    
          11          12   9.46956128E-02   4.47748154E-02 -0.500000000    
          11          13   8.53401273E-02   4.33116332E-02 -0.500000000    
          11          14   7.74660632E-02   4.20859121E-02 -0.500000000    
          11          15   7.21653998E-02   4.12108041E-02 -0.500000000    
          11          16   6.89303055E-02   4.07255329E-02 -0.500000000    
          11          17   6.86970353E-02   4.06561121E-02 -0.500000000    
          11          18   7.06578419E-02   4.10032757E-02 -0.500000000    
          11          19   7.55755454E-02   4.17540781E-02 -0.500000000    
          11          20   8.24294835E-02   4.28690836E-02 -0.500000000    
          11          21   9.14008319E-02   4.42994200E-02 -0.500000000    
          11          22  0.101417303       4.59236279E-02 -0.500000000    
          11          23  0.111492895       4.72537354E-02 -0.500000000    
          11          24  0.123214737       4.61049229E-02 -0.500000000    
          11          25  0.129744843       3.86899337E-02 -0.500000000    
          11          26  0.124796271       3.31869684E-02 -0.500000000    
          11          27   6.71739951E-02   3.87112610E-02 -0.500000000    
          11          28  -9.73938107E-02   3.35183032E-02 -0.500000000    
          11          29 -0.129411712       1.32537680E-02 -0.500000000    
          11          30  -3.19586433E-02  -1.39003852E-02 -0.500000000    
          11          31  0.106441095      -4.22448963E-02 -0.500000000    
          11          32  0.243594870      -6.63055778E-02 -0.500000000    
          11          33  0.264473796      -8.24023485E-02 -0.500000000    
          12           1  -4.41352464E-03  -5.61915785E-02 -0.500000000    
          12           2   3.70057076E-02  -4.21651602E-02 -0.500000000    
          12           3   2.30128430E-02  -2.28692628E-02 -0.500000000    
          12           4   1.99839771E-02  -2.33671442E-03 -0.500000000    
          12           5  -1.34980083E-02   1.74284391E-02 -0.500000000    
          12           6  -5.93416989E-02   3.48701626E-02 -0.500000000    
          12           7   5.86445071E-02   4.16578054E-02 -0.500000000    
          12           8  0.121348396       3.59996855E-02 -0.500000000    
          12           9  0.121478535       3.71036232E-02 -0.500000000    
          12          10  0.110966414       4.31595817E-02 -0.500000000    
          12          11   9.46956873E-02   4.47747968E-02 -0.500000000    
          12          12   8.16201642E-02   4.38445881E-02 -0.500000000    
          12          13   7.06476569E-02   4.25439253E-02 -0.500000000    
          12          14   6.21838830E-02   4.14453968E-02 -0.500000000    
          12          15   5.62650822E-02   4.06653993E-02 -0.500000000    
          12          16   5.30042313E-02   4.02339846E-02 -0.500000000    
          12          17   5.26503474E-02   4.01738547E-02 -0.500000000    
          12          18   5.48372641E-02   4.04802859E-02 -0.500000000    
          12          19   5.98865524E-02   4.11488637E-02 -0.500000000    
          12          20   6.76532239E-02   4.21492532E-02 -0.500000000    
          12          21   7.76395947E-02   4.34428528E-02 -0.500000000    
          12          22   8.96251053E-02   4.49069515E-02 -0.500000000    
          12          23  0.103057057       4.59114425E-02 -0.500000000    
          12          24  0.119148523       4.38939258E-02 -0.500000000    
          12          25  0.128480658       3.62613462E-02 -0.500000000    
          12          26  0.126652122       3.40526626E-02 -0.500000000    
          12          27   4.90906164E-02   4.00221683E-02 -0.500000000    
          12          28 -0.101120077       3.21005322E-02 -0.500000000    
          12          29  -7.83300251E-02   1.21328719E-02 -0.500000000    
          12          30  -1.77541990E-02  -1.25683565E-02 -0.500000000    
          12          31   7.90637955E-02  -3.73119675E-02 -0.500000000    
          12          32  0.182005733      -5.84154949E-02 -0.500000000    
          12          33  0.185774654      -7.13908449E-02 -0.500000000    
          13           1  -6.75876811E-02  -4.61325645E-02 -0.500000000    
          13           2  -5.91330929E-03  -3.55436429E-02 -0.500000000    
          13           3   2.11790036E-02  -1.91439930E-02 -0.500000000    
          13           4   5.18028811E-02  -1.77057739E-03 -0.500000000    
          13           5   4.31314446E-02   1.58824138E-02 -0.500000000    
          13           6  -4.17289659E-02   3.27437259E-02 -0.500000000    
          13           7   4.44442816E-02   4.17383835E-02 -0.500000000    
          13           8  0.116406754       3.67446505E-02 -0.500000000    
          13           9  0.115180075       3.55513096E-02 -0.500000000    
          13          10  0.103657298       4.11988944E-02 -0.500000000    
          13          11   8.53403062E-02   4.33116779E-02 -0.500000000    
          13          12   7.06476867E-02   4.25439775E-02 -0.500000000    
          13          13   5.92193827E-02   4.12541814E-02 -0.500000000    
          13          14   5.06139025E-02   4.01471667E-02 -0.500000000    
          13          15   4.46840264E-02   3.93607579E-02 -0.500000000    
          13          16   4.16665785E-02   3.89292724E-02 -0.500000000    
          13          17   4.11515981E-02   3.88675779E-02 -0.500000000    
          13          18   4.34334390E-02   3.91763896E-02 -0.500000000    
          13          19   4.82738838E-02   3.98472250E-02 -0.500000000    
          13          20   5.60780242E-02   4.08583954E-02 -0.500000000    
          13          21   6.65385425E-02   4.21681106E-02 -0.500000000    
          13          22   7.94228017E-02   4.36266661E-02 -0.500000000    
          13          23   9.49847922E-02   4.44483906E-02 -0.500000000    
          13          24  0.113792501       4.18118834E-02 -0.500000000    
          13          25  0.124791145       3.45394872E-02 -0.500000000    
          13          26  0.124127954       3.50280479E-02 -0.500000000    
          13          27   3.28800380E-02   4.03913893E-02 -0.500000000    
          13          28  -8.79428387E-02   3.03275101E-02 -0.500000000    
          13          29  -2.87537258E-02   1.10204732E-02 -0.500000000    
          13          30  -9.10101458E-04  -1.13637075E-02 -0.500000000    
          13          31   5.70846647E-02  -3.30847166E-02 -0.500000000    
          13          32  0.127070978      -5.17541617E-02 -0.500000000    
          13          33  0.120228089      -6.20533079E-02 -0.500000000    
          14           1 -0.108561195      -3.81233022E-02 -0.500000000    
          14           2  -3.65654044E-02  -3.03028449E-02 -0.500000000    
          14           3   2.08706409E-02  -1.62165724E-02 -0.500000000    
          14           4   7.57728145E-02  -1.28230010E-03 -0.500000000    
          14           5   8.42472017E-02   1.46704204E-02 -0.500000000    
          14           6  -2.13031638E-02   3.08698863E-02 -0.500000000    
          14           7   3.35935056E-02   4.13988084E-02 -0.500000000    
          14           8  0.110576093       3.73701751E-02 -0.500000000    
          14           9  0.109118193       3.45746502E-02 -0.500000000    
          14          10   9.66627523E-02   3.96368466E-02 -0.500000000    
          14          11   7.74663389E-02   4.20859382E-02 -0.500000000    
          14          12   6.21840879E-02   4.14453745E-02 -0.500000000    
          14          13   5.06138392E-02   4.01471406E-02 -0.500000000    
          14          14   4.21673581E-02   3.90120856E-02 -0.500000000    
          14          15   3.65469940E-02   3.82057950E-02 -0.500000000    
          14          16   3.35422941E-02   3.77619602E-02 -0.500000000    
          14          17   3.31805535E-02   3.76996733E-02 -0.500000000    
          14          18   3.52276079E-02   3.80155034E-02 -0.500000000    
          14          19   3.99887972E-02   3.87053750E-02 -0.500000000    
          14          20   4.75362651E-02   3.97433937E-02 -0.500000000    
          14          21   5.78588843E-02   4.10869904E-02 -0.500000000    
          14          22   7.11724162E-02   4.25582528E-02 -0.500000000    
          14          23   8.79734010E-02   4.32317518E-02 -0.500000000    
          14          24  0.108301803       4.01552469E-02 -0.500000000    
          14          25  0.120544560       3.34662907E-02 -0.500000000    
          14          26  0.119247906       3.58543321E-02 -0.500000000    
          14          27   2.04078536E-02   4.02409360E-02 -0.500000000    
          14          28  -6.84125572E-02   2.86868550E-02 -0.500000000    
          14          29   9.58873425E-03   1.00898854E-02 -0.500000000    
          14          30   1.43760545E-02  -1.03557948E-02 -0.500000000    
          14          31   4.12196107E-02  -2.97328681E-02 -0.500000000    
          14          32   8.32767040E-02  -4.64896597E-02 -0.500000000    
          14          33   7.04148933E-02  -5.47138304E-02 -0.500000000    
          15           1 -0.131864071      -3.24828774E-02 -0.500000000    
          15           2  -5.57888113E-02  -2.66100597E-02 -0.500000000    
          15           3   2.13827286E-02  -1.41680297E-02 -0.500000000    
          15           4   9.12200436E-02  -9.15916171E-04 -0.500000000    
          15           5  0.110433295       1.38322245E-02 -0.500000000    
          15           6  -4.70161671E-03   2.94883288E-02 -0.500000000    
          15           7   2.66377926E-02   4.09646183E-02 -0.500000000    
          15           8  0.105130106       3.77921388E-02 -0.500000000    
          15           9  0.104130872       3.40177678E-02 -0.500000000    
          15          10   9.15518850E-02   3.85521688E-02 -0.500000000    
          15          11   7.21653253E-02   4.12107967E-02 -0.500000000    
          15          12   5.62651902E-02   4.06653769E-02 -0.500000000    
          15          13   4.46840525E-02   3.93607654E-02 -0.500000000    
          15          14   3.65470015E-02   3.82058397E-02 -0.500000000    
          15          15   3.09083220E-02   3.73802930E-02 -0.500000000    
          15          16   2.82549988E-02   3.69282924E-02 -0.500000000    
          15          17   2.77154986E-02   3.68637443E-02 -0.500000000    
          15          18   2.98651047E-02   3.71873640E-02 -0.500000000    
          15          19   3.42178792E-02   3.78904790E-02 -0.500000000    
          15          20   4.17667665E-02   3.89533266E-02 -0.500000000    
          15          21   5.19844182E-02   4.03218418E-02 -0.500000000    
          15          22   6.53401762E-02   4.17990014E-02 -0.500000000    
          15          23   8.29666704E-02   4.23587747E-02 -0.500000000    
          15          24  0.104007348       3.90023626E-02 -0.500000000    
          15          25  0.116967551       3.28650177E-02 -0.500000000    
          15          26  0.114653185       3.64252180E-02 -0.500000000    
          15          27   1.23420283E-02   3.99200730E-02 -0.500000000    
          15          28  -5.10922000E-02   2.74511781E-02 -0.500000000    
          15          29   3.55560146E-02   9.43233725E-03 -0.500000000    
          15          30   2.59836279E-02  -9.61882062E-03 -0.500000000    
          15          31   3.08877118E-02  -2.73763612E-02 -0.500000000    
          15          32   5.28819226E-02  -4.27782722E-02 -0.500000000    
          15          33   3.69550362E-02  -4.95852344E-02 -0.500000000    
          16           1 -0.142563820      -2.93981005E-02 -0.500000000    
          16           2  -6.54402226E-02  -2.45850254E-02 -0.500000000    
          16           3   2.17936318E-02  -1.30541269E-02 -0.500000000    
          16           4   9.97479707E-02  -7.02523976E-04 -0.500000000    
          16           5  0.123709492       1.33806039E-02 -0.500000000    
          16           6   5.32803638E-03   2.87208781E-02 -0.500000000    
          16           7   2.30715126E-02   4.06627841E-02 -0.500000000    
          16           8  0.101924330       3.80084962E-02 -0.500000000    
          16           9  0.101609685       3.37600820E-02 -0.500000000    
          16          10   8.86383280E-02   3.79686095E-02 -0.500000000    
          16          11   6.89302981E-02   4.07255255E-02 -0.500000000    
          16          12   5.30043319E-02   4.02339958E-02 -0.500000000    
          16          13   4.16665226E-02   3.89292799E-02 -0.500000000    
          16          14   3.35422233E-02   3.77619974E-02 -0.500000000    
          16          15   2.82552075E-02   3.69282924E-02 -0.500000000    
          16          16   2.55815908E-02   3.64719592E-02 -0.500000000    
          16          17   2.51455065E-02   3.64060625E-02 -0.500000000    
          16          18   2.71185059E-02   3.67335975E-02 -0.500000000    
          16          19   3.14785279E-02   3.74441780E-02 -0.500000000    
          16          20   3.86182368E-02   3.85173932E-02 -0.500000000    
          16          21   4.87864949E-02   3.99014167E-02 -0.500000000    
          16          22   6.21529110E-02   4.13808897E-02 -0.500000000    
          16          23   8.00190270E-02   4.18748893E-02 -0.500000000    
          16          24  0.101476245       3.83792482E-02 -0.500000000    
          16          25  0.114872634       3.25870924E-02 -0.500000000    
          16          26  0.111583546       3.67244557E-02 -0.500000000    
          16          27   8.54983646E-03   3.96778211E-02 -0.500000000    
          16          28  -4.04091291E-02   2.67566945E-02 -0.500000000    
          16          29   4.92372699E-02   9.07296967E-03 -0.500000000    
          16          30   3.21578309E-02  -9.20794159E-03 -0.500000000    
          16          31   2.55939867E-02  -2.60860212E-02 -0.500000000    
          16          32   3.65602002E-02  -4.07414138E-02 -0.500000000    
          16          33   1.93100199E-02  -4.67913449E-02 -0.500000000    
          17           1 -0.143982112      -2.89550088E-02 -0.500000000    
          17           2  -6.67311102E-02  -2.42935084E-02 -0.500000000    
          17           3   2.18533985E-02  -1.28928702E-02 -0.500000000    
          17           4  0.100616194      -6.74462877E-04 -0.500000000    
          17           5  0.125697494       1.33168977E-02 -0.500000000    
          17           6   6.65168650E-03   2.86092125E-02 -0.500000000    
          17           7   2.26547960E-02   4.06160578E-02 -0.500000000    
          17           8  0.101395629       3.80394273E-02 -0.500000000    
          17           9  0.100975871       3.37239206E-02 -0.500000000    
          17          10   8.81555974E-02   3.78830582E-02 -0.500000000    
          17          11   6.86970949E-02   4.06561494E-02 -0.500000000    
          17          12   5.26503734E-02   4.01738249E-02 -0.500000000    
          17          13   4.11515310E-02   3.88676189E-02 -0.500000000    
          17          14   3.31805572E-02   3.76996472E-02 -0.500000000    
          17          15   2.77155321E-02   3.68637443E-02 -0.500000000    
          17          16   2.51455624E-02   3.64060514E-02 -0.500000000    
          17          17   2.46378239E-02   3.63406576E-02 -0.500000000    
          17          18   2.66973600E-02   3.66683565E-02 -0.500000000    
          17          19   3.09213661E-02   3.73804383E-02 -0.500000000    
          17          20   3.82874645E-02   3.84570435E-02 -0.500000000    
          17          21   4.83612530E-02   3.98413725E-02 -0.500000000    
          17          22   6.17279075E-02   4.13209610E-02 -0.500000000    
          17          23   7.97145143E-02   4.18050289E-02 -0.500000000    
          17          24  0.101093628       3.82894315E-02 -0.500000000    
          17          25  0.114524394       3.25502828E-02 -0.500000000    
          17          26  0.111162513       3.67662869E-02 -0.500000000    
          17          27   7.78832380E-03   3.96368876E-02 -0.500000000    
          17          28  -3.89401168E-02   2.66554300E-02 -0.500000000    
          17          29   5.10472804E-02   9.02158394E-03 -0.500000000    
          17          30   3.32642570E-02  -9.14644916E-03 -0.500000000    
          17          31   2.48498637E-02  -2.59013027E-02 -0.500000000    
          17          32   3.42234597E-02  -4.04482670E-02 -0.500000000    
          17          33   1.68161876E-02  -4.63905148E-02 -0.500000000    
          18           1 -0.136613816      -3.11646461E-02 -0.500000000    
          18           2  -6.00150563E-02  -2.57453118E-02 -0.500000000    
          18           3   2.15286631E-02  -1.36926901E-02 -0.500000000    
          18           4   9.50744972E-02  -8.24084040E-04 -0.500000000    
          18           5  0.116155952       1.36384945E-02 -0.500000000    
          18           6  -3.73578165E-04   2.91619599E-02 -0.500000000    
          18           7   2.50550695E-02   4.08409461E-02 -0.500000000    
          18           8  0.103843853       3.78857926E-02 -0.500000000    
          18           9  0.103194296       3.39049064E-02 -0.500000000    
          18          10   9.03114006E-02   3.83030921E-02 -0.500000000    
          18          11   7.06579834E-02   4.10033353E-02 -0.500000000    
          18          12   5.48373573E-02   4.04803455E-02 -0.500000000    
          18          13   4.34335135E-02   3.91763933E-02 -0.500000000    
          18          14   3.52276601E-02   3.80154997E-02 -0.500000000    
          18          15   2.98652109E-02   3.71873677E-02 -0.500000000    
          18          16   2.71184631E-02   3.67335454E-02 -0.500000000    
          18          17   2.66973227E-02   3.66683826E-02 -0.500000000    
          18          18   2.86881477E-02   3.69934849E-02 -0.500000000    
          18          19   3.31390351E-02   3.76999453E-02 -0.500000000    
          18          20   4.03720066E-02   3.87660451E-02 -0.500000000    
          18          21   5.05903326E-02   4.01419587E-02 -0.500000000    
          18          22   6.39707893E-02   4.16203886E-02 -0.500000000    
          18          23   8.16505924E-02   4.21524681E-02 -0.500000000    
          18          24  0.102928750       3.87357995E-02 -0.500000000    
          18          25  0.116101123       3.27418409E-02 -0.500000000    
          18          26  0.113339677       3.65543664E-02 -0.500000000    
          18          27   1.07810590E-02   3.98234092E-02 -0.500000000    
          18          28  -4.65433523E-02   2.71561109E-02 -0.500000000    
          18          29   4.14662398E-02   9.27813817E-03 -0.500000000    
          18          30   2.85058003E-02  -9.44482163E-03 -0.500000000    
          18          31   2.86066998E-02  -2.68246476E-02 -0.500000000    
          18          32   4.58842665E-02  -4.19086330E-02 -0.500000000    
          18          33   2.93542705E-02  -4.83904406E-02 -0.500000000    
          19           1 -0.118029237      -3.59683894E-02 -0.500000000    
          19           2  -4.41381373E-02  -2.88931020E-02 -0.500000000    
          19           3   2.10695975E-02  -1.54314237E-02 -0.500000000    
          19           4   8.16028863E-02  -1.14575645E-03 -0.500000000    
          19           5   9.44818407E-02   1.43478820E-02 -0.500000000    
          19           6  -1.53023209E-02   3.03455293E-02 -0.500000000    
          19           7   3.08678430E-02   4.12513167E-02 -0.500000000    
          19           8  0.108496897       3.75343077E-02 -0.500000000    
          19           9  0.107142121       3.43479849E-02 -0.500000000    
          19          10   9.48129296E-02   3.92200947E-02 -0.500000000    
          19          11   7.55757540E-02   4.17541862E-02 -0.500000000    
          19          12   5.98865896E-02   4.11488749E-02 -0.500000000    
          19          13   4.82738987E-02   3.98472361E-02 -0.500000000    
          19          14   3.99886928E-02   3.87053676E-02 -0.500000000    
          19          15   3.42178233E-02   3.78904976E-02 -0.500000000    
          19          16   3.14785950E-02   3.74442041E-02 -0.500000000    
          19          17   3.09215002E-02   3.73804159E-02 -0.500000000    
          19          18   3.31390537E-02   3.76999453E-02 -0.500000000    
          19          19   3.76178436E-02   3.83941345E-02 -0.500000000    
          19          20   4.52999398E-02   3.94431129E-02 -0.500000000    
          19          21   5.56301214E-02   4.07957509E-02 -0.500000000    
          19          22   6.89311400E-02   4.22690585E-02 -0.500000000    
          19          23   8.61298740E-02   4.29001637E-02 -0.500000000    
          19          24  0.106741846       3.97129245E-02 -0.500000000    
          19          25  0.119224541       3.32221277E-02 -0.500000000    
          19          26  0.117694281       3.60756442E-02 -0.500000000    
          19          27   1.71999075E-02   4.01375778E-02 -0.500000000    
          19          28  -6.21817820E-02   2.82205995E-02 -0.500000000    
          19          29   1.97385401E-02   9.83978063E-03 -0.500000000    
          19          30   1.88714620E-02  -1.00767957E-02 -0.500000000    
          19          31   3.71544622E-02  -2.88330130E-02 -0.500000000    
          19          32   7.15927631E-02  -4.50728908E-02 -0.500000000    
          19          33   5.74586950E-02  -5.27508855E-02 -0.500000000    
          20           1  -8.35310221E-02  -4.32163812E-02 -0.500000000    
          20           2  -1.74878519E-02  -3.36338319E-02 -0.500000000    
          20           3   2.08455715E-02  -1.80755779E-02 -0.500000000    
          20           4   6.07956424E-02  -1.59773778E-03 -0.500000000    
          20           5   5.87258525E-02   1.54394498E-02 -0.500000000    
          20           6  -3.47322486E-02   3.20769884E-02 -0.500000000    
          20           7   4.04142849E-02   4.16541174E-02 -0.500000000    
          20           8  0.114626363       3.69739421E-02 -0.500000000    
          20           9  0.113094687       3.51706408E-02 -0.500000000    
          20          10  0.101050772       4.06282209E-02 -0.500000000    
          20          11   8.24295953E-02   4.28691246E-02 -0.500000000    
          20          12   6.76532909E-02   4.21492383E-02 -0.500000000    
          20          13   5.60779944E-02   4.08584401E-02 -0.500000000    
          20          14   4.75361831E-02   3.97433899E-02 -0.500000000    
          20          15   4.17666025E-02   3.89533043E-02 -0.500000000    
          20          16   3.86182815E-02   3.85174043E-02 -0.500000000    
          20          17   3.82873975E-02   3.84569988E-02 -0.500000000    
          20          18   4.03720513E-02   3.87660302E-02 -0.500000000    
          20          19   4.52998579E-02   3.94431092E-02 -0.500000000    
          20          20   5.30142710E-02   4.04603183E-02 -0.500000000    
          20          21   6.33288175E-02   4.17792909E-02 -0.500000000    
          20          22   7.64522254E-02   4.32415828E-02 -0.500000000    
          20          23   9.24648643E-02   4.40097488E-02 -0.500000000    
          20          24  0.111855581       4.12072726E-02 -0.500000000    
          20          25  0.123362914       3.41183506E-02 -0.500000000    
          20          26  0.122522220       3.53271477E-02 -0.500000000    
          20          27   2.81354729E-02   4.03794348E-02 -0.500000000    
          20          28  -8.16040784E-02   2.97489222E-02 -0.500000000    
          20          29  -1.48089258E-02   1.06821004E-02 -0.500000000    
          20          30   4.46810946E-03  -1.10010449E-02 -0.500000000    
          20          31   5.11812046E-02  -3.18629481E-02 -0.500000000    
          20          32  0.111080363      -4.98359837E-02 -0.500000000    
          20          33  0.101809271      -5.93722314E-02 -0.500000000    
          21           1  -2.80946475E-02  -5.26361279E-02 -0.500000000    
          21           2   2.13413555E-02  -3.98164578E-02 -0.500000000    
          21           3   2.22032145E-02  -2.15464570E-02 -0.500000000    
          21           4   3.15377265E-02  -2.13983981E-03 -0.500000000    
          21           5   6.91276602E-03   1.68804768E-02 -0.500000000    
          21           6  -5.42316586E-02   3.41563560E-02 -0.500000000    
          21           7   5.36350161E-02   4.17559855E-02 -0.500000000    
          21           8  0.119912781       3.62539366E-02 -0.500000000    
          21           9  0.119582668       3.65226083E-02 -0.500000000    
          21          10  0.108687006       4.24880274E-02 -0.500000000    
          21          11   9.14009064E-02   4.42994833E-02 -0.500000000    
          21          12   7.76397064E-02   4.34428789E-02 -0.500000000    
          21          13   6.65384233E-02   4.21681479E-02 -0.500000000    
          21          14   5.78589067E-02   4.10869271E-02 -0.500000000    
          21          15   5.19842468E-02   4.03218120E-02 -0.500000000    
          21          16   4.87864539E-02   3.99014242E-02 -0.500000000    
          21          17   4.83612865E-02   3.98413651E-02 -0.500000000    
          21          18   5.05901687E-02   4.01419811E-02 -0.500000000    
          21          19   5.56301698E-02   4.07957248E-02 -0.500000000    
          21          20   6.33288398E-02   4.17792834E-02 -0.500000000    
          21          21   7.36760721E-02   4.30578552E-02 -0.500000000    
          21          22   8.60696435E-02   4.44996282E-02 -0.500000000    
          21          23  0.100300573       4.54251915E-02 -0.500000000    
          21          24  0.117494971       4.31717150E-02 -0.500000000    
          21          25  0.127419904       3.56099382E-02 -0.500000000    
          21          26  0.126253888       3.43835577E-02 -0.500000000    
          21          27   4.35430743E-02   4.02297899E-02 -0.500000000    
          21          28  -9.80497375E-02   3.15200537E-02 -0.500000000    
          21          29  -6.07234314E-02   1.17510697E-02 -0.500000000    
          21          30  -1.22869825E-02  -1.21512869E-02 -0.500000000    
          21          31   7.10396022E-02  -3.58146392E-02 -0.500000000    
          21          32  0.162695602      -5.60501143E-02 -0.500000000    
          21          33  0.162294164      -6.80737644E-02 -0.500000000    
          22           1   5.05535826E-02  -6.38192892E-02 -0.500000000    
          22           2   7.18635917E-02  -4.72522490E-02 -0.500000000    
          22           3   2.61060596E-02  -2.57292539E-02 -0.500000000    
          22           4  -5.05561195E-03  -2.74060760E-03 -0.500000000    
          22           5  -5.85902110E-02   1.85898263E-02 -0.500000000    
          22           6  -6.58141524E-02   3.62183675E-02 -0.500000000    
          22           7   6.88801929E-02   4.11916412E-02 -0.500000000    
          22           8  0.122827850       3.55630443E-02 -0.500000000    
          22           9  0.124976188       3.85559015E-02 -0.500000000    
          22          10  0.115743265       4.46888246E-02 -0.500000000    
          22          11  0.101417236       4.59235981E-02 -0.500000000    
          22          12   8.96250084E-02   4.49069515E-02 -0.500000000    
          22          13   7.94227868E-02   4.36266735E-02 -0.500000000    
          22          14   7.11723566E-02   4.25582677E-02 -0.500000000    
          22          15   6.53402284E-02   4.17990349E-02 -0.500000000    
          22          16   6.21528327E-02   4.13808748E-02 -0.500000000    
          22          17   6.17278814E-02   4.13209572E-02 -0.500000000    
          22          18   6.39706552E-02   4.16204035E-02 -0.500000000    
          22          19   6.89310879E-02   4.22690585E-02 -0.500000000    
          22          20   7.64521435E-02   4.32415605E-02 -0.500000000    
          22          21   8.60696435E-02   4.44996022E-02 -0.500000000    
          22          22   9.69733894E-02   4.59386148E-02 -0.500000000    
          22          23  0.108510152       4.70413119E-02 -0.500000000    
          22          24  0.122037366       4.54946458E-02 -0.500000000    
          22          25  0.129765809       3.78675647E-02 -0.500000000    
          22          26  0.126164153       3.34680006E-02 -0.500000000    
          22          27   6.11737221E-02   3.92891169E-02 -0.500000000    
          22          28 -0.101165794       3.31287161E-02 -0.500000000    
          22          29 -0.113193892       1.28981629E-02 -0.500000000    
          22          30  -2.77200751E-02  -1.34451659E-02 -0.500000000    
          22          31   9.67911929E-02  -4.05354351E-02 -0.500000000    
          22          32  0.222687036      -6.35491535E-02 -0.500000000    
          22          33  0.237029001      -7.85709620E-02 -0.500000000    
          23           1  0.148837388      -7.62624443E-02 -0.500000000    
          23           2  0.130534828      -5.57400882E-02 -0.500000000    
          23           3   3.44282389E-02  -3.04536242E-02 -0.500000000    
          23           4  -4.47080545E-02  -3.40675144E-03 -0.500000000    
          23           5 -0.126109228       2.03494746E-02 -0.500000000    
          23           6  -6.12297878E-02   3.76487896E-02 -0.500000000    
          23           7   8.21234286E-02   3.95889692E-02 -0.500000000    
          23           8  0.121228173       3.52189392E-02 -0.500000000    
          23           9  0.127621949       4.11989912E-02 -0.500000000    
          23          10  0.121209919       4.68356311E-02 -0.500000000    
          23          11  0.111492813       4.72537652E-02 -0.500000000    
          23          12  0.103056952       4.59114313E-02 -0.500000000    
          23          13   9.49846953E-02   4.44484167E-02 -0.500000000    
          23          14   8.79733190E-02   4.32317965E-02 -0.500000000    
          23          15   8.29667449E-02   4.23588380E-02 -0.500000000    
          23          16   8.00191239E-02   4.18749116E-02 -0.500000000    
          23          17   7.97143728E-02   4.18050773E-02 -0.500000000    
          23          18   8.16506743E-02   4.21524197E-02 -0.500000000    
          23          19   8.61297697E-02   4.29001972E-02 -0.500000000    
          23          20   9.24648270E-02   4.40098234E-02 -0.500000000    
          23          21  0.100300491       4.54252064E-02 -0.500000000    
          23          22  0.108510159       4.70412709E-02 -0.500000000    
          23          23  0.116014116       4.84667011E-02 -0.500000000    
          23          24  0.123967938       4.78349663E-02 -0.500000000    
          23          25  0.128030941       4.08697836E-02 -0.500000000    
          23          26  0.120187044       3.29983681E-02 -0.500000000    
          23          27   7.75619373E-02   3.71659026E-02 -0.500000000    
          23          28  -8.09219778E-02   3.39279287E-02 -0.500000000    
          23          29 -0.154457480       1.38476482E-02 -0.500000000    
          23          30  -3.67070735E-02  -1.48362126E-02 -0.500000000    
          23          31  0.126758054      -4.58200872E-02 -0.500000000    
          23          32  0.285203993      -7.21673518E-02 -0.500000000    
          23          33  0.322092980      -9.04528722E-02 -0.500000000    
          24           1  0.257218868      -8.94519836E-02 -0.500000000    
          24           2  0.191083357      -6.50705993E-02 -0.500000000    
          24           3   4.87122573E-02  -3.55000980E-02 -0.500000000    
          24           4  -7.91165382E-02  -4.29793121E-03 -0.500000000    
          24           5 -0.164720684       2.16200631E-02 -0.500000000    
          24           6  -3.62341329E-02   3.74605991E-02 -0.500000000    
          24           7   8.83985832E-02   3.64907570E-02 -0.500000000    
          24           8  0.114754334       3.51472981E-02 -0.500000000    
          24           9  0.126818687       4.32493128E-02 -0.500000000    
          24          10  0.126116663       4.71443459E-02 -0.500000000    
          24          11  0.123214707       4.61049192E-02 -0.500000000    
          24          12  0.119148269       4.38939072E-02 -0.500000000    
          24          13  0.113792315       4.18118536E-02 -0.500000000    
          24          14  0.108301930       4.01552431E-02 -0.500000000    
          24          15  0.104007296       3.90023887E-02 -0.500000000    
          24          16  0.101476073       3.83792222E-02 -0.500000000    
          24          17  0.101093538       3.82894799E-02 -0.500000000    
          24          18  0.102928624       3.87357846E-02 -0.500000000    
          24          19  0.106741764       3.97129543E-02 -0.500000000    
          24          20  0.111855373       4.12072800E-02 -0.500000000    
          24          21  0.117494896       4.31716889E-02 -0.500000000    
          24          22  0.122037321       4.54946458E-02 -0.500000000    
          24          23  0.123967782       4.78349328E-02 -0.500000000    
          24          24  0.123679914       4.87309285E-02 -0.500000000    
          24          25  0.121258885       4.36873958E-02 -0.500000000    
          24          26  0.108296476       3.32063735E-02 -0.500000000    
          24          27   8.69575813E-02   3.35190259E-02 -0.500000000    
          24          28  -3.36429700E-02   3.29816937E-02 -0.500000000    
          24          29 -0.152316466       1.40747530E-02 -0.500000000    
          24          30  -3.23540084E-02  -1.63943823E-02 -0.500000000    
          24          31  0.157377422      -5.14327139E-02 -0.500000000    
          24          32  0.343228638      -8.17297846E-02 -0.500000000    
          24          33  0.412439883     -0.103152327     -0.500000000    
          25           1  0.364028245     -0.102902412     -0.500000000    
          25           2  0.245286956      -7.50017986E-02 -0.500000000    
          25           3   6.84846044E-02  -4.06925976E-02 -0.500000000    
          25           4  -9.15155038E-02  -5.96700888E-03 -0.500000000    
          25           5 -0.131602526       2.09326372E-02 -0.500000000    
          25           6   1.09283794E-02   3.34575735E-02 -0.500000000    
          25           7   8.91288295E-02   3.00555117E-02 -0.500000000    
          25           8  0.107996225       3.25392447E-02 -0.500000000    
          25           9  0.123260424       4.01988700E-02 -0.500000000    
          25          10  0.127668023       4.11205478E-02 -0.500000000    
          25          11  0.129744872       3.86898741E-02 -0.500000000    
          25          12  0.128480569       3.62613611E-02 -0.500000000    
          25          13  0.124790810       3.45394649E-02 -0.500000000    
          25          14  0.120544314       3.34662981E-02 -0.500000000    
          25          15  0.116967209       3.28649879E-02 -0.500000000    
          25          16  0.114872314       3.25870626E-02 -0.500000000    
          25          17  0.114524089       3.25502977E-02 -0.500000000    
          25          18  0.116100729       3.27418335E-02 -0.500000000    
          25          19  0.119224250       3.32220756E-02 -0.500000000    
          25          20  0.123362735       3.41183208E-02 -0.500000000    
          25          21  0.127419814       3.56099680E-02 -0.500000000    
          25          22  0.129765630       3.78675498E-02 -0.500000000    
          25          23  0.128030971       4.08697017E-02 -0.500000000    
          25          24  0.121258855       4.36873399E-02 -0.500000000    
          25          25  0.112299420       4.22257446E-02 -0.500000000    
          25          26   9.58896130E-02   3.20774950E-02 -0.500000000    
          25          27   8.92128795E-02   2.72678118E-02 -0.500000000    
          25          28   3.66242491E-02   2.86030769E-02 -0.500000000    
          25          29  -7.61431977E-02   1.24673964E-02 -0.500000000    
          25          30  -8.63498170E-03  -1.85348149E-02 -0.500000000    
          25          31  0.183905989      -5.71632832E-02 -0.500000000    
          25          32  0.390266269      -9.19820890E-02 -0.500000000    
          25          33  0.503453851     -0.115894027     -0.500000000    
          26           1  0.458805352     -0.116059549     -0.500000000    
          26           2  0.282290101      -8.52838010E-02 -0.500000000    
          26           3   9.05701444E-02  -4.64281067E-02 -0.500000000    
          26           4  -5.07623777E-02  -1.06876036E-02 -0.500000000    
          26           5   4.74954897E-04   1.32419541E-02 -0.500000000    
          26           6   9.03921798E-02   1.89113170E-02 -0.500000000    
          26           7   9.43084955E-02   1.48058068E-02 -0.500000000    
          26           8   9.82186496E-02   2.25605890E-02 -0.500000000    
          26           9  0.108540088       3.05813216E-02 -0.500000000    
          26          10  0.117638774       3.25636268E-02 -0.500000000    
          26          11  0.124796197       3.31870727E-02 -0.500000000    
          26          12  0.126651779       3.40527184E-02 -0.500000000    
          26          13  0.124127388       3.50280814E-02 -0.500000000    
          26          14  0.119247131       3.58543657E-02 -0.500000000    
          26          15  0.114652254       3.64252329E-02 -0.500000000    
          26          16  0.111582659       3.67244929E-02 -0.500000000    
          26          17  0.111161359       3.67663130E-02 -0.500000000    
          26          18  0.113338813       3.65544185E-02 -0.500000000    
          26          19  0.117693476       3.60757150E-02 -0.500000000    
          26          20  0.122521445       3.53271775E-02 -0.500000000    
          26          21  0.126253396       3.43836360E-02 -0.500000000    
          26          22  0.126163810       3.34680341E-02 -0.500000000    
          26          23  0.120187134       3.29983979E-02 -0.500000000    
          26          24  0.108296648       3.32063586E-02 -0.500000000    
          26          25   9.58896875E-02   3.20774764E-02 -0.500000000    
          26          26   8.69165435E-02   2.33362187E-02 -0.500000000    
          26          27   9.99834836E-02   1.34392455E-02 -0.500000000    
          26          28  0.134047389       1.55164199E-02 -0.500000000    
          26          29   7.64951110E-02   5.62080275E-03 -0.500000000    
          26          30   4.25416157E-02  -2.27927230E-02 -0.500000000    
          26          31  0.200089782      -6.30842224E-02 -0.500000000    
          26          32  0.420200437     -0.102483630     -0.500000000    
          26          33  0.590516686     -0.127639785     -0.500000000    
          27           1  0.525852263     -0.128341690     -0.500000000    
          27           2  0.295193732      -9.66315642E-02 -0.500000000    
          27           3  0.137971595      -5.71736731E-02 -0.500000000    
          27           4  0.117301114      -2.77888216E-02 -0.500000000    
          27           5  0.244532093      -1.28521845E-02 -0.500000000    
          27           6  0.220332012      -1.14174243E-02 -0.500000000    
          27           7  0.130998507      -3.38668842E-03 -0.500000000    
          27           8  0.102876730       1.72459483E-02 -0.500000000    
          27           9   9.13101509E-02   3.03124748E-02 -0.500000000    
          27          10   8.19255114E-02   3.59300412E-02 -0.500000000    
          27          11   6.71726763E-02   3.87112051E-02 -0.500000000    
          27          12   4.90890928E-02   4.00221236E-02 -0.500000000    
          27          13   3.28782536E-02   4.03913260E-02 -0.500000000    
          27          14   2.04062220E-02   4.02408093E-02 -0.500000000    
          27          15   1.23405587E-02   3.99199501E-02 -0.500000000    
          27          16   8.54833238E-03   3.96777913E-02 -0.500000000    
          27          17   7.78666697E-03   3.96368168E-02 -0.500000000    
          27          18   1.07792886E-02   3.98233309E-02 -0.500000000    
          27          19   1.71982720E-02   4.01374772E-02 -0.500000000    
          27          20   2.81336978E-02   4.03793268E-02 -0.500000000    
          27          21   4.35414389E-02   4.02298048E-02 -0.500000000    
          27          22   6.11721575E-02   3.92891318E-02 -0.500000000    
          27          23   7.75609612E-02   3.71658839E-02 -0.500000000    
          27          24   8.69571790E-02   3.35190669E-02 -0.500000000    
          27          25   8.92126933E-02   2.72678733E-02 -0.500000000    
          27          26   9.99834388E-02   1.34392353E-02 -0.500000000    
          27          27  0.147360504      -8.31395015E-03 -0.500000000    
          27          28  0.277689964      -1.52828740E-02 -0.500000000    
          27          29  0.307156086      -1.71302650E-02 -0.500000000    
          27          30  0.166614026      -3.58264819E-02 -0.500000000    
          27          31  0.211404011      -7.13809133E-02 -0.500000000    
          27          32  0.424086690     -0.112841509     -0.500000000    
          27          33  0.660472810     -0.137234882     -0.500000000    
          28           1  0.554809034     -0.141157791     -0.500000000    
          28           2  0.369392365     -0.116124831     -0.500000000    
          28           3  0.351022333      -8.60264897E-02 -0.500000000    
          28           4  0.529793501      -6.36487156E-02 -0.500000000    
          28           5  0.625749767      -4.77698706E-02 -0.500000000    
          28           6  0.440172702      -3.40011492E-02 -0.500000000    
          28           7  0.218141302      -4.80569433E-03 -0.500000000    
          28           8   7.92522132E-02   2.12405305E-02 -0.500000000    
          28           9  -1.12676797E-02   3.13109979E-02 -0.500000000    
          28          10  -6.82738125E-02   3.37832794E-02 -0.500000000    
          28          11  -9.73951072E-02   3.35181393E-02 -0.500000000    
          28          12 -0.101120099       3.21003981E-02 -0.500000000    
          28          13  -8.79413560E-02   3.03273890E-02 -0.500000000    
          28          14  -6.84100091E-02   2.86866818E-02 -0.500000000    
          28          15  -5.10890931E-02   2.74509545E-02 -0.500000000    
          28          16  -4.04056758E-02   2.67565548E-02 -0.500000000    
          28          17  -3.89363356E-02   2.66554020E-02 -0.500000000    
          28          18  -4.65400182E-02   2.71560419E-02 -0.500000000    
          28          19  -6.21791855E-02   2.82205120E-02 -0.500000000    
          28          20  -8.16025957E-02   2.97488291E-02 -0.500000000    
          28          21  -9.80495960E-02   3.15198898E-02 -0.500000000    
          28          22 -0.101167306       3.31286564E-02 -0.500000000    
          28          23  -8.09241533E-02   3.39278281E-02 -0.500000000    
          28          24  -3.36450525E-02   3.29816304E-02 -0.500000000    
          28          25   3.66223902E-02   2.86030546E-02 -0.500000000    
          28          26  0.134046048       1.55165577E-02 -0.500000000    
          28          27  0.277689427      -1.52827660E-02 -0.500000000    
          28          28  0.502923310      -4.66975980E-02 -0.500000000    
          28          29  0.644238234      -5.76131828E-02 -0.500000000    
          28          30  0.486239642      -7.03751445E-02 -0.500000000    
          28          31  0.325680852      -9.30278823E-02 -0.500000000    
          28          32  0.434568346     -0.125682384     -0.500000000    
          28          33  0.677250504     -0.144610614     -0.500000000    
          29           1  0.717434525     -0.163110107     -0.500000000    
          29           2  0.679684937     -0.145440027     -0.500000000    
          29           3  0.769895792     -0.109266207     -0.500000000    
          29           4  0.967603803      -7.71127716E-02 -0.500000000    
          29           5  0.923717499      -6.38174638E-02 -0.500000000    
          29           6  0.538010299      -4.39610630E-02 -0.500000000    
          29           7  0.190965757      -9.46022198E-03 -0.500000000    
          29           8  -2.65127663E-02   8.88886955E-03 -0.500000000    
          29           9 -0.136583775       1.35615394E-02 -0.500000000    
          29          10 -0.160393670       1.40191875E-02 -0.500000000    
          29          11 -0.129409730       1.32537726E-02 -0.500000000    
          29          12  -7.83268809E-02   1.21328710E-02 -0.500000000    
          29          13  -2.87495926E-02   1.10205747E-02 -0.500000000    
          29          14   9.59352031E-03   1.00900158E-02 -0.500000000    
          29          15   3.55609767E-02   9.43255704E-03 -0.500000000    
          29          16   4.92421389E-02   9.07317735E-03 -0.500000000    
          29          17   5.10524064E-02   9.02182981E-03 -0.500000000    
          29          18   4.14712876E-02   9.27830953E-03 -0.500000000    
          29          19   1.97435245E-02   9.84001532E-03 -0.500000000    
          29          20  -1.48042152E-02   1.06822262E-02 -0.500000000    
          29          21  -6.07195385E-02   1.17511991E-02 -0.500000000    
          29          22 -0.113191567       1.28982272E-02 -0.500000000    
          29          23 -0.154457018       1.38476314E-02 -0.500000000    
          29          24 -0.152318284       1.40747130E-02 -0.500000000    
          29          25  -7.61467069E-02   1.24673629E-02 -0.500000000    
          29          26   7.64918327E-02   5.62082091E-03 -0.500000000    
          29          27  0.307153434      -1.71301477E-02 -0.500000000    
          29          28  0.644236863      -5.76131158E-02 -0.500000000    
          29          29  0.972356796      -8.05965215E-02 -0.500000000    
          29          30  0.941786587      -9.76026878E-02 -0.500000000    
          29          31  0.690332472     -0.125737727     -0.500000000    
          29          32  0.639077127     -0.149466366     -0.500000000    
          29          33  0.700990319     -0.155894712     -0.500000000    
          30           1   1.17546761     -0.176836416     -0.500000000    
          30           2  0.819799781     -0.136240125     -0.500000000    
          30           3  0.790414095      -9.59384069E-02 -0.500000000    
          30           4  0.929048002      -7.89777860E-02 -0.500000000    
          30           5  0.850219131      -8.50325972E-02 -0.500000000    
          30           6  0.372764438      -6.06795773E-02 -0.500000000    
          30           7   9.74821821E-02  -3.10339555E-02 -0.500000000    
          30           8   4.19511739E-03  -2.03486942E-02 -0.500000000    
          30           9  -2.74820514E-02  -1.70759857E-02 -0.500000000    
          30          10  -3.70980501E-02  -1.53331207E-02 -0.500000000    
          30          11  -3.19590867E-02  -1.39001552E-02 -0.500000000    
          30          12  -1.77538153E-02  -1.25680519E-02 -0.500000000    
          30          13  -9.09203663E-04  -1.13633079E-02 -0.500000000    
          30          14   1.43769439E-02  -1.03554111E-02 -0.500000000    
          30          15   2.59849280E-02  -9.61832423E-03 -0.500000000    
          30          16   3.21591571E-02  -9.20734461E-03 -0.500000000    
          30          17   3.32654007E-02  -9.14585870E-03 -0.500000000    
          30          18   2.85069328E-02  -9.44420509E-03 -0.500000000    
          30          19   1.88726690E-02  -1.00761931E-02 -0.500000000    
          30          20   4.46896721E-03  -1.10004880E-02 -0.500000000    
          30          21  -1.22867208E-02  -1.21508222E-02 -0.500000000    
          30          22  -2.77205743E-02  -1.34448940E-02 -0.500000000    
          30          23  -3.67084853E-02  -1.48359733E-02 -0.500000000    
          30          24  -3.23562659E-02  -1.63942762E-02 -0.500000000    
          30          25  -8.63787904E-03  -1.85347311E-02 -0.500000000    
          30          26   4.25379947E-02  -2.27926373E-02 -0.500000000    
          30          27  0.166610345      -3.58264185E-02 -0.500000000    
          30          28  0.486236453      -7.03750923E-02 -0.500000000    
          30          29  0.941785157      -9.76027176E-02 -0.500000000    
          30          30  0.953964233      -9.68796983E-02 -0.500000000    
          30          31  0.805152178     -0.119185343     -0.500000000    
          30          32  0.890397429     -0.154861271     -0.500000000    
          30          33   1.18119311     -0.180324301     -0.500000000    
          31           1  0.880379677     -0.131958678     -0.500000000    
          31           2  0.738497972     -0.114965446     -0.500000000    
          31           3  0.709644258     -0.102711834     -0.500000000    
          31           4  0.792184830     -0.110959657     -0.500000000    
          31           5  0.643375039     -0.117738456     -0.500000000    
          31           6  0.307437927      -8.69767964E-02 -0.500000000    
          31           7  0.205381334      -6.73024505E-02 -0.500000000    
          31           8  0.187821075      -5.92858903E-02 -0.500000000    
          31           9  0.166332901      -5.33519462E-02 -0.500000000    
          31          10  0.136969730      -4.76674438E-02 -0.500000000    
          31          11  0.106433660      -4.22445871E-02 -0.500000000    
          31          12   7.90552273E-02  -3.73114534E-02 -0.500000000    
          31          13   5.70750050E-02  -3.30841541E-02 -0.500000000    
          31          14   4.12096791E-02  -2.97321845E-02 -0.500000000    
          31          15   3.08780074E-02  -2.73756832E-02 -0.500000000    
          31          16   2.55838335E-02  -2.60852110E-02 -0.500000000    
          31          17   2.48394925E-02  -2.59004962E-02 -0.500000000    
          31          18   2.85962150E-02  -2.68238485E-02 -0.500000000    
          31          19   3.71437743E-02  -2.88322885E-02 -0.500000000    
          31          20   5.11701517E-02  -3.18622850E-02 -0.500000000    
          31          21   7.10289255E-02  -3.58140916E-02 -0.500000000    
          31          22   9.67810974E-02  -4.05349508E-02 -0.500000000    
          31          23  0.126749039      -4.58197221E-02 -0.500000000    
          31          24  0.157369345      -5.14323860E-02 -0.500000000    
          31          25  0.183899507      -5.71629815E-02 -0.500000000    
          31          26  0.200084805      -6.30840361E-02 -0.500000000    
          31          27  0.211399972      -7.13809133E-02 -0.500000000    
          31          28  0.325677395      -9.30277854E-02 -0.500000000    
          31          29  0.690329969     -0.125737682     -0.500000000    
          31          30  0.805151224     -0.119185291     -0.500000000    
          31          31  0.737665355     -0.114134364     -0.500000000    
          31          32  0.840547860     -0.127865627     -0.500000000    
          31          33   1.04528391     -0.145989209     -0.500000000    
          32           1  0.579065740     -0.105779558     -0.500000000    
          32           2  0.577834666     -0.110715210     -0.500000000    
          32           3  0.887856424     -0.128513247     -0.500000000    
          32           4  0.896444738     -0.155892581     -0.500000000    
          32           5  0.616255581     -0.146619365     -0.500000000    
          32           6  0.429977417     -0.120843247     -0.500000000    
          32           7  0.414891034     -0.106518939     -0.500000000    
          32           8  0.400039494      -9.55360830E-02 -0.500000000    
          32           9  0.360102862      -8.50912035E-02 -0.500000000    
          32          10  0.305354387      -7.52597004E-02 -0.500000000    
          32          11  0.243578404      -6.63054436E-02 -0.500000000    
          32          12  0.181983903      -5.84151335E-02 -0.500000000    
          32          13  0.127044916      -5.17536514E-02 -0.500000000    
          32          14   8.32478106E-02  -4.64889780E-02 -0.500000000    
          32          15   5.28514497E-02  -4.27774824E-02 -0.500000000    
          32          16   3.65290567E-02  -4.07404751E-02 -0.500000000    
          32          17   3.41910981E-02  -4.04472686E-02 -0.500000000    
          32          18   4.58525866E-02  -4.19077836E-02 -0.500000000    
          32          19   7.15615377E-02  -4.50722612E-02 -0.500000000    
          32          20  0.111050487      -4.98353727E-02 -0.500000000    
          32          21  0.162667647      -5.60496822E-02 -0.500000000    
          32          22  0.222662941      -6.35488853E-02 -0.500000000    
          32          23  0.285183966      -7.21671060E-02 -0.500000000    
          32          24  0.343212783      -8.17296505E-02 -0.500000000    
          32          25  0.390254378      -9.19821039E-02 -0.500000000    
          32          26  0.420191020     -0.102483608     -0.500000000    
          32          27  0.424079686     -0.112841465     -0.500000000    
          32          28  0.434563369     -0.125682294     -0.500000000    
          32          29  0.639074147     -0.149466351     -0.500000000    
          32          30  0.890396178     -0.154861346     -0.500000000    
          32          31  0.840548396     -0.127865687     -0.500000000    
          32          32  0.570694804     -0.115153477     -0.500000000    
          32          33  0.652036488     -0.113042481     -0.500000000    
          33           1  0.483310133      -8.78990963E-02 -0.500000000    
          33           2  0.682839572     -0.110596076     -0.500000000    
          33           3   1.06022131     -0.150406569     -0.500000000    
          33           4   1.14710164     -0.184658885     -0.500000000    
          33           5  0.687192798     -0.157169178     -0.500000000    
          33           6  0.643018603     -0.141830817     -0.500000000    
          33           7  0.608812213     -0.131401584     -0.500000000    
          33           8  0.532190800     -0.120003998     -0.500000000    
          33           9  0.442813694     -0.107441984     -0.500000000    
          33          10  0.351851135      -9.46286619E-02 -0.500000000    
          33          11  0.264450461      -8.24021026E-02 -0.500000000    
          33          12  0.185743302      -7.13904724E-02 -0.500000000    
          33          13  0.120190829      -6.20527491E-02 -0.500000000    
          33          14   7.03725219E-02  -5.47130331E-02 -0.500000000    
          33          15   3.69104296E-02  -4.95841019E-02 -0.500000000    
          33          16   1.92638915E-02  -4.67902012E-02 -0.500000000    
          33          17   1.67696588E-02  -4.63891886E-02 -0.500000000    
          33          18   2.93079056E-02  -4.83893454E-02 -0.500000000    
          33          19   5.74129075E-02  -5.27499840E-02 -0.500000000    
          33          20  0.101765104      -5.93715385E-02 -0.500000000    
          33          21  0.162253916      -6.80733472E-02 -0.500000000    
          33          22  0.236994773      -7.85709694E-02 -0.500000000    
          33          23  0.322065920      -9.04530361E-02 -0.500000000    
          33          24  0.412419945     -0.103152618     -0.500000000    
          33          25  0.503439724     -0.115894377     -0.500000000    
          33          26  0.590507030     -0.127640024     -0.500000000    
          33          27  0.660465240     -0.137235105     -0.500000000    
          33          28  0.677245259     -0.144610584     -0.500000000    
          33          29  0.700986922     -0.155894741     -0.500000000    
          33          30   1.18119133     -0.180324331     -0.500000000    
          33          31   1.04528356     -0.145989254     -0.500000000    
          33          32  0.652036250     -0.113042548     -0.500000000    
          33          33  0.422585189      -9.40774158E-02 -0.500000000    
