           1           1  0.604290247      -5.82924075E-02 -0.500000000    
           1           2  0.526619852      -7.12026805E-02 -0.500000000    
           1           3  0.566872954      -8.59256983E-02 -0.500000000    
           1           4  0.974421263     -0.123419836     -0.500000000    
           1           5  0.935962021     -0.149120197     -0.500000000    
           1           6  0.451491475     -0.110430405     -0.500000000    
           1           7  0.307943523      -8.14116821E-02 -0.500000000    
           1           8  0.198718578      -6.24087006E-02 -0.500000000    
           1           9   6.09039068E-02  -4.51516584E-02 -0.500000000    
           1          10  -6.07768185E-02  -2.84069348E-02 -0.500000000    
           1          11 -0.138609484      -1.28086777E-02 -0.500000000    
           1          12 -0.171265468       8.39866814E-04 -0.500000000    
           1          13 -0.173086584       1.20043373E-02 -0.500000000    
           1          14 -0.160750747       2.04656664E-02 -0.500000000    
           1          15 -0.146408156       2.62015034E-02 -0.500000000    
           1          16 -0.136996403       2.92637460E-02 -0.500000000    
           1          17 -0.135552555       2.96996329E-02 -0.500000000    
           1          18 -0.142515048       2.75165550E-02 -0.500000000    
           1          19 -0.155748367       2.26785000E-02 -0.500000000    
           1          20 -0.169829771       1.51292002E-02 -0.500000000    
           1          21 -0.174429953       4.85387212E-03 -0.500000000    
           1          22 -0.153976962      -8.00876040E-03 -0.500000000    
           1          23  -9.21119675E-02  -2.30367407E-02 -0.500000000    
           1          24   1.70302242E-02  -3.94884795E-02 -0.500000000    
           1          25  0.158231139      -5.65084629E-02 -0.500000000    
           1          26  0.295627058      -7.36193359E-02 -0.500000000    
           1          27  0.388660401      -9.22737941E-02 -0.500000000    
           1          28  0.524250865     -0.120921060     -0.500000000    
           1          29   1.00779641     -0.156987995     -0.500000000    
           1          30  0.966406167     -0.127380967     -0.500000000    
           1          31  0.597170174      -9.29297581E-02 -0.500000000    
           1          32  0.558021665      -7.34663457E-02 -0.500000000    
           1          33  0.575590074      -5.85042201E-02 -0.500000000    
           2           1  0.526620090      -7.12026730E-02 -0.500000000    
           2           2  0.637922525      -8.21825266E-02 -0.500000000    
           2           3  0.732334614      -8.19598287E-02 -0.500000000    
           2           4  0.956968784      -9.28062499E-02 -0.500000000    
           2           5  0.898322999     -0.111359403     -0.500000000    
           2           6  0.511714995      -9.48047489E-02 -0.500000000    
           2           7  0.251493305      -6.13503344E-02 -0.500000000    
           2           8  0.153760001      -4.34711240E-02 -0.500000000    
           2           9   7.23695680E-02  -3.11813373E-02 -0.500000000    
           2          10  -6.23346400E-03  -2.01290566E-02 -0.500000000    
           2          11  -6.60160854E-02  -9.97007266E-03 -0.500000000    
           2          12 -0.101423964      -9.50020854E-04 -0.500000000    
           2          13 -0.116161749       6.64037839E-03 -0.500000000    
           2          14 -0.118096143       1.25707816E-02 -0.500000000    
           2          15 -0.114600040       1.66962594E-02 -0.500000000    
           2          16 -0.111166753       1.89349800E-02 -0.500000000    
           2          17 -0.110588580       1.92564540E-02 -0.500000000    
           2          18 -0.113267861       1.76538117E-02 -0.500000000    
           2          19 -0.117184356       1.41522689E-02 -0.500000000    
           2          20 -0.117875092       8.81009270E-03 -0.500000000    
           2          21 -0.108243473       1.75198307E-03 -0.500000000    
           2          22  -8.04687664E-02  -6.82095904E-03 -0.500000000    
           2          23  -2.87456792E-02  -1.66336950E-02 -0.500000000    
           2          24   4.58558798E-02  -2.73859780E-02 -0.500000000    
           2          25  0.131717488      -3.88629474E-02 -0.500000000    
           2          26  0.208596244      -5.14499880E-02 -0.500000000    
           2          27  0.297244579      -6.98397234E-02 -0.500000000    
           2          28  0.565558195     -0.104277767     -0.500000000    
           2          29  0.899965286     -0.117626138     -0.500000000    
           2          30  0.910943866      -9.80367139E-02 -0.500000000    
           2          31  0.667277277      -8.74812156E-02 -0.500000000    
           2          32  0.600615323      -8.55976269E-02 -0.500000000    
           2          33  0.505235314      -7.49494657E-02 -0.500000000    
           3           1  0.566873252      -8.59257281E-02 -0.500000000    
           3           2  0.732333839      -8.19598958E-02 -0.500000000    
           3           3  0.687950373      -6.18270859E-02 -0.500000000    
           3           4  0.731017351      -4.95752655E-02 -0.500000000    
           3           5  0.794448376      -6.29948676E-02 -0.500000000    
           3           6  0.481277794      -7.13961348E-02 -0.500000000    
           3           7  0.141312629      -4.12914827E-02 -0.500000000    
           3           8   4.63491194E-02  -2.15994306E-02 -0.500000000    
           3           9   2.75800619E-02  -1.28575191E-02 -0.500000000    
           3          10   2.38368828E-02  -6.57401234E-03 -0.500000000    
           3          11   2.45644823E-02  -1.07821380E-03 -0.500000000    
           3          12   2.71765161E-02   3.66623327E-03 -0.500000000    
           3          13   3.04261111E-02   7.58076645E-03 -0.500000000    
           3          14   3.33965160E-02   1.06018083E-02 -0.500000000    
           3          15   3.53251323E-02   1.26914848E-02 -0.500000000    
           3          16   3.66808884E-02   1.38271693E-02 -0.500000000    
           3          17   3.66832912E-02   1.39877731E-02 -0.500000000    
           3          18   3.60044278E-02   1.31783988E-02 -0.500000000    
           3          19   3.40209305E-02   1.14027690E-02 -0.500000000    
           3          20   3.15408371E-02   8.68848618E-03 -0.500000000    
           3          21   2.83242576E-02   5.06882649E-03 -0.500000000    
           3          22   2.51559019E-02   5.90369047E-04 -0.500000000    
           3          23   2.39152145E-02  -4.65819892E-03 -0.500000000    
           3          24   2.66079586E-02  -1.05477488E-02 -0.500000000    
           3          25   3.52650918E-02  -1.70533489E-02 -0.500000000    
           3          26   6.08387478E-02  -2.59688869E-02 -0.500000000    
           3          27  0.178625643      -4.69686948E-02 -0.500000000    
           3          28  0.561200976      -7.79266953E-02 -0.500000000    
           3          29  0.794035017      -6.68545291E-02 -0.500000000    
           3          30  0.699833333      -5.68077117E-02 -0.500000000    
           3          31  0.690277040      -7.20918402E-02 -0.500000000    
           3          32  0.767561078      -9.28188562E-02 -0.500000000    
           3          33  0.581490040      -9.52881128E-02 -0.500000000    
           4           1  0.974421561     -0.123420015     -0.500000000    
           4           2  0.956967056      -9.28062797E-02 -0.500000000    
           4           3  0.731015921      -4.95752282E-02 -0.500000000    
           4           4  0.690050423      -2.24848278E-02 -0.500000000    
           4           5  0.718441844      -2.45792884E-02 -0.500000000    
           4           6  0.406043887      -3.94885205E-02 -0.500000000    
           4           7   2.55088527E-02  -2.11400725E-02 -0.500000000    
           4           8  -2.96675880E-02  -4.10841225E-04 -0.500000000    
           4           9   8.57530721E-03   6.03347039E-03 -0.500000000    
           4          10   6.19271733E-02   7.47292629E-03 -0.500000000    
           4          11  0.107162014       8.28977861E-03 -0.500000000    
           4          12  0.140255257       9.11846478E-03 -0.500000000    
           4          13  0.161990628       9.93500650E-03 -0.500000000    
           4          14  0.175790220       1.06573571E-02 -0.500000000    
           4          15  0.183488250       1.11986259E-02 -0.500000000    
           4          16  0.186931893       1.15075530E-02 -0.500000000    
           4          17  0.187581867       1.15529690E-02 -0.500000000    
           4          18  0.184960589       1.13298371E-02 -0.500000000    
           4          19  0.178872049       1.08596189E-02 -0.500000000    
           4          20  0.167570129       1.01931067E-02 -0.500000000    
           4          21  0.148363426       9.39455815E-03 -0.500000000    
           4          22  0.119612657       8.56384914E-03 -0.500000000    
           4          23   7.87059665E-02   7.79040623E-03 -0.500000000    
           4          24   2.60981731E-02   7.07576331E-03 -0.500000000    
           4          25  -2.99564451E-02   5.66674396E-03 -0.500000000    
           4          26  -5.37380874E-02  -1.63053616E-03 -0.500000000    
           4          27   6.85295090E-02  -2.58347634E-02 -0.500000000    
           4          28  0.554577470      -4.53557596E-02 -0.500000000    
           4          29  0.788261414      -3.01703047E-02 -0.500000000    
           4          30  0.732020915      -3.42630260E-02 -0.500000000    
           4          31  0.788308084      -6.86143786E-02 -0.500000000    
           4          32   1.02306461     -0.116831280     -0.500000000    
           4          33   1.11237967     -0.148729622     -0.500000000    
           5           1  0.935959160     -0.149120390     -0.500000000    
           5           2  0.898319900     -0.111359432     -0.500000000    
           5           3  0.794446707      -6.29947409E-02 -0.500000000    
           5           4  0.718441427      -2.45791581E-02 -0.500000000    
           5           5  0.759023547      -1.00634275E-02 -0.500000000    
           5           6  0.427138060      -1.19952904E-02 -0.500000000    
           5           7  -3.13467085E-02  -3.54979536E-03 -0.500000000    
           5           8 -0.104879394       1.51703628E-02 -0.500000000    
           5           9  -3.07509042E-02   2.26819683E-02 -0.500000000    
           5          10   6.20737635E-02   2.18992103E-02 -0.500000000    
           5          11  0.135696992       1.95394494E-02 -0.500000000    
           5          12  0.185761720       1.73993222E-02 -0.500000000    
           5          13  0.217696890       1.57481171E-02 -0.500000000    
           5          14  0.236988559       1.45775499E-02 -0.500000000    
           5          15  0.248146787       1.38310911E-02 -0.500000000    
           5          16  0.253233552       1.34478444E-02 -0.500000000    
           5          17  0.254046023       1.33950049E-02 -0.500000000    
           5          18  0.250312418       1.36646610E-02 -0.500000000    
           5          19  0.241581693       1.42855626E-02 -0.500000000    
           5          20  0.225207463       1.53066507E-02 -0.500000000    
           5          21  0.198116794       1.67934671E-02 -0.500000000    
           5          22  0.154894441       1.87874809E-02 -0.500000000    
           5          23   8.93540159E-02   2.12513786E-02 -0.500000000    
           5          24  -1.02883531E-03   2.38331892E-02 -0.500000000    
           5          25  -9.73799080E-02   2.44093854E-02 -0.500000000    
           5          26 -0.124984607       1.47265811E-02 -0.500000000    
           5          27   8.25290084E-02  -8.97706766E-03 -0.500000000    
           5          28  0.624112427      -1.96689162E-02 -0.500000000    
           5          29  0.845733702      -2.09432039E-02 -0.500000000    
           5          30  0.783468068      -4.27565537E-02 -0.500000000    
           5          31  0.852004468      -8.73653442E-02 -0.500000000    
           5          32  0.888544679     -0.130752966     -0.500000000    
           5          33  0.887143433     -0.154174402     -0.500000000    
           6           1  0.451489031     -0.110430494     -0.500000000    
           6           2  0.511712849      -9.48047861E-02 -0.500000000    
           6           3  0.481276423      -7.13961273E-02 -0.500000000    
           6           4  0.406043351      -3.94884869E-02 -0.500000000    
           6           5  0.427138656      -1.19952010E-02 -0.500000000    
           6           6  0.331223100       3.37457797E-03 -0.500000000    
           6           7   9.69052911E-02   9.23549291E-03 -0.500000000    
           6           8  -2.83305906E-02   2.37818193E-02 -0.500000000    
           6           9  -5.51216230E-02   3.49541306E-02 -0.500000000    
           6          10  -3.30255441E-02   3.53288464E-02 -0.500000000    
           6          11   1.46022411E-02   3.19304466E-02 -0.500000000    
           6          12   6.54719174E-02   2.83398200E-02 -0.500000000    
           6          13  0.107932389       2.53682490E-02 -0.500000000    
           6          14  0.139194921       2.31464263E-02 -0.500000000    
           6          15  0.159415737       2.16619708E-02 -0.500000000    
           6          16  0.169474319       2.08727196E-02 -0.500000000    
           6          17  0.171121538       2.07631476E-02 -0.500000000    
           6          18  0.163677156       2.13213135E-02 -0.500000000    
           6          19  0.147167981       2.25728527E-02 -0.500000000    
           6          20  0.119720019       2.45438125E-02 -0.500000000    
           6          21   8.06237757E-02   2.72693336E-02 -0.500000000    
           6          22   3.21489237E-02   3.07200383E-02 -0.500000000    
           6          23  -1.88624170E-02   3.46322730E-02 -0.500000000    
           6          24  -5.60899898E-02   3.79092880E-02 -0.500000000    
           6          25  -5.41790761E-02   3.62255648E-02 -0.500000000    
           6          26   9.35142394E-03   2.10880022E-02 -0.500000000    
           6          27  0.187203094       1.66218914E-03 -0.500000000    
           6          28  0.444794387      -7.04236049E-03 -0.500000000    
           6          29  0.491455376      -2.46807393E-02 -0.500000000    
           6          30  0.441990346      -5.18827513E-02 -0.500000000    
           6          31  0.496318430      -8.05001482E-02 -0.500000000    
           6          32  0.532782257     -0.100896709     -0.500000000    
           6          33  0.525274158     -0.115867652     -0.500000000    
           7           1  0.307945877      -8.14118385E-02 -0.500000000    
           7           2  0.251494497      -6.13504350E-02 -0.500000000    
           7           3  0.141312853      -4.12914976E-02 -0.500000000    
           7           4   2.55087111E-02  -2.11400166E-02 -0.500000000    
           7           5  -3.13460231E-02  -3.54975509E-03 -0.500000000    
           7           6   9.69059914E-02   9.23541375E-03 -0.500000000    
           7           7  0.144464850       1.16089098E-02 -0.500000000    
           7           8  0.107861362       1.97505169E-02 -0.500000000    
           7           9   7.45783672E-02   3.50748412E-02 -0.500000000    
           7          10   4.09414209E-02   4.16203961E-02 -0.500000000    
           7          11   1.88674461E-02   4.16215658E-02 -0.500000000    
           7          12   7.68118305E-03   3.96750197E-02 -0.500000000    
           7          13   4.42303345E-03   3.73778157E-02 -0.500000000    
           7          14   6.09248178E-03   3.53119969E-02 -0.500000000    
           7          15   9.20850504E-03   3.37647945E-02 -0.500000000    
           7          16   1.16265342E-02   3.28925624E-02 -0.500000000    
           7          17   1.19947474E-02   3.27662081E-02 -0.500000000    
           7          18   1.02042649E-02   3.33940238E-02 -0.500000000    
           7          19   7.05154147E-03   3.47284824E-02 -0.500000000    
           7          20   4.68603661E-03   3.66468206E-02 -0.500000000    
           7          21   5.82524855E-03   3.89157906E-02 -0.500000000    
           7          22   1.40302554E-02   4.11478207E-02 -0.500000000    
           7          23   3.12976614E-02   4.26496603E-02 -0.500000000    
           7          24   5.79414554E-02   4.16615084E-02 -0.500000000    
           7          25   9.25212428E-02   3.29948068E-02 -0.500000000    
           7          26  0.124103159       1.42829930E-02 -0.500000000    
           7          27  0.165515572       5.16210310E-03 -0.500000000    
           7          28  0.122892432       3.99560900E-03 -0.500000000    
           7          29  -5.69613650E-04  -7.25735445E-03 -0.500000000    
           7          30   7.21233264E-02  -2.55658049E-02 -0.500000000    
           7          31  0.224476501      -4.95868139E-02 -0.500000000    
           7          32  0.383137465      -7.34683052E-02 -0.500000000    
           7          33  0.461783171      -9.28840861E-02 -0.500000000    
           8           1  0.198728263      -6.24089651E-02 -0.500000000    
           8           2  0.153765604      -4.34712619E-02 -0.500000000    
           8           3   4.63504717E-02  -2.15996299E-02 -0.500000000    
           8           4  -2.96684429E-02  -4.10833047E-04 -0.500000000    
           8           5 -0.104880117       1.51704596E-02 -0.500000000    
           8           6  -2.83297896E-02   2.37818565E-02 -0.500000000    
           8           7  0.107861899       1.97504964E-02 -0.500000000    
           8           8  0.134334803       1.49139129E-02 -0.500000000    
           8           9  0.132429942       2.46361382E-02 -0.500000000    
           8          10  0.117704578       3.37188281E-02 -0.500000000    
           8          11   9.80248973E-02   3.69613022E-02 -0.500000000    
           8          12   7.83209950E-02   3.79338302E-02 -0.500000000    
           8          13   5.95976263E-02   3.81541029E-02 -0.500000000    
           8          14   4.41456102E-02   3.80296074E-02 -0.500000000    
           8          15   3.34407948E-02   3.77878174E-02 -0.500000000    
           8          16   2.75734756E-02   3.76007669E-02 -0.500000000    
           8          17   2.68461555E-02   3.75709161E-02 -0.500000000    
           8          18   3.08715161E-02   3.77125330E-02 -0.500000000    
           8          19   4.00696471E-02   3.79526466E-02 -0.500000000    
           8          20   5.39869703E-02   3.81394625E-02 -0.500000000    
           8          21   7.18526170E-02   3.80787291E-02 -0.500000000    
           8          22   9.13527459E-02   3.75769585E-02 -0.500000000    
           8          23  0.109360501       3.63412611E-02 -0.500000000    
           8          24  0.125419304       3.28951329E-02 -0.500000000    
           8          25  0.136268735       2.31385827E-02 -0.500000000    
           8          26  0.136848778       1.29698450E-02 -0.500000000    
           8          27  0.108057663       1.97999589E-02 -0.500000000    
           8          28  -4.37859111E-02   2.44253743E-02 -0.500000000    
           8          29 -0.131745830       1.36953350E-02 -0.500000000    
           8          30  -2.39960440E-02  -7.68592535E-03 -0.500000000    
           8          31  0.142417908      -3.42531018E-02 -0.500000000    
           8          32  0.320237458      -5.82105555E-02 -0.500000000    
           8          33  0.376237482      -7.53333196E-02 -0.500000000    
           9           1   6.09222092E-02  -4.51521277E-02 -0.500000000    
           9           2   7.23790973E-02  -3.11817396E-02 -0.500000000    
           9           3   2.75821574E-02  -1.28578441E-02 -0.500000000    
           9           4   8.57392699E-03   6.03328692E-03 -0.500000000    
           9           5  -3.07531618E-02   2.26819627E-02 -0.500000000    
           9           6  -5.51215187E-02   3.49542536E-02 -0.500000000    
           9           7   7.45793208E-02   3.50748040E-02 -0.500000000    
           9           8  0.132430077       2.46360842E-02 -0.500000000    
           9           9  0.130300179       2.51954254E-02 -0.500000000    
           9          10  0.117026910       3.07325553E-02 -0.500000000    
           9          11   9.87086520E-02   3.18346024E-02 -0.500000000    
           9          12   8.39534327E-02   3.11848409E-02 -0.500000000    
           9          13   7.15111122E-02   3.06314696E-02 -0.500000000    
           9          14   6.17266558E-02   3.03622521E-02 -0.500000000    
           9          15   5.47121167E-02   3.02548632E-02 -0.500000000    
           9          16   5.08713499E-02   3.02160215E-02 -0.500000000    
           9          17   5.03660366E-02   3.02129518E-02 -0.500000000    
           9          18   5.30708693E-02   3.02360635E-02 -0.500000000    
           9          19   5.90059683E-02   3.03149391E-02 -0.500000000    
           9          20   6.80451319E-02   3.05183586E-02 -0.500000000    
           9          21   7.95068443E-02   3.09974775E-02 -0.500000000    
           9          22   9.30869132E-02   3.19497585E-02 -0.500000000    
           9          23  0.108289361       3.32028791E-02 -0.500000000    
           9          24  0.126337796       3.25236022E-02 -0.500000000    
           9          25  0.137937754       2.62612849E-02 -0.500000000    
           9          26  0.137731269       2.51326915E-02 -0.500000000    
           9          27   6.53655529E-02   3.61545458E-02 -0.500000000    
           9          28  -9.61342975E-02   3.46875526E-02 -0.500000000    
           9          29  -9.30481479E-02   1.94814596E-02 -0.500000000    
           9          30  -2.18823813E-02  -2.58920179E-03 -0.500000000    
           9          31   9.94588882E-02  -2.58969292E-02 -0.500000000    
           9          32  0.234575137      -4.60211672E-02 -0.500000000    
           9          33  0.259017378      -5.87774850E-02 -0.500000000    
          10           1  -6.07547276E-02  -2.84078792E-02 -0.500000000    
          10           2  -6.22116029E-03  -2.01296788E-02 -0.500000000    
          10           3   2.38392167E-02  -6.57450501E-03 -0.500000000    
          10           4   6.19253553E-02   7.47264223E-03 -0.500000000    
          10           5   6.20701201E-02   2.18991451E-02 -0.500000000    
          10           6  -3.30269337E-02   3.53289768E-02 -0.500000000    
          10           7   4.09424864E-02   4.16203775E-02 -0.500000000    
          10           8  0.117704928       3.37187238E-02 -0.500000000    
          10           9  0.117027022       3.07325050E-02 -0.500000000    
          10          10  0.105385721       3.55346985E-02 -0.500000000    
          10          11   8.62300768E-02   3.63739021E-02 -0.500000000    
          10          12   7.02610984E-02   3.42861004E-02 -0.500000000    
          10          13   5.77165671E-02   3.20015028E-02 -0.500000000    
          10          14   4.82169501E-02   3.02559510E-02 -0.500000000    
          10          15   4.15213704E-02   2.91079320E-02 -0.500000000    
          10          16   3.82084772E-02   2.85120271E-02 -0.500000000    
          10          17   3.75638492E-02   2.84282044E-02 -0.500000000    
          10          18   4.01901156E-02   2.88507808E-02 -0.500000000    
          10          19   4.55372818E-02   2.98084319E-02 -0.500000000    
          10          20   5.42846955E-02   3.13578211E-02 -0.500000000    
          10          21   6.57832101E-02   3.35425101E-02 -0.500000000    
          10          22   7.97291100E-02   3.62707190E-02 -0.500000000    
          10          23   9.65214148E-02   3.86709757E-02 -0.500000000    
          10          24  0.116175160       3.74385677E-02 -0.500000000    
          10          25  0.127111793       3.09890918E-02 -0.500000000    
          10          26  0.125183001       3.33936848E-02 -0.500000000    
          10          27   2.78562848E-02   4.16126586E-02 -0.500000000    
          10          28  -7.99954087E-02   3.42913643E-02 -0.500000000    
          10          29  -1.15010226E-02   1.84912514E-02 -0.500000000    
          10          30   6.91531692E-03  -4.64461249E-04 -0.500000000    
          10          31   5.96880987E-02  -1.88091677E-02 -0.500000000    
          10          32  0.134925753      -3.47946510E-02 -0.500000000    
          10          33  0.139173403      -4.30504903E-02 -0.500000000    
          11           1 -0.138592169      -1.28104100E-02 -0.500000000    
          11           2  -6.60045967E-02  -9.97103844E-03 -0.500000000    
          11           3   2.45668832E-02  -1.07876537E-03 -0.500000000    
          11           4  0.107159883       8.28932878E-03 -0.500000000    
          11           5  0.135693237       1.95392314E-02 -0.500000000    
          11           6   1.45989377E-02   3.19304653E-02 -0.500000000    
          11           7   1.88684408E-02   4.16216254E-02 -0.500000000    
          11           8   9.80257019E-02   3.69612239E-02 -0.500000000    
          11           9   9.87088457E-02   3.18345875E-02 -0.500000000    
          11          10   8.62300918E-02   3.63739952E-02 -0.500000000    
          11          11   6.71238005E-02   3.88646051E-02 -0.500000000    
          11          12   5.14861420E-02   3.76618244E-02 -0.500000000    
          11          13   4.06011194E-02   3.56432050E-02 -0.500000000    
          11          14   3.27605717E-02   3.38942781E-02 -0.500000000    
          11          15   2.77043544E-02   3.26499455E-02 -0.500000000    
          11          16   2.51716133E-02   3.19714248E-02 -0.500000000    
          11          17   2.47251317E-02   3.18725258E-02 -0.500000000    
          11          18   2.66348384E-02   3.23606469E-02 -0.500000000    
          11          19   3.07976641E-02   3.34189571E-02 -0.500000000    
          11          20   3.76164019E-02   3.50208469E-02 -0.500000000    
          11          21   4.74676117E-02   3.70892733E-02 -0.500000000    
          11          22   6.03451841E-02   3.93586531E-02 -0.500000000    
          11          23   7.79145136E-02   4.06020209E-02 -0.500000000    
          11          24   9.90276411E-02   3.73328738E-02 -0.500000000    
          11          25  0.112520166       3.11667081E-02 -0.500000000    
          11          26  0.108066790       3.63866016E-02 -0.500000000    
          11          27   3.92757170E-03   4.14271764E-02 -0.500000000    
          11          28  -2.96763442E-02   3.10063623E-02 -0.500000000    
          11          29   6.21211603E-02   1.64470002E-02 -0.500000000    
          11          30   3.94312330E-02   1.33497745E-03 -0.500000000    
          11          31   2.75917910E-02  -1.23791182E-02 -0.500000000    
          11          32   4.13116440E-02  -2.44406946E-02 -0.500000000    
          11          33   3.38641033E-02  -2.87078079E-02 -0.500000000    
          12           1 -0.171259865       8.37253232E-04 -0.500000000    
          12           2 -0.101416543      -9.51319817E-04 -0.500000000    
          12           3   2.71787550E-02   3.66548379E-03 -0.500000000    
          12           4  0.140253589       9.11789387E-03 -0.500000000    
          12           5  0.185757875       1.73990410E-02 -0.500000000    
          12           6   6.54676706E-02   2.83397995E-02 -0.500000000    
          12           7   7.68141169E-03   3.96751426E-02 -0.500000000    
          12           8   7.83219412E-02   3.79337072E-02 -0.500000000    
          12           9   8.39536488E-02   3.11848260E-02 -0.500000000    
          12          10   7.02610910E-02   3.42861153E-02 -0.500000000    
          12          11   5.14861718E-02   3.76618840E-02 -0.500000000    
          12          12   3.57074067E-02   3.72108668E-02 -0.500000000    
          12          13   2.55099721E-02   3.55943665E-02 -0.500000000    
          12          14   1.88126601E-02   3.41080427E-02 -0.500000000    
          12          15   1.48162832E-02   3.30408774E-02 -0.500000000    
          12          16   1.27687221E-02   3.24561000E-02 -0.500000000    
          12          17   1.25465179E-02   3.23714912E-02 -0.500000000    
          12          18   1.38900336E-02   3.27913426E-02 -0.500000000    
          12          19   1.72589272E-02   3.37017775E-02 -0.500000000    
          12          20   2.29393654E-02   3.50754149E-02 -0.500000000    
          12          21   3.17049585E-02   3.68387438E-02 -0.500000000    
          12          22   4.43410128E-02   3.86745632E-02 -0.500000000    
          12          23   6.30261153E-02   3.90982255E-02 -0.500000000    
          12          24   8.47658366E-02   3.47878709E-02 -0.500000000    
          12          25  0.100211307       3.02943867E-02 -0.500000000    
          12          26   8.84260982E-02   3.75956520E-02 -0.500000000    
          12          27  -8.47415626E-03   3.95997390E-02 -0.500000000    
          12          28   2.69280523E-02   2.76352912E-02 -0.500000000    
          12          29  0.116608091       1.46192638E-02 -0.500000000    
          12          30   6.81326464E-02   3.04366765E-03 -0.500000000    
          12          31   5.20890625E-03  -6.75143022E-03 -0.500000000    
          12          32  -3.40375267E-02  -1.51966587E-02 -0.500000000    
          12          33  -4.73029427E-02  -1.62607431E-02 -0.500000000    
          13           1 -0.173094571       1.20010776E-02 -0.500000000    
          13           2 -0.116159707       6.63860980E-03 -0.500000000    
          13           3   3.04278601E-02   7.57980812E-03 -0.500000000    
          13           4  0.161989152       9.93430242E-03 -0.500000000    
          13           5  0.217693046       1.57477725E-02 -0.500000000    
          13           6  0.107927240       2.53682509E-02 -0.500000000    
          13           7   4.42238012E-03   3.73779535E-02 -0.500000000    
          13           8   5.95988445E-02   3.81541327E-02 -0.500000000    
          13           9   7.15114847E-02   3.06314304E-02 -0.500000000    
          13          10   5.77165820E-02   3.20015252E-02 -0.500000000    
          13          11   4.06011008E-02   3.56432572E-02 -0.500000000    
          13          12   2.55099442E-02   3.55943516E-02 -0.500000000    
          13          13   1.63839366E-02   3.41204591E-02 -0.500000000    
          13          14   1.07386401E-02   3.26986201E-02 -0.500000000    
          13          15   7.47157354E-03   3.16744670E-02 -0.500000000    
          13          16   5.98628959E-03   3.11167650E-02 -0.500000000    
          13          17   5.73260570E-03   3.10352705E-02 -0.500000000    
          13          18   6.83942996E-03   3.14368568E-02 -0.500000000    
          13          19   9.41771921E-03   3.23083550E-02 -0.500000000    
          13          20   1.41579043E-02   3.36328521E-02 -0.500000000    
          13          21   2.18620673E-02   3.53331901E-02 -0.500000000    
          13          22   3.35150585E-02   3.70243676E-02 -0.500000000    
          13          23   5.18826433E-02   3.69880460E-02 -0.500000000    
          13          24   7.26889074E-02   3.22954617E-02 -0.500000000    
          13          25   8.91587287E-02   2.97743566E-02 -0.500000000    
          13          26   6.89415857E-02   3.80884074E-02 -0.500000000    
          13          27  -1.17923459E-02   3.74231711E-02 -0.500000000    
          13          28   7.55892918E-02   2.48260573E-02 -0.500000000    
          13          29  0.154287457       1.32281939E-02 -0.500000000    
          13          30   9.04573798E-02   4.57494566E-03 -0.500000000    
          13          31  -9.07273963E-03  -2.07532733E-03 -0.500000000    
          13          32  -8.66969675E-02  -7.36540649E-03 -0.500000000    
          13          33 -0.102283277      -6.05628127E-03 -0.500000000    
          14           1 -0.160770237       2.04617083E-02 -0.500000000    
          14           2 -0.118099637       1.25686908E-02 -0.500000000    
          14           3   3.33975889E-02   1.06007615E-02 -0.500000000    
          14           4  0.175789624       1.06566520E-02 -0.500000000    
          14           5  0.236985028       1.45771019E-02 -0.500000000    
          14           6  0.139189497       2.31463462E-02 -0.500000000    
          14           7   6.09120727E-03   3.53121646E-02 -0.500000000    
          14           8   4.41468582E-02   3.80296111E-02 -0.500000000    
          14           9   6.17270283E-02   3.03622242E-02 -0.500000000    
          14          10   4.82170507E-02   3.02559771E-02 -0.500000000    
          14          11   3.27605642E-02   3.38943191E-02 -0.500000000    
          14          12   1.88126620E-02   3.41079906E-02 -0.500000000    
          14          13   1.07385498E-02   3.26986350E-02 -0.500000000    
          14          14   5.97801246E-03   3.12735215E-02 -0.500000000    
          14          15   3.71845672E-03   3.02450191E-02 -0.500000000    
          14          16   2.51129107E-03   2.96841115E-02 -0.500000000    
          14          17   2.48438562E-03   2.96026077E-02 -0.500000000    
          14          18   3.09353461E-03   3.00054681E-02 -0.500000000    
          14          19   5.16880117E-03   3.08834128E-02 -0.500000000    
          14          20   8.72514769E-03   3.22164521E-02 -0.500000000    
          14          21   1.53826065E-02   3.39261293E-02 -0.500000000    
          14          22   2.62271240E-02   3.55510749E-02 -0.500000000    
          14          23   4.37404700E-02   3.51935066E-02 -0.500000000    
          14          24   6.29854351E-02   3.04234717E-02 -0.500000000    
          14          25   7.95427263E-02   2.95949616E-02 -0.500000000    
          14          26   5.24319336E-02   3.81711423E-02 -0.500000000    
          14          27  -9.20804217E-03   3.54416855E-02 -0.500000000    
          14          28  0.111459777       2.27056481E-02 -0.500000000    
          14          29  0.179213151       1.22651560E-02 -0.500000000    
          14          30  0.105567932       5.82567742E-03 -0.500000000    
          14          31  -1.73712987E-02   1.55370100E-03 -0.500000000    
          14          32 -0.118763417      -1.21273403E-03 -0.500000000    
          14          33 -0.135122627       1.72784051E-03 -0.500000000    
          15           1 -0.146435753       2.61971969E-02 -0.500000000    
          15           2 -0.114607550       1.66938491E-02 -0.500000000    
          15           3   3.53257954E-02   1.26903830E-02 -0.500000000    
          15           4  0.183487892       1.11978492E-02 -0.500000000    
          15           5  0.248143569       1.38305463E-02 -0.500000000    
          15           6  0.159410045       2.16617770E-02 -0.500000000    
          15           7   9.20672063E-03   3.37649584E-02 -0.500000000    
          15           8   3.34419608E-02   3.77879366E-02 -0.500000000    
          15           9   5.47126234E-02   3.02548576E-02 -0.500000000    
          15          10   4.15214486E-02   2.91079581E-02 -0.500000000    
          15          11   2.77043898E-02   3.26499641E-02 -0.500000000    
          15          12   1.48162683E-02   3.30408663E-02 -0.500000000    
          15          13   7.47155864E-03   3.16745155E-02 -0.500000000    
          15          14   3.71843856E-03   3.02450284E-02 -0.500000000    
          15          15   1.92308030E-03   2.92091407E-02 -0.500000000    
          15          16   1.04093819E-03   2.86414269E-02 -0.500000000    
          15          17   1.07776199E-03   2.85614878E-02 -0.500000000    
          15          18   1.46671943E-03   2.89656986E-02 -0.500000000    
          15          19   2.98693962E-03   2.98531074E-02 -0.500000000    
          15          20   5.97813260E-03   3.11984736E-02 -0.500000000    
          15          21   1.14791123E-02   3.29155773E-02 -0.500000000    
          15          22   2.14780085E-02   3.44943814E-02 -0.500000000    
          15          23   3.82955857E-02   3.39188278E-02 -0.500000000    
          15          24   5.63095361E-02   2.92014778E-02 -0.500000000    
          15          25   7.25858584E-02   2.95712110E-02 -0.500000000    
          15          26   4.04652506E-02   3.80588844E-02 -0.500000000    
          15          27  -5.30179869E-03   3.39464769E-02 -0.500000000    
          15          28  0.134598374       2.12762319E-02 -0.500000000    
          15          29  0.193769306       1.16603673E-02 -0.500000000    
          15          30  0.115056381       6.72867522E-03 -0.500000000    
          15          31  -2.15573553E-02   4.07023169E-03 -0.500000000    
          15          32 -0.135759220       3.07988655E-03 -0.500000000    
          15          33 -0.152320445       7.03944080E-03 -0.500000000    
          16           1 -0.137028217       2.92591322E-02 -0.500000000    
          16           2 -0.111176647       1.89323444E-02 -0.500000000    
          16           3   3.66815291E-02   1.38259977E-02 -0.500000000    
          16           4  0.186931506       1.15068126E-02 -0.500000000    
          16           5  0.253230244       1.34472745E-02 -0.500000000    
          16           6  0.169468701       2.08724756E-02 -0.500000000    
          16           7   1.16243949E-02   3.28926705E-02 -0.500000000    
          16           8   2.75745261E-02   3.76008116E-02 -0.500000000    
          16           9   5.08720763E-02   3.02160084E-02 -0.500000000    
          16          10   3.82086784E-02   2.85120197E-02 -0.500000000    
          16          11   2.51717716E-02   3.19714285E-02 -0.500000000    
          16          12   1.27686812E-02   3.24560702E-02 -0.500000000    
          16          13   5.98642370E-03   3.11168041E-02 -0.500000000    
          16          14   2.51154648E-03   2.96841264E-02 -0.500000000    
          16          15   1.04083505E-03   2.86414716E-02 -0.500000000    
          16          16   3.96142248E-04   2.80721672E-02 -0.500000000    
          16          17   3.69656947E-04   2.79900692E-02 -0.500000000    
          16          18   7.05743325E-04   2.83982046E-02 -0.500000000    
          16          19   1.94202736E-03   2.92895287E-02 -0.500000000    
          16          20   4.47108736E-03   3.06433868E-02 -0.500000000    
          16          21   9.70372092E-03   3.23666520E-02 -0.500000000    
          16          22   1.92071479E-02   3.39149386E-02 -0.500000000    
          16          23   3.54177393E-02   3.32192443E-02 -0.500000000    
          16          24   5.26276156E-02   2.85670273E-02 -0.500000000    
          16          25   6.86602518E-02   2.95871682E-02 -0.500000000    
          16          26   3.42829041E-02   3.79412621E-02 -0.500000000    
          16          27  -2.14375602E-03   3.31006050E-02 -0.500000000    
          16          28  0.146439612       2.05162913E-02 -0.500000000    
          16          29  0.201401040       1.13597205E-02 -0.500000000    
          16          30  0.119819619       7.22755771E-03 -0.500000000    
          16          31  -2.34534573E-02   5.43525303E-03 -0.500000000    
          16          32 -0.143047377       5.41469315E-03 -0.500000000    
          16          33 -0.159666896       9.88782290E-03 -0.500000000    
          17           1 -0.135585129       2.96949092E-02 -0.500000000    
          17           2 -0.110598922       1.92538332E-02 -0.500000000    
          17           3   3.66836116E-02   1.39866406E-02 -0.500000000    
          17           4  0.187581390       1.15522509E-02 -0.500000000    
          17           5  0.254043281       1.33944489E-02 -0.500000000    
          17           6  0.171116173       2.07629930E-02 -0.500000000    
          17           7   1.19925942E-02   3.27663943E-02 -0.500000000    
          17           8   2.68472731E-02   3.75709087E-02 -0.500000000    
          17           9   5.03665991E-02   3.02128997E-02 -0.500000000    
          17          10   3.75639573E-02   2.84282602E-02 -0.500000000    
          17          11   2.47252360E-02   3.18725891E-02 -0.500000000    
          17          12   1.25466725E-02   3.23715396E-02 -0.500000000    
          17          13   5.73264575E-03   3.10352221E-02 -0.500000000    
          17          14   2.48443848E-03   2.96026021E-02 -0.500000000    
          17          15   1.07790518E-03   2.85614822E-02 -0.500000000    
          17          16   3.69659509E-04   2.79900320E-02 -0.500000000    
          17          17   4.64583049E-04   2.79100463E-02 -0.500000000    
          17          18   6.80958503E-04   2.83161737E-02 -0.500000000    
          17          19   1.91117951E-03   2.92094983E-02 -0.500000000    
          17          20   4.42283694E-03   3.05626709E-02 -0.500000000    
          17          21   9.32916254E-03   3.22853103E-02 -0.500000000    
          17          22   1.88126527E-02   3.38313803E-02 -0.500000000    
          17          23   3.50357965E-02   3.31196710E-02 -0.500000000    
          17          24   5.21518812E-02   2.84785386E-02 -0.500000000    
          17          25   6.80733472E-02   2.95895543E-02 -0.500000000    
          17          26   3.31611149E-02   3.79189588E-02 -0.500000000    
          17          27  -1.76551798E-03   3.29783261E-02 -0.500000000    
          17          28  0.148089588       2.04080176E-02 -0.500000000    
          17          29  0.202144772       1.13155516E-02 -0.500000000    
          17          30  0.120389678       7.30042998E-03 -0.500000000    
          17          31  -2.36026775E-02   5.63169969E-03 -0.500000000    
          17          32 -0.143979087       5.74910641E-03 -0.500000000    
          17          33 -0.160607159       1.02938954E-02 -0.500000000    
          18           1 -0.142544717       2.75119599E-02 -0.500000000    
          18           2 -0.113276713       1.76512431E-02 -0.500000000    
          18           3   3.60054560E-02   1.31772431E-02 -0.500000000    
          18           4  0.184960112       1.13290027E-02 -0.500000000    
          18           5  0.250309348       1.36641311E-02 -0.500000000    
          18           6  0.163671628       2.13211663E-02 -0.500000000    
          18           7   1.02023724E-02   3.33941951E-02 -0.500000000    
          18           8   3.08726300E-02   3.77125666E-02 -0.500000000    
          18           9   5.30714095E-02   3.02360207E-02 -0.500000000    
          18          10   4.01902869E-02   2.88507938E-02 -0.500000000    
          18          11   2.66348328E-02   3.23606990E-02 -0.500000000    
          18          12   1.38899880E-02   3.27913426E-02 -0.500000000    
          18          13   6.83952402E-03   3.14368494E-02 -0.500000000    
          18          14   3.09369806E-03   3.00054513E-02 -0.500000000    
          18          15   1.46674679E-03   2.89657153E-02 -0.500000000    
          18          16   7.05747865E-04   2.83982269E-02 -0.500000000    
          18          17   6.80784113E-04   2.83161886E-02 -0.500000000    
          18          18   1.07011921E-03   2.87232138E-02 -0.500000000    
          18          19   2.48044543E-03   2.96117812E-02 -0.500000000    
          18          20   5.21490397E-03   3.09613906E-02 -0.500000000    
          18          21   1.07501298E-02   3.26822810E-02 -0.500000000    
          18          22   2.05408223E-02   3.42473537E-02 -0.500000000    
          18          23   3.70472334E-02   3.36195081E-02 -0.500000000    
          18          24   5.47006987E-02   2.89268624E-02 -0.500000000    
          18          25   7.09092394E-02   2.95763295E-02 -0.500000000    
          18          26   3.79303619E-02   3.80149297E-02 -0.500000000    
          18          27  -3.92876053E-03   3.35871801E-02 -0.500000000    
          18          28  0.139734969       2.09498405E-02 -0.500000000    
          18          29  0.197273165       1.15309888E-02 -0.500000000    
          18          30  0.117141999       6.94055529E-03 -0.500000000    
          18          31  -2.24597156E-02   4.65406012E-03 -0.500000000    
          18          32 -0.139044017       4.07886133E-03 -0.500000000    
          18          33 -0.155634820       8.26145429E-03 -0.500000000    
          19           1 -0.155771270       2.26743557E-02 -0.500000000    
          19           2 -0.117189199       1.41500784E-02 -0.500000000    
          19           3   3.40221860E-02   1.14017026E-02 -0.500000000    
          19           4  0.178871483       1.08589148E-02 -0.500000000    
          19           5  0.241578087       1.42850494E-02 -0.500000000    
          19           6  0.147162303       2.25727558E-02 -0.500000000    
          19           7   7.04985578E-03   3.47286835E-02 -0.500000000    
          19           8   4.00709286E-02   3.79526690E-02 -0.500000000    
          19           9   5.90066127E-02   3.03148981E-02 -0.500000000    
          19          10   4.55374904E-02   2.98084989E-02 -0.500000000    
          19          11   3.07977889E-02   3.34189981E-02 -0.500000000    
          19          12   1.72587894E-02   3.37018296E-02 -0.500000000    
          19          13   9.41769779E-03   3.23084034E-02 -0.500000000    
          19          14   5.16878208E-03   3.08833998E-02 -0.500000000    
          19          15   2.98692053E-03   2.98531279E-02 -0.500000000    
          19          16   1.94197614E-03   2.92895157E-02 -0.500000000    
          19          17   1.91100640E-03   2.92094536E-02 -0.500000000    
          19          18   2.48048408E-03   2.96117906E-02 -0.500000000    
          19          19   4.27995808E-03   3.04928385E-02 -0.500000000    
          19          20   7.73844216E-03   3.18298377E-02 -0.500000000    
          19          21   1.38226477E-02   3.35401781E-02 -0.500000000    
          19          22   2.42938828E-02   3.51481512E-02 -0.500000000    
          19          23   4.16233391E-02   3.47077586E-02 -0.500000000    
          19          24   6.04633726E-02   2.99478173E-02 -0.500000000    
          19          25   7.69568756E-02   2.95771454E-02 -0.500000000    
          19          26   4.77601998E-02   3.81433628E-02 -0.500000000    
          19          27  -8.08094908E-03   3.48783322E-02 -0.500000000    
          19          28  0.120518960       2.21532304E-02 -0.500000000    
          19          29  0.184801623       1.20250843E-02 -0.500000000    
          19          30  0.109378114       6.17009494E-03 -0.500000000    
          19          31  -1.90719999E-02   2.51842896E-03 -0.500000000    
          19          32 -0.125820458       4.30901127E-04 -0.500000000    
          19          33 -0.142271578       3.77344596E-03 -0.500000000    
          20           1 -0.169842452       1.51256062E-02 -0.500000000    
          20           2 -0.117874593       8.80813506E-03 -0.500000000    
          20           3   3.15427259E-02   8.68750736E-03 -0.500000000    
          20           4  0.167568997       1.01924483E-02 -0.500000000    
          20           5  0.225203514       1.53062185E-02 -0.500000000    
          20           6  0.119714692       2.45438125E-02 -0.500000000    
          20           7   4.68515884E-03   3.66469808E-02 -0.500000000    
          20           8   5.39881364E-02   3.81394811E-02 -0.500000000    
          20           9   6.80454671E-02   3.05183753E-02 -0.500000000    
          20          10   5.42848036E-02   3.13578732E-02 -0.500000000    
          20          11   3.76163982E-02   3.50209475E-02 -0.500000000    
          20          12   2.29392909E-02   3.50754820E-02 -0.500000000    
          20          13   1.41578522E-02   3.36328782E-02 -0.500000000    
          20          14   8.72512255E-03   3.22164744E-02 -0.500000000    
          20          15   5.97810699E-03   3.11985072E-02 -0.500000000    
          20          16   4.47106455E-03   3.06433551E-02 -0.500000000    
          20          17   4.42283740E-03   3.05626839E-02 -0.500000000    
          20          18   5.21488767E-03   3.09613887E-02 -0.500000000    
          20          19   7.73843518E-03   3.18298042E-02 -0.500000000    
          20          20   1.19140837E-02   3.31483446E-02 -0.500000000    
          20          21   1.93069838E-02   3.48453894E-02 -0.500000000    
          20          22   3.08272578E-02   3.65062170E-02 -0.500000000    
          20          23   4.89096493E-02   3.63454744E-02 -0.500000000    
          20          24   6.91333488E-02   3.15995403E-02 -0.500000000    
          20          25   8.56349841E-02   2.96873879E-02 -0.500000000    
          20          26   6.29989356E-02   3.81519645E-02 -0.500000000    
          20          27  -1.11886552E-02   3.67244817E-02 -0.500000000    
          20          28   8.90129730E-02   2.40415055E-02 -0.500000000    
          20          29  0.164018795       1.28634414E-02 -0.500000000    
          20          30   9.60638523E-02   5.02508786E-03 -0.500000000    
          20          31  -1.24202576E-02  -7.44887453E-04 -0.500000000    
          20          32  -9.94172394E-02  -5.11701265E-03 -0.500000000    
          20          33 -0.115383036      -3.18807387E-03 -0.500000000    
          21           1 -0.174428299       4.85104043E-03 -0.500000000    
          21           2 -0.108237021       1.75048981E-03 -0.500000000    
          21           3   2.83264220E-02   5.06791519E-03 -0.500000000    
          21           4  0.148361981       9.39394720E-03 -0.500000000    
          21           5  0.198112592       1.67930778E-02 -0.500000000    
          21           6   8.06189999E-02   2.72693448E-02 -0.500000000    
          21           7   5.82523551E-03   3.89158987E-02 -0.500000000    
          21           8   7.18537420E-02   3.80786732E-02 -0.500000000    
          21           9   7.95072019E-02   3.09974458E-02 -0.500000000    
          21          10   6.57831803E-02   3.35425101E-02 -0.500000000    
          21          11   4.74675409E-02   3.70892733E-02 -0.500000000    
          21          12   3.17048095E-02   3.68388034E-02 -0.500000000    
          21          13   2.18621176E-02   3.53332274E-02 -0.500000000    
          21          14   1.53824650E-02   3.39262113E-02 -0.500000000    
          21          15   1.14790909E-02   3.29155996E-02 -0.500000000    
          21          16   9.70359333E-03   3.23665924E-02 -0.500000000    
          21          17   9.32917465E-03   3.22853290E-02 -0.500000000    
          21          18   1.07500758E-02   3.26822847E-02 -0.500000000    
          21          19   1.38225844E-02   3.35401446E-02 -0.500000000    
          21          20   1.93070266E-02   3.48454602E-02 -0.500000000    
          21          21   2.79371310E-02   3.65258493E-02 -0.500000000    
          21          22   4.02173623E-02   3.82496379E-02 -0.500000000    
          21          23   5.88757508E-02   3.84582765E-02 -0.500000000    
          21          24   8.04935396E-02   3.39424089E-02 -0.500000000    
          21          25   9.65166241E-02   3.00939642E-02 -0.500000000    
          21          26   8.19231793E-02   3.78296971E-02 -0.500000000    
          21          27  -1.04896817E-02   3.88811454E-02 -0.500000000    
          21          28   4.44609113E-02   2.66268756E-02 -0.500000000    
          21          29  0.130901292       1.41064515E-02 -0.500000000    
          21          30   7.65367299E-02   3.58002633E-03 -0.500000000    
          21          31  -3.91665846E-04  -5.08240610E-03 -0.500000000    
          21          32  -5.41299134E-02  -1.24145523E-02 -0.500000000    
          21          33  -6.84299096E-02  -1.25981392E-02 -0.500000000    
          22           1 -0.153960779      -8.01096484E-03 -0.500000000    
          22           2  -8.04568604E-02  -6.82210922E-03 -0.500000000    
          22           3   2.51584928E-02   5.89648611E-04 -0.500000000    
          22           4  0.119610474       8.56334437E-03 -0.500000000    
          22           5  0.154889882       1.87872592E-02 -0.500000000    
          22           6   3.21453586E-02   3.07201035E-02 -0.500000000    
          22           7   1.40310293E-02   4.11479510E-02 -0.500000000    
          22           8   9.13534537E-02   3.75768989E-02 -0.500000000    
          22           9   9.30871293E-02   3.19497585E-02 -0.500000000    
          22          10   7.97293186E-02   3.62707451E-02 -0.500000000    
          22          11   6.03452250E-02   3.93587016E-02 -0.500000000    
          22          12   4.43410464E-02   3.86746079E-02 -0.500000000    
          22          13   3.35151814E-02   3.70243900E-02 -0.500000000    
          22          14   2.62271930E-02   3.55510563E-02 -0.500000000    
          22          15   2.14779638E-02   3.44943479E-02 -0.500000000    
          22          16   1.92072168E-02   3.39149535E-02 -0.500000000    
          22          17   1.88126974E-02   3.38314138E-02 -0.500000000    
          22          18   2.05409173E-02   3.42473201E-02 -0.500000000    
          22          19   2.42938828E-02   3.51481438E-02 -0.500000000    
          22          20   3.08272056E-02   3.65062244E-02 -0.500000000    
          22          21   4.02172990E-02   3.82496491E-02 -0.500000000    
          22          22   5.31992055E-02   4.01177481E-02 -0.500000000    
          22          23   7.16935843E-02   4.08182852E-02 -0.500000000    
          22          24   9.36172232E-02   3.69114242E-02 -0.500000000    
          22          25  0.108096942       3.10643911E-02 -0.500000000    
          22          26  0.101545028       3.69992480E-02 -0.500000000    
          22          27  -1.46006723E-03   4.09508459E-02 -0.500000000    
          22          28  -1.05388975E-02   2.98554078E-02 -0.500000000    
          22          29   8.21841955E-02   1.57968868E-02 -0.500000000    
          22          30   4.96447608E-02   1.91988773E-03 -0.500000000    
          22          31   1.91847216E-02  -1.04051949E-02 -0.500000000    
          22          32   1.37875872E-02  -2.12214403E-02 -0.500000000    
          22          33   3.86907719E-03  -2.43273787E-02 -0.500000000    
          23           1  -9.20855403E-02  -2.30381899E-02 -0.500000000    
          23           2  -2.87305415E-02  -1.66345034E-02 -0.500000000    
          23           3   2.39180997E-02  -4.65876143E-03 -0.500000000    
          23           4   7.87037835E-02   7.79001229E-03 -0.500000000    
          23           5   8.93499702E-02   2.12512631E-02 -0.500000000    
          23           6  -1.88645534E-02   3.46323811E-02 -0.500000000    
          23           7   3.12988460E-02   4.26496379E-02 -0.500000000    
          23           8  0.109361202       3.63412090E-02 -0.500000000    
          23           9  0.108289503       3.32029164E-02 -0.500000000    
          23          10   9.65214968E-02   3.86710130E-02 -0.500000000    
          23          11   7.79144242E-02   4.06019837E-02 -0.500000000    
          23          12   6.30260184E-02   3.90982442E-02 -0.500000000    
          23          13   5.18824831E-02   3.69881056E-02 -0.500000000    
          23          14   4.37403843E-02   3.51934992E-02 -0.500000000    
          23          15   3.82954143E-02   3.39188538E-02 -0.500000000    
          23          16   3.54175717E-02   3.32192294E-02 -0.500000000    
          23          17   3.50357704E-02   3.31196748E-02 -0.500000000    
          23          18   3.70471254E-02   3.36195193E-02 -0.500000000    
          23          19   4.16233018E-02   3.47077698E-02 -0.500000000    
          23          20   4.89096902E-02   3.63454670E-02 -0.500000000    
          23          21   5.88757843E-02   3.84582877E-02 -0.500000000    
          23          22   7.16934726E-02   4.08182591E-02 -0.500000000    
          23          23   8.80501494E-02   4.23945934E-02 -0.500000000    
          23          24  0.107871823       3.98171768E-02 -0.500000000    
          23          25  0.119783729       3.26475985E-02 -0.500000000    
          23          26  0.118397959       3.54989544E-02 -0.500000000    
          23          27   1.80425234E-02   4.22723703E-02 -0.500000000    
          23          28  -6.54691830E-02   3.34591679E-02 -0.500000000    
          23          29   1.51603036E-02   1.78760719E-02 -0.500000000    
          23          30   1.77848414E-02   1.56354479E-04 -0.500000000    
          23          31   4.80266102E-02  -1.65845379E-02 -0.500000000    
          23          32  0.102357686      -3.12370490E-02 -0.500000000    
          23          33  0.101847194      -3.80874276E-02 -0.500000000    
          24           1   1.70598347E-02  -3.94893102E-02 -0.500000000    
          24           2   4.58713509E-02  -2.73866244E-02 -0.500000000    
          24           3   2.66113412E-02  -1.05482815E-02 -0.500000000    
          24           4   2.60963626E-02   7.07543641E-03 -0.500000000    
          24           5  -1.03241648E-03   2.38331836E-02 -0.500000000    
          24           6  -5.60902581E-02   3.79094258E-02 -0.500000000    
          24           7   5.79426512E-02   4.16615196E-02 -0.500000000    
          24           8  0.125419572       3.28950807E-02 -0.500000000    
          24           9  0.126337916       3.25235985E-02 -0.500000000    
          24          10  0.116175190       3.74385864E-02 -0.500000000    
          24          11   9.90274251E-02   3.73328663E-02 -0.500000000    
          24          12   8.47657993E-02   3.47878933E-02 -0.500000000    
          24          13   7.26888701E-02   3.22955027E-02 -0.500000000    
          24          14   6.29852414E-02   3.04234717E-02 -0.500000000    
          24          15   5.63093126E-02   2.92014796E-02 -0.500000000    
          24          16   5.26274070E-02   2.85670552E-02 -0.500000000    
          24          17   5.21517135E-02   2.84785591E-02 -0.500000000    
          24          18   5.47004789E-02   2.89269369E-02 -0.500000000    
          24          19   6.04632683E-02   2.99478490E-02 -0.500000000    
          24          20   6.91333041E-02   3.15995477E-02 -0.500000000    
          24          21   8.04934055E-02   3.39424200E-02 -0.500000000    
          24          22   9.36170816E-02   3.69113944E-02 -0.500000000    
          24          23  0.107871786       3.98171917E-02 -0.500000000    
          24          24  0.124361902       3.96808051E-02 -0.500000000    
          24          25  0.133089796       3.31450701E-02 -0.500000000    
          24          26  0.130446374       3.24129127E-02 -0.500000000    
          24          27   4.71606702E-02   4.14257981E-02 -0.500000000    
          24          28  -9.93526429E-02   3.65108810E-02 -0.500000000    
          24          29  -6.75112382E-02   1.99931618E-02 -0.500000000    
          24          30  -1.30106555E-02  -1.62100082E-03 -0.500000000    
          24          31   8.65183026E-02  -2.34262627E-02 -0.500000000    
          24          32  0.202364549      -4.21811156E-02 -0.500000000    
          24          33  0.218563437      -5.34142591E-02 -0.500000000    
          25           1  0.158255458      -5.65087758E-02 -0.500000000    
          25           2  0.131730616      -3.88633050E-02 -0.500000000    
          25           3   3.52685489E-02  -1.70536973E-02 -0.500000000    
          25           4  -2.99578682E-02   5.66654187E-03 -0.500000000    
          25           5  -9.73817259E-02   2.44094171E-02 -0.500000000    
          25           6  -5.41780852E-02   3.62256691E-02 -0.500000000    
          25           7   9.25221518E-02   3.29947770E-02 -0.500000000    
          25           8  0.136268795       2.31385473E-02 -0.500000000    
          25           9  0.137937635       2.62613185E-02 -0.500000000    
          25          10  0.127111718       3.09891179E-02 -0.500000000    
          25          11  0.112520024       3.11667137E-02 -0.500000000    
          25          12  0.100211024       3.02943848E-02 -0.500000000    
          25          13   8.91584381E-02   2.97744069E-02 -0.500000000    
          25          14   7.95422941E-02   2.95950361E-02 -0.500000000    
          25          15   7.25853965E-02   2.95712557E-02 -0.500000000    
          25          16   6.86595812E-02   2.95872316E-02 -0.500000000    
          25          17   6.80727586E-02   2.95896363E-02 -0.500000000    
          25          18   7.09087253E-02   2.95764282E-02 -0.500000000    
          25          19   7.69564435E-02   2.95771807E-02 -0.500000000    
          25          20   8.56343880E-02   2.96874177E-02 -0.500000000    
          25          21   9.65162441E-02   3.00939567E-02 -0.500000000    
          25          22  0.108096875       3.10643967E-02 -0.500000000    
          25          23  0.119783722       3.26475725E-02 -0.500000000    
          25          24  0.133089796       3.31450738E-02 -0.500000000    
          25          25  0.141701445       2.79819109E-02 -0.500000000    
          25          26  0.137684345       2.38578785E-02 -0.500000000    
          25          27   8.56455714E-02   3.39913666E-02 -0.500000000    
          25          28  -8.30960646E-02   3.56360115E-02 -0.500000000    
          25          29 -0.139302194       2.06097309E-02 -0.500000000    
          25          30  -3.27181146E-02  -3.69738042E-03 -0.500000000    
          25          31  0.129922986      -3.07273436E-02 -0.500000000    
          25          32  0.298791021      -5.38834594E-02 -0.500000000    
          25          33  0.341412604      -6.96919188E-02 -0.500000000    
          26           1  0.295643270      -7.36194775E-02 -0.500000000    
          26           2  0.208605796      -5.14500812E-02 -0.500000000    
          26           3   6.08419962E-02  -2.59690508E-02 -0.500000000    
          26           4  -5.37383743E-02  -1.63060427E-03 -0.500000000    
          26           5 -0.124984249       1.47266658E-02 -0.500000000    
          26           6   9.35277715E-03   2.10880805E-02 -0.500000000    
          26           7  0.124103546       1.42829353E-02 -0.500000000    
          26           8  0.136848807       1.29698701E-02 -0.500000000    
          26           9  0.137731120       2.51327846E-02 -0.500000000    
          26          10  0.125182703       3.33937816E-02 -0.500000000    
          26          11  0.108066216       3.63865867E-02 -0.500000000    
          26          12   8.84251744E-02   3.75956595E-02 -0.500000000    
          26          13   6.89402819E-02   3.80883999E-02 -0.500000000    
          26          14   5.24306074E-02   3.81711163E-02 -0.500000000    
          26          15   4.04639579E-02   3.80588807E-02 -0.500000000    
          26          16   3.42814028E-02   3.79412733E-02 -0.500000000    
          26          17   3.31597850E-02   3.79189476E-02 -0.500000000    
          26          18   3.79288979E-02   3.80148888E-02 -0.500000000    
          26          19   4.77588773E-02   3.81433144E-02 -0.500000000    
          26          20   6.29975796E-02   3.81520055E-02 -0.500000000    
          26          21   8.19220915E-02   3.78297046E-02 -0.500000000    
          26          22  0.101544179       3.69992517E-02 -0.500000000    
          26          23  0.118397474       3.54989432E-02 -0.500000000    
          26          24  0.130446047       3.24129239E-02 -0.500000000    
          26          25  0.137684166       2.38579214E-02 -0.500000000    
          26          26  0.134834617       1.11643542E-02 -0.500000000    
          26          27  0.126817361       1.41447615E-02 -0.500000000    
          26          28   1.17873903E-02   2.16691121E-02 -0.500000000    
          26          29 -0.119753398       1.29190292E-02 -0.500000000    
          26          30  -1.62642561E-02  -9.18776263E-03 -0.500000000    
          26          31  0.170538008      -3.91044430E-02 -0.500000000    
          26          32  0.371684849      -6.64561763E-02 -0.500000000    
          26          33  0.454170674      -8.62456486E-02 -0.500000000    
          27           1  0.388669074      -9.22738090E-02 -0.500000000    
          27           2  0.297250271      -6.98396936E-02 -0.500000000    
          27           3  0.178628251      -4.69688959E-02 -0.500000000    
          27           4   6.85308725E-02  -2.58348268E-02 -0.500000000    
          27           5   8.25314373E-02  -8.97699688E-03 -0.500000000    
          27           6  0.187204346       1.66228181E-03 -0.500000000    
          27           7  0.165515766       5.16215712E-03 -0.500000000    
          27           8  0.108057201       1.98000316E-02 -0.500000000    
          27           9   6.53646067E-02   3.61545049E-02 -0.500000000    
          27          10   2.78551877E-02   4.16126437E-02 -0.500000000    
          27          11   3.92660126E-03   4.14271243E-02 -0.500000000    
          27          12  -8.47474765E-03   3.95996496E-02 -0.500000000    
          27          13  -1.17919538E-02   3.74230333E-02 -0.500000000    
          27          14  -9.20701399E-03   3.54414955E-02 -0.500000000    
          27          15  -5.30045107E-03   3.39463055E-02 -0.500000000    
          27          16  -2.14208057E-03   3.31005417E-02 -0.500000000    
          27          17  -1.76377641E-03   3.29782516E-02 -0.500000000    
          27          18  -3.92709021E-03   3.35870832E-02 -0.500000000    
          27          19  -8.07984639E-03   3.48781981E-02 -0.500000000    
          27          20  -1.11881755E-02   3.67243402E-02 -0.500000000    
          27          21  -1.04901120E-02   3.88810225E-02 -0.500000000    
          27          22  -1.46106235E-03   4.09507528E-02 -0.500000000    
          27          23   1.80411339E-02   4.22723256E-02 -0.500000000    
          27          24   4.71592024E-02   4.14257981E-02 -0.500000000    
          27          25   8.56445730E-02   3.39913927E-02 -0.500000000    
          27          26  0.126816511       1.41448872E-02 -0.500000000    
          27          27  0.192783713      -2.34397687E-03 -0.500000000    
          27          28  0.228283018      -4.32949094E-03 -0.500000000    
          27          29  0.129291877      -1.29344082E-02 -0.500000000    
          27          30  0.123887636      -2.96792649E-02 -0.500000000    
          27          31  0.253213763      -5.49703129E-02 -0.500000000    
          27          32  0.416852921      -8.19836706E-02 -0.500000000    
          27          33  0.530531704     -0.103057094     -0.500000000    
          28           1  0.524255216     -0.120920978     -0.500000000    
          28           2  0.565561533     -0.104277797     -0.500000000    
          28           3  0.561203659      -7.79266730E-02 -0.500000000    
          28           4  0.554579973      -4.53557000E-02 -0.500000000    
          28           5  0.624114454      -1.96688548E-02 -0.500000000    
          28           6  0.444794893      -7.04237539E-03 -0.500000000    
          28           7  0.122891977       3.99561552E-03 -0.500000000    
          28           8  -4.37866859E-02   2.44253986E-02 -0.500000000    
          28           9  -9.61344764E-02   3.46875265E-02 -0.500000000    
          28          10  -7.99944103E-02   3.42912078E-02 -0.500000000    
          28          11  -2.96737943E-02   3.10062822E-02 -0.500000000    
          28          12   2.69317236E-02   2.76352894E-02 -0.500000000    
          28          13   7.55935982E-02   2.48260796E-02 -0.500000000    
          28          14  0.111464307       2.27056760E-02 -0.500000000    
          28          15  0.134603187       2.12762970E-02 -0.500000000    
          28          16  0.146444440       2.05163676E-02 -0.500000000    
          28          17  0.148094296       2.04081181E-02 -0.500000000    
          28          18  0.139739588       2.09498890E-02 -0.500000000    
          28          19  0.120523669       2.21533254E-02 -0.500000000    
          28          20   8.90176073E-02   2.40415130E-02 -0.500000000    
          28          21   4.44650464E-02   2.66268924E-02 -0.500000000    
          28          22  -1.05355363E-02   2.98553146E-02 -0.500000000    
          28          23  -6.54676706E-02   3.34590301E-02 -0.500000000    
          28          24  -9.93528292E-02   3.65108438E-02 -0.500000000    
          28          25  -8.30974877E-02   3.56360339E-02 -0.500000000    
          28          26   1.17852930E-02   2.16690730E-02 -0.500000000    
          28          27  0.228281051      -4.32951888E-03 -0.500000000    
          28          28  0.564646482      -1.83486994E-02 -0.500000000    
          28          29  0.676642597      -3.32209691E-02 -0.500000000    
          28          30  0.561343253      -5.86158894E-02 -0.500000000    
          28          31  0.546416700      -8.73661637E-02 -0.500000000    
          28          32  0.563867152     -0.109876625     -0.500000000    
          28          33  0.585779250     -0.124419071     -0.500000000    
          29           1   1.00779784     -0.156987935     -0.500000000    
          29           2  0.899966598     -0.117626064     -0.500000000    
          29           3  0.794035971      -6.68543577E-02 -0.500000000    
          29           4  0.788262486      -3.01702153E-02 -0.500000000    
          29           5  0.845734298      -2.09431369E-02 -0.500000000    
          29           6  0.491455376      -2.46807579E-02 -0.500000000    
          29           7  -5.69984317E-04  -7.25743826E-03 -0.500000000    
          29           8 -0.131745458       1.36952810E-02 -0.500000000    
          29           9  -9.30464715E-02   1.94814559E-02 -0.500000000    
          29          10  -1.14982538E-02   1.84912384E-02 -0.500000000    
          29          11   6.21242002E-02   1.64471138E-02 -0.500000000    
          29          12  0.116611592       1.46194417E-02 -0.500000000    
          29          13  0.154290780       1.32284639E-02 -0.500000000    
          29          14  0.179216191       1.22654587E-02 -0.500000000    
          29          15  0.193772241       1.16606783E-02 -0.500000000    
          29          16  0.201403901       1.13601703E-02 -0.500000000    
          29          17  0.202147603       1.13159902E-02 -0.500000000    
          29          18  0.197276175       1.15314089E-02 -0.500000000    
          29          19  0.184804767       1.20254802E-02 -0.500000000    
          29          20  0.164022088       1.28638046E-02 -0.500000000    
          29          21  0.130904704       1.41066527E-02 -0.500000000    
          29          22   8.21878016E-02   1.57970488E-02 -0.500000000    
          29          23   1.51636479E-02   1.78761706E-02 -0.500000000    
          29          24  -6.75086677E-02   1.99932493E-02 -0.500000000    
          29          25 -0.139301315       2.06097681E-02 -0.500000000    
          29          26 -0.119755276       1.29189864E-02 -0.500000000    
          29          27  0.129288092      -1.29344268E-02 -0.500000000    
          29          28  0.676639915      -3.32209654E-02 -0.500000000    
          29          29  0.920582533      -3.21100205E-02 -0.500000000    
          29          30  0.833475590      -4.89320643E-02 -0.500000000    
          29          31  0.843827486      -9.19585675E-02 -0.500000000    
          29          32  0.901328862     -0.137486666     -0.500000000    
          29          33  0.965452552     -0.160376906     -0.500000000    
          30           1  0.966406524     -0.127380952     -0.500000000    
          30           2  0.910943627      -9.80366692E-02 -0.500000000    
          30           3  0.699833632      -5.68074957E-02 -0.500000000    
          30           4  0.732021511      -3.42630036E-02 -0.500000000    
          30           5  0.783468485      -4.27566282E-02 -0.500000000    
          30           6  0.441990852      -5.18827662E-02 -0.500000000    
          30           7   7.21233338E-02  -2.55659036E-02 -0.500000000    
          30           8  -2.39961520E-02  -7.68598495E-03 -0.500000000    
          30           9  -2.18822174E-02  -2.58915289E-03 -0.500000000    
          30          10   6.91566616E-03  -4.64322336E-04 -0.500000000    
          30          11   3.94318476E-02   1.33527128E-03 -0.500000000    
          30          12   6.81333467E-02   3.04400316E-03 -0.500000000    
          30          13   9.04578045E-02   4.57533728E-03 -0.500000000    
          30          14  0.105568521       5.82620502E-03 -0.500000000    
          30          15  0.115056835       6.72922703E-03 -0.500000000    
          30          16  0.119819753       7.22820591E-03 -0.500000000    
          30          17  0.120389670       7.30105024E-03 -0.500000000    
          30          18  0.117142208       6.94114016E-03 -0.500000000    
          30          19  0.109378085       6.17062766E-03 -0.500000000    
          30          20   9.60640460E-02   5.02557820E-03 -0.500000000    
          30          21   7.65372068E-02   3.58051783E-03 -0.500000000    
          30          22   4.96453531E-02   1.92032917E-03 -0.500000000    
          30          23   1.77851841E-02   1.56654656E-04 -0.500000000    
          30          24  -1.30110532E-02  -1.62072771E-03 -0.500000000    
          30          25  -3.27191614E-02  -3.69718904E-03 -0.500000000    
          30          26  -1.62665024E-02  -9.18755773E-03 -0.500000000    
          30          27  0.123883940      -2.96792034E-02 -0.500000000    
          30          28  0.561338723      -5.86158670E-02 -0.500000000    
          30          29  0.833473802      -4.89320718E-02 -0.500000000    
          30          30  0.758911431      -4.65602651E-02 -0.500000000    
          30          31  0.740418255      -7.56338388E-02 -0.500000000    
          30          32  0.989268243     -0.120168522     -0.500000000    
          30          33   1.11987078     -0.149729937     -0.500000000    
          31           1  0.597170711      -9.29296836E-02 -0.500000000    
          31           2  0.667276859      -8.74811038E-02 -0.500000000    
          31           3  0.690277755      -7.20917061E-02 -0.500000000    
          31           4  0.788309813      -6.86144456E-02 -0.500000000    
          31           5  0.852006435      -8.73652920E-02 -0.500000000    
          31           6  0.496319801      -8.05002153E-02 -0.500000000    
          31           7  0.224476263      -4.95869070E-02 -0.500000000    
          31           8  0.142415583      -3.42530347E-02 -0.500000000    
          31           9   9.94545817E-02  -2.58967653E-02 -0.500000000    
          31          10   5.96820824E-02  -1.88089013E-02 -0.500000000    
          31          11   2.75855642E-02  -1.23786870E-02 -0.500000000    
          31          12   5.20224869E-03  -6.75096828E-03 -0.500000000    
          31          13  -9.07892920E-03  -2.07476108E-03 -0.500000000    
          31          14  -1.73770469E-02   1.55427260E-03 -0.500000000    
          31          15  -2.15626843E-02   4.07100841E-03 -0.500000000    
          31          16  -2.34581959E-02   5.43610798E-03 -0.500000000    
          31          17  -2.36078948E-02   5.63265383E-03 -0.500000000    
          31          18  -2.24647745E-02   4.65485593E-03 -0.500000000    
          31          19  -1.90779753E-02   2.51924642E-03 -0.500000000    
          31          20  -1.24274418E-02  -7.44187040E-04 -0.500000000    
          31          21  -3.99641925E-04  -5.08182263E-03 -0.500000000    
          31          22   1.91761740E-02  -1.04047768E-02 -0.500000000    
          31          23   4.80173826E-02  -1.65840387E-02 -0.500000000    
          31          24   8.65090638E-02  -2.34258678E-02 -0.500000000    
          31          25  0.129914358      -3.07270605E-02 -0.500000000    
          31          26  0.170530394      -3.91041674E-02 -0.500000000    
          31          27  0.253207713      -5.49700893E-02 -0.500000000    
          31          28  0.546410978      -8.73661637E-02 -0.500000000    
          31          29  0.843824267      -9.19586718E-02 -0.500000000    
          31          30  0.740417361      -7.56340623E-02 -0.500000000    
          31          31  0.662353396      -8.13640356E-02 -0.500000000    
          31          32  0.712714672      -9.66020003E-02 -0.500000000    
          31          33  0.625477970     -0.100736678     -0.500000000    
          32           1  0.558021724      -7.34662339E-02 -0.500000000    
          32           2  0.600614965      -8.55975598E-02 -0.500000000    
          32           3  0.767561436      -9.28188339E-02 -0.500000000    
          32           4   1.02306497     -0.116831094     -0.500000000    
          32           5  0.888547003     -0.130753011     -0.500000000    
          32           6  0.532784462     -0.100896604     -0.500000000    
          32           7  0.383136779      -7.34682009E-02 -0.500000000    
          32           8  0.320232689      -5.82104586E-02 -0.500000000    
          32           9  0.234565228      -4.60209139E-02 -0.500000000    
          32          10  0.134910017      -3.47943492E-02 -0.500000000    
          32          11   4.12918627E-02  -2.44401488E-02 -0.500000000    
          32          12  -3.40587012E-02  -1.51959658E-02 -0.500000000    
          32          13  -8.67163315E-02  -7.36440904E-03 -0.500000000    
          32          14 -0.118780129      -1.21157477E-03 -0.500000000    
          32          15 -0.135772601       3.08128679E-03 -0.500000000    
          32          16 -0.143059358       5.41631738E-03 -0.500000000    
          32          17 -0.143990576       5.75078372E-03 -0.500000000    
          32          18 -0.139057770       4.08040080E-03 -0.500000000    
          32          19 -0.125837430       4.32358967E-04 -0.500000000    
          32          20  -9.94384065E-02  -5.11591556E-03 -0.500000000    
          32          21  -5.41544333E-02  -1.24136610E-02 -0.500000000    
          32          22   1.37609728E-02  -2.12208461E-02 -0.500000000    
          32          23  0.102331728      -3.12366560E-02 -0.500000000    
          32          24  0.202342063      -4.21810374E-02 -0.500000000    
          32          25  0.298772991      -5.38832955E-02 -0.500000000    
          32          26  0.371670932      -6.64561167E-02 -0.500000000    
          32          27  0.416842580      -8.19836035E-02 -0.500000000    
          32          28  0.563859046     -0.109876700     -0.500000000    
          32          29  0.901324153     -0.137486726     -0.500000000    
          32          30  0.989266992     -0.120168649     -0.500000000    
          32          31  0.712714016      -9.66021493E-02 -0.500000000    
          32          32  0.569824219      -8.84417295E-02 -0.500000000    
          32          33  0.538202405      -7.71547481E-02 -0.500000000    
          33           1  0.575589657      -5.85041679E-02 -0.500000000    
          33           2  0.505234838      -7.49493986E-02 -0.500000000    
          33           3  0.581490099      -9.52880159E-02 -0.500000000    
          33           4   1.11237884     -0.148729399     -0.500000000    
          33           5  0.887146533     -0.154174283     -0.500000000    
          33           6  0.525276601     -0.115867473     -0.500000000    
          33           7  0.461782396      -9.28840190E-02 -0.500000000    
          33           8  0.376231551      -7.53331855E-02 -0.500000000    
          33           9  0.259003758      -5.87773323E-02 -0.500000000    
          33          10  0.139151499      -4.30501625E-02 -0.500000000    
          33          11   3.38351130E-02  -2.87071355E-02 -0.500000000    
          33          12  -4.73336913E-02  -1.62596982E-02 -0.500000000    
          33          13 -0.102311775      -6.05481956E-03 -0.500000000    
          33          14 -0.135145515       1.72986463E-03 -0.500000000    
          33          15 -0.152338728       7.04162288E-03 -0.500000000    
          33          16 -0.159682184       9.89029743E-03 -0.500000000    
          33          17 -0.160622269       1.02961939E-02 -0.500000000    
          33          18 -0.155652449       8.26365501E-03 -0.500000000    
          33          19 -0.142294288       3.77548463E-03 -0.500000000    
          33          20 -0.115412533      -3.18629155E-03 -0.500000000    
          33          21  -6.84655085E-02  -1.25968149E-02 -0.500000000    
          33          22   3.83036421E-03  -2.43265014E-02 -0.500000000    
          33          23  0.101809531      -3.80871743E-02 -0.500000000    
          33          24  0.218531817      -5.34142517E-02 -0.500000000    
          33          25  0.341389209      -6.96921200E-02 -0.500000000    
          33          26  0.454154640      -8.62458721E-02 -0.500000000    
          33          27  0.530520558     -0.103057377     -0.500000000    
          33          28  0.585770845     -0.124419309     -0.500000000    
          33          29  0.965447783     -0.160376996     -0.500000000    
          33          30   1.11987102     -0.149730146     -0.500000000    
          33          31  0.625478268     -0.100736879     -0.500000000    
          33          32  0.538202763      -7.71548972E-02 -0.500000000    
          33          33  0.557951152      -5.93711697E-02 -0.500000000    
