           1           1  0.652574480      -3.28929313E-02 -0.500000000    
           1           2  0.518998444      -3.26613262E-02 -0.500000000    
           1           3  0.393233865      -3.01957987E-02 -0.500000000    
           1           4  0.475620121      -2.80665103E-02 -0.500000000    
           1           5  0.958947003      -7.21152425E-02 -0.500000000    
           1           6  0.559706211      -7.67952949E-02 -0.500000000    
           1           7   4.69775572E-02  -2.93010231E-02 -0.500000000    
           1           8 -0.112293035       1.24915410E-03 -0.500000000    
           1           9 -0.171502575       2.25369912E-02 -0.500000000    
           1          10 -0.158819810       4.03424799E-02 -0.500000000    
           1          11 -0.103133634       5.51093258E-02 -0.500000000    
           1          12  -3.81069072E-02   6.69112802E-02 -0.500000000    
           1          13   1.87485088E-02   7.59912357E-02 -0.500000000    
           1          14   6.18417822E-02   8.26191828E-02 -0.500000000    
           1          15   9.06181559E-02   8.70172828E-02 -0.500000000    
           1          16  0.105729245       8.93389806E-02 -0.500000000    
           1          17  0.107881874       8.96683931E-02 -0.500000000    
           1          18   9.71191972E-02   8.80162716E-02 -0.500000000    
           1          19   7.30152652E-02   8.43242928E-02 -0.500000000    
           1          20   3.47148553E-02   7.84609020E-02 -0.500000000    
           1          21  -1.78042129E-02   7.02267066E-02 -0.500000000    
           1          22  -8.12620297E-02   5.93634583E-02 -0.500000000    
           1          23 -0.142952740       4.56066802E-02 -0.500000000    
           1          24 -0.172777191       2.88513228E-02 -0.500000000    
           1          25 -0.130801529       9.41393524E-03 -0.500000000    
           1          26  -1.52490437E-02  -1.27209239E-02 -0.500000000    
           1          27  0.172970086      -4.38852273E-02 -0.500000000    
           1          28  0.707566082      -9.09750462E-02 -0.500000000    
           1          29  0.956848443      -8.11243206E-02 -0.500000000    
           1          30  0.474794298      -4.33124527E-02 -0.500000000    
           1          31  0.422917515      -4.15590778E-02 -0.500000000    
           1          32  0.564255178      -3.66684124E-02 -0.500000000    
           1          33  0.669241726      -3.25971209E-02 -0.500000000    
           2           1  0.518998623      -3.26613374E-02 -0.500000000    
           2           2  0.707651377      -3.76913212E-02 -0.500000000    
           2           3  0.716070473      -3.72291207E-02 -0.500000000    
           2           4  0.838067293      -2.99435481E-02 -0.500000000    
           2           5  0.991498649      -4.47775722E-02 -0.500000000    
           2           6  0.732201159      -6.01113178E-02 -0.500000000    
           2           7  0.196300924      -3.08578704E-02 -0.500000000    
           2           8  -3.18875052E-02   6.51702285E-04 -0.500000000    
           2           9 -0.105161607       1.76945850E-02 -0.500000000    
           2          10 -0.116181284       3.03347055E-02 -0.500000000    
           2          11  -9.04997885E-02   4.12474610E-02 -0.500000000    
           2          12  -4.80086952E-02   5.04802540E-02 -0.500000000    
           2          13  -4.28708689E-03   5.79133034E-02 -0.500000000    
           2          14   3.18835266E-02   6.35111555E-02 -0.500000000    
           2          15   5.72196282E-02   6.73022270E-02 -0.500000000    
           2          16   7.09511638E-02   6.93266392E-02 -0.500000000    
           2          17   7.28416666E-02   6.96145594E-02 -0.500000000    
           2          18   6.31349981E-02   6.81714565E-02 -0.500000000    
           2          19   4.15973142E-02   6.49742484E-02 -0.500000000    
           2          20   8.81445035E-03   5.99818155E-02 -0.500000000    
           2          21  -3.29258591E-02   5.31622693E-02 -0.500000000    
           2          22  -7.73003697E-02   4.45204414E-02 -0.500000000    
           2          23 -0.110470824       3.41604911E-02 -0.500000000    
           2          24 -0.112546824       2.23138556E-02 -0.500000000    
           2          25  -6.78133145E-02   9.03934333E-03 -0.500000000    
           2          26   3.76978517E-02  -8.63001775E-03 -0.500000000    
           2          27  0.307445109      -4.18549031E-02 -0.500000000    
           2          28  0.834858656      -6.91541359E-02 -0.500000000    
           2          29   1.00720739      -5.27445078E-02 -0.500000000    
           2          30  0.824141920      -4.10495810E-02 -0.500000000    
           2          31  0.729469538      -4.78939563E-02 -0.500000000    
           2          32  0.660700440      -4.32345793E-02 -0.500000000    
           2          33  0.442955852      -3.57668325E-02 -0.500000000    
           3           1  0.393234551      -3.01958770E-02 -0.500000000    
           3           2  0.716070414      -3.72292101E-02 -0.500000000    
           3           3  0.863074839      -3.38692069E-02 -0.500000000    
           3           4  0.835349023      -2.12595072E-02 -0.500000000    
           3           5  0.790140271      -1.69635322E-02 -0.500000000    
           3           6  0.668511093      -3.44484039E-02 -0.500000000    
           3           7  0.235823721      -2.85638236E-02 -0.500000000    
           3           8   6.46931455E-02   1.10649760E-03 -0.500000000    
           3           9   3.53124104E-02   1.69274509E-02 -0.500000000    
           3          10   3.72583382E-02   2.44442187E-02 -0.500000000    
           3          11   4.34114411E-02   2.99480092E-02 -0.500000000    
           3          12   4.98219393E-02   3.46004888E-02 -0.500000000    
           3          13   5.65528423E-02   3.84738110E-02 -0.500000000    
           3          14   6.33943379E-02   4.15069945E-02 -0.500000000    
           3          15   6.85058981E-02   4.36249413E-02 -0.500000000    
           3          16   7.17297494E-02   4.47845533E-02 -0.500000000    
           3          17   7.21044391E-02   4.49490286E-02 -0.500000000    
           3          18   6.99452981E-02   4.41218354E-02 -0.500000000    
           3          19   6.51541501E-02   4.23156396E-02 -0.500000000    
           3          20   5.90819530E-02   3.95834781E-02 -0.500000000    
           3          21   5.19570634E-02   3.59813310E-02 -0.500000000    
           3          22   4.54396047E-02   3.15862745E-02 -0.500000000    
           3          23   3.97309065E-02   2.64594834E-02 -0.500000000    
           3          24   3.39291282E-02   2.05206797E-02 -0.500000000    
           3          25   3.31791267E-02   1.25209801E-02 -0.500000000    
           3          26   7.60292634E-02  -4.67940001E-03 -0.500000000    
           3          27  0.306215852      -3.66833694E-02 -0.500000000    
           3          28  0.742760062      -3.87730487E-02 -0.500000000    
           3          29  0.797290206      -2.12063063E-02 -0.500000000    
           3          30  0.809795082      -2.60668043E-02 -0.500000000    
           3          31  0.831355095      -3.95575911E-02 -0.500000000    
           3          32  0.616833925      -4.34069671E-02 -0.500000000    
           3          33  0.352373868      -3.87271233E-02 -0.500000000    
           4           1  0.475621164      -2.80667599E-02 -0.500000000    
           4           2  0.838067651      -2.99437381E-02 -0.500000000    
           4           3  0.835348189      -2.12595109E-02 -0.500000000    
           4           4  0.574262440      -1.79210107E-03 -0.500000000    
           4           5  0.508780062       7.32306531E-03 -0.500000000    
           4           6  0.420530438      -5.62016107E-03 -0.500000000    
           4           7  0.202907011      -1.68573745E-02 -0.500000000    
           4           8  0.140672088       3.37876787E-04 -0.500000000    
           4           9  0.162058100       1.53029477E-02 -0.500000000    
           4          10  0.184456885       2.01344229E-02 -0.500000000    
           4          11  0.198164627       2.19836123E-02 -0.500000000    
           4          12  0.202191666       2.34248675E-02 -0.500000000    
           4          13  0.199838847       2.47223563E-02 -0.500000000    
           4          14  0.195125356       2.58080140E-02 -0.500000000    
           4          15  0.190957576       2.66019348E-02 -0.500000000    
           4          16  0.187847391       2.70425677E-02 -0.500000000    
           4          17  0.187745139       2.71092057E-02 -0.500000000    
           4          18  0.189482436       2.67881490E-02 -0.500000000    
           4          19  0.193787664       2.61094645E-02 -0.500000000    
           4          20  0.198350474       2.51126867E-02 -0.500000000    
           4          21  0.201727271       2.38752216E-02 -0.500000000    
           4          22  0.200748891       2.25022528E-02 -0.500000000    
           4          23  0.190124050       2.10864265E-02 -0.500000000    
           4          24  0.165837437       1.93687920E-02 -0.500000000    
           4          25  0.131907985       1.44463675E-02 -0.500000000    
           4          26  0.109670930      -2.14278023E-03 -0.500000000    
           4          27  0.225344718      -2.07905341E-02 -0.500000000    
           4          28  0.499608070      -6.69234153E-03 -0.500000000    
           4          29  0.564322889       5.16522210E-03 -0.500000000    
           4          30  0.633599102      -6.12316001E-03 -0.500000000    
           4          31  0.908525944      -2.90733371E-02 -0.500000000    
           4          32  0.843475819      -4.26340401E-02 -0.500000000    
           4          33  0.468143046      -4.48669270E-02 -0.500000000    
           5           1  0.958947957      -7.21156150E-02 -0.500000000    
           5           2  0.991498232      -4.47777770E-02 -0.500000000    
           5           3  0.790138781      -1.69634707E-02 -0.500000000    
           5           4  0.508778989       7.32316589E-03 -0.500000000    
           5           5  0.318409920       1.98304132E-02 -0.500000000    
           5           6  0.187488720       1.50538525E-02 -0.500000000    
           5           7  0.118359521       2.14585382E-03 -0.500000000    
           5           8  0.152635947       4.04986599E-03 -0.500000000    
           5           9  0.213846788       1.56235090E-02 -0.500000000    
           5          10  0.248981804       1.93557218E-02 -0.500000000    
           5          11  0.269053280       1.84921753E-02 -0.500000000    
           5          12  0.278147280       1.72265787E-02 -0.500000000    
           5          13  0.279722691       1.63603574E-02 -0.500000000    
           5          14  0.277626812       1.58542525E-02 -0.500000000    
           5          15  0.274589807       1.55869490E-02 -0.500000000    
           5          16  0.272417635       1.54694756E-02 -0.500000000    
           5          17  0.272077590       1.54541889E-02 -0.500000000    
           5          18  0.273702413       1.55342752E-02 -0.500000000    
           5          19  0.276614100       1.57438796E-02 -0.500000000    
           5          20  0.279287875       1.61585100E-02 -0.500000000    
           5          21  0.279298723       1.68958269E-02 -0.500000000    
           5          22  0.273192257       1.81063991E-02 -0.500000000    
           5          23  0.256043851       1.98471788E-02 -0.500000000    
           5          24  0.223043233       2.12137215E-02 -0.500000000    
           5          25  0.169886783       1.72191802E-02 -0.500000000    
           5          26   9.34179425E-02   3.65132582E-03 -0.500000000    
           5          27  0.107420437       6.73553557E-04 -0.500000000    
           5          28  0.342330784       1.32049602E-02 -0.500000000    
           5          29  0.485478580       1.53958872E-02 -0.500000000    
           5          30  0.660869956      -1.97715592E-03 -0.500000000    
           5          31  0.907146096      -3.19742560E-02 -0.500000000    
           5          32   1.06224597      -6.74854964E-02 -0.500000000    
           5          33   1.04428744      -9.96595845E-02 -0.500000000    
           6           1  0.559704423      -7.67954588E-02 -0.500000000    
           6           2  0.732199907      -6.01114407E-02 -0.500000000    
           6           3  0.668510199      -3.44483815E-02 -0.500000000    
           6           4  0.420530230      -5.61999436E-03 -0.500000000    
           6           5  0.187488854       1.50539735E-02 -0.500000000    
           6           6   9.46464092E-02   2.37996858E-02 -0.500000000    
           6           7   1.86326467E-02   1.98477898E-02 -0.500000000    
           6           8   2.74233744E-02   1.27506126E-02 -0.500000000    
           6           9   9.70151573E-02   1.87102985E-02 -0.500000000    
           6          10  0.162491113       2.30038464E-02 -0.500000000    
           6          11  0.207745820       2.13659648E-02 -0.500000000    
           6          12  0.236523569       1.84739064E-02 -0.500000000    
           6          13  0.251669049       1.60256010E-02 -0.500000000    
           6          14  0.258178294       1.42291002E-02 -0.500000000    
           6          15  0.260764897       1.30511122E-02 -0.500000000    
           6          16  0.261092812       1.24329207E-02 -0.500000000    
           6          17  0.261355191       1.23465881E-02 -0.500000000    
           6          18  0.260825515       1.27838990E-02 -0.500000000    
           6          19  0.259527028       1.37721784E-02 -0.500000000    
           6          20  0.254451036       1.53547041E-02 -0.500000000    
           6          21  0.242798254       1.76043138E-02 -0.500000000    
           6          22  0.219118744       2.05702316E-02 -0.500000000    
           6          23  0.177647054       2.40468439E-02 -0.500000000    
           6          24  0.118309885       2.61050463E-02 -0.500000000    
           6          25   4.68164869E-02   2.09619645E-02 -0.500000000    
           6          26   1.76859042E-03   1.28836473E-02 -0.500000000    
           6          27   8.09592903E-02   1.85152963E-02 -0.500000000    
           6          28  0.237377822       1.93522349E-02 -0.500000000    
           6          29  0.318908989       5.81518561E-03 -0.500000000    
           6          30  0.555320501      -2.15426832E-02 -0.500000000    
           6          31  0.772522032      -5.20480014E-02 -0.500000000    
           6          32  0.755480826      -7.16689155E-02 -0.500000000    
           6          33  0.558542371      -8.05952102E-02 -0.500000000    
           7           1   4.69823331E-02  -2.93012168E-02 -0.500000000    
           7           2  0.196304008      -3.08579914E-02 -0.500000000    
           7           3  0.235824570      -2.85639577E-02 -0.500000000    
           7           4  0.202906474      -1.68573447E-02 -0.500000000    
           7           5  0.118358508       2.14593788E-03 -0.500000000    
           7           6   1.86328143E-02   1.98478941E-02 -0.500000000    
           7           7   4.96137477E-02   2.74331532E-02 -0.500000000    
           7           8   3.85143571E-02   2.17622332E-02 -0.500000000    
           7           9   1.15973949E-02   2.39955503E-02 -0.500000000    
           7          10   1.26225101E-02   3.00409570E-02 -0.500000000    
           7          11   2.66280957E-02   2.93396469E-02 -0.500000000    
           7          12   4.94996347E-02   2.56992877E-02 -0.500000000    
           7          13   7.21330270E-02   2.21457109E-02 -0.500000000    
           7          14   9.06189382E-02   1.93940829E-02 -0.500000000    
           7          15  0.103294641       1.75363030E-02 -0.500000000    
           7          16  0.109920196       1.65455602E-02 -0.500000000    
           7          17  0.110993080       1.64073557E-02 -0.500000000    
           7          18  0.106100179       1.71092637E-02 -0.500000000    
           7          19   9.55017358E-02   1.86774824E-02 -0.500000000    
           7          20   7.89948776E-02   2.11333092E-02 -0.500000000    
           7          21   5.72007708E-02   2.44855843E-02 -0.500000000    
           7          22   3.33730765E-02   2.85857394E-02 -0.500000000    
           7          23   1.36814108E-02   3.25397439E-02 -0.500000000    
           7          24   9.60222818E-03   3.26745920E-02 -0.500000000    
           7          25   2.57118549E-02   2.41309218E-02 -0.500000000    
           7          26   7.54885674E-02   1.93931852E-02 -0.500000000    
           7          27   9.26264450E-02   2.35697124E-02 -0.500000000    
           7          28   2.46853121E-02   1.40102180E-02 -0.500000000    
           7          29   8.45146403E-02  -4.57828073E-03 -0.500000000    
           7          30  0.179521546      -2.31122710E-02 -0.500000000    
           7          31  0.275841355      -3.22944894E-02 -0.500000000    
           7          32  0.298904389      -3.48386727E-02 -0.500000000    
           7          33  0.222664401      -3.65770832E-02 -0.500000000    
           8           1 -0.112283573       1.24867528E-03 -0.500000000    
           8           2  -3.18819322E-02   6.51342620E-04 -0.500000000    
           8           3   6.46945387E-02   1.10628828E-03 -0.500000000    
           8           4  0.140671611       3.37731966E-04 -0.500000000    
           8           5  0.152634114       4.04976727E-03 -0.500000000    
           8           6   2.74223313E-02   1.27506638E-02 -0.500000000    
           8           7   3.85147817E-02   2.17623059E-02 -0.500000000    
           8           8   9.75315869E-02   1.91194508E-02 -0.500000000    
           8           9   7.17451870E-02   1.92478430E-02 -0.500000000    
           8          10   3.74746434E-02   2.87474357E-02 -0.500000000    
           8          11   4.29158052E-03   3.32519747E-02 -0.500000000    
           8          12  -1.68792829E-02   3.25762518E-02 -0.500000000    
           8          13  -2.66066641E-02   3.04866992E-02 -0.500000000    
           8          14  -2.92977635E-02   2.84240302E-02 -0.500000000    
           8          15  -2.89294887E-02   2.68451311E-02 -0.500000000    
           8          16  -2.78376900E-02   2.59473622E-02 -0.500000000    
           8          17  -2.76887082E-02   2.58168206E-02 -0.500000000    
           8          18  -2.84931380E-02   2.64643282E-02 -0.500000000    
           8          19  -2.94383168E-02   2.78311744E-02 -0.500000000    
           8          20  -2.79910266E-02   2.97738258E-02 -0.500000000    
           8          21  -2.12187264E-02   3.20168175E-02 -0.500000000    
           8          22  -5.27571514E-03   3.40091996E-02 -0.500000000    
           8          23   2.34069936E-02   3.41329612E-02 -0.500000000    
           8          24   6.30429760E-02   2.80274116E-02 -0.500000000    
           8          25   9.93235260E-02   1.59858298E-02 -0.500000000    
           8          26  0.119772881       1.57222580E-02 -0.500000000    
           8          27   3.31107341E-02   1.99116562E-02 -0.500000000    
           8          28  -1.12444898E-02   1.30425720E-02 -0.500000000    
           8          29   8.37408751E-02   5.66945272E-03 -0.500000000    
           8          30   7.41530582E-02   4.22774407E-04 -0.500000000    
           8          31   6.82839826E-02  -3.33949854E-03 -0.500000000    
           8          32   9.38048661E-02  -8.92107841E-03 -0.500000000    
           8          33  0.105421424      -1.09729655E-02 -0.500000000    
           9           1 -0.171498746       2.25358978E-02 -0.500000000    
           9           2 -0.105157487       1.76940430E-02 -0.500000000    
           9           3   3.53136212E-02   1.69270933E-02 -0.500000000    
           9           4  0.162057549       1.53026767E-02 -0.500000000    
           9           5  0.213844761       1.56233869E-02 -0.500000000    
           9           6   9.70128924E-02   1.87103394E-02 -0.500000000    
           9           7   1.15973782E-02   2.39956304E-02 -0.500000000    
           9           8   7.17456564E-02   1.92478206E-02 -0.500000000    
           9           9   7.60721862E-02   1.16732717E-02 -0.500000000    
           9          10   5.79816736E-02   1.72480270E-02 -0.500000000    
           9          11   3.57981510E-02   2.38201208E-02 -0.500000000    
           9          12   1.57745201E-02   2.57632025E-02 -0.500000000    
           9          13   1.77478755E-03   2.58883387E-02 -0.500000000    
           9          14  -7.88729917E-03   2.56164372E-02 -0.500000000    
           9          15  -1.39555559E-02   2.53088158E-02 -0.500000000    
           9          16  -1.69749297E-02   2.51046810E-02 -0.500000000    
           9          17  -1.73953008E-02   2.50725225E-02 -0.500000000    
           9          18  -1.52663607E-02   2.52252892E-02 -0.500000000    
           9          19  -1.02863703E-02   2.55100522E-02 -0.500000000    
           9          20  -1.87504326E-03   2.58322079E-02 -0.500000000    
           9          21   1.04378033E-02   2.60585286E-02 -0.500000000    
           9          22   2.70846896E-02   2.58706752E-02 -0.500000000    
           9          23   4.99649383E-02   2.37837676E-02 -0.500000000    
           9          24   7.52013475E-02   1.64806787E-02 -0.500000000    
           9          25   9.58399326E-02   1.04807848E-02 -0.500000000    
           9          26   8.48570690E-02   2.03291848E-02 -0.500000000    
           9          27  -1.76991662E-03   2.68907994E-02 -0.500000000    
           9          28   6.31978139E-02   2.21857615E-02 -0.500000000    
           9          29  0.146344572       1.72028486E-02 -0.500000000    
           9          30   8.71910825E-02   1.34039037E-02 -0.500000000    
           9          31   8.36274400E-03   1.02042761E-02 -0.500000000    
           9          32  -3.05813570E-02   6.68061338E-03 -0.500000000    
           9          33  -2.42360421E-02   8.29788018E-03 -0.500000000    
          10           1 -0.158830240       4.03407477E-02 -0.500000000    
          10           2 -0.116183490       3.03337369E-02 -0.500000000    
          10           3   3.72591540E-02   2.44437084E-02 -0.500000000    
          10           4  0.184457004       2.01340113E-02 -0.500000000    
          10           5  0.248980224       1.93554852E-02 -0.500000000    
          10           6  0.162487760       2.30037589E-02 -0.500000000    
          10           7   1.26216710E-02   3.00410725E-02 -0.500000000    
          10           8   3.74754108E-02   2.87474096E-02 -0.500000000    
          10           9   5.79818971E-02   1.72479898E-02 -0.500000000    
          10          10   4.23222296E-02   1.57168973E-02 -0.500000000    
          10          11   2.60673389E-02   1.94041077E-02 -0.500000000    
          10          12   1.12296185E-02   1.96977425E-02 -0.500000000    
          10          13   2.80447491E-03   1.85065940E-02 -0.500000000    
          10          14  -1.67239585E-03   1.74505170E-02 -0.500000000    
          10          15  -3.91463609E-03   1.67856645E-02 -0.500000000    
          10          16  -4.85469541E-03   1.64564010E-02 -0.500000000    
          10          17  -4.97831032E-03   1.64110642E-02 -0.500000000    
          10          18  -4.33768146E-03   1.66420881E-02 -0.500000000    
          10          19  -2.60255975E-03   1.71896107E-02 -0.500000000    
          10          20   9.68149165E-04   1.81434155E-02 -0.500000000    
          10          21   7.55920075E-03   1.96003653E-02 -0.500000000    
          10          22   1.90506577E-02   2.12964285E-02 -0.500000000    
          10          23   3.81078497E-02   2.12919954E-02 -0.500000000    
          10          24   5.86863011E-02   1.69539973E-02 -0.500000000    
          10          25   7.72081837E-02   1.82587206E-02 -0.500000000    
          10          26   4.50036861E-02   3.12023610E-02 -0.500000000    
          10          27  -2.20377697E-03   3.25353593E-02 -0.500000000    
          10          28  0.136690527       2.48530824E-02 -0.500000000    
          10          29  0.193767130       1.91695187E-02 -0.500000000    
          10          30  0.116647743       1.76899768E-02 -0.500000000    
          10          31  -1.40657732E-02   1.82161108E-02 -0.500000000    
          10          32 -0.117003120       1.97419934E-02 -0.500000000    
          10          33 -0.124992803       2.48365905E-02 -0.500000000    
          11           1 -0.103158608       5.51067032E-02 -0.500000000    
          11           2  -9.05101821E-02   4.12459299E-02 -0.500000000    
          11           3   4.34113927E-02   2.99473349E-02 -0.500000000    
          11           4  0.198165506       2.19831578E-02 -0.500000000    
          11           5  0.269052118       1.84918568E-02 -0.500000000    
          11           6  0.207742438       2.13657655E-02 -0.500000000    
          11           7   2.66258419E-02   2.93397605E-02 -0.500000000    
          11           8   4.29217331E-03   3.32519673E-02 -0.500000000    
          11           9   3.57983708E-02   2.38200556E-02 -0.500000000    
          11          10   2.60674581E-02   1.94041040E-02 -0.500000000    
          11          11   1.73091106E-02   2.23040991E-02 -0.500000000    
          11          12   7.71710137E-03   2.23837085E-02 -0.500000000    
          11          13   2.57446128E-03   2.03346461E-02 -0.500000000    
          11          14   5.69236348E-04   1.82930585E-02 -0.500000000    
          11          15  -2.74464255E-05   1.68559551E-02 -0.500000000    
          11          16  -1.72149739E-04   1.60877071E-02 -0.500000000    
          11          17  -1.45119964E-04   1.59796085E-02 -0.500000000    
          11          18  -1.28448009E-04   1.65254045E-02 -0.500000000    
          11          19   3.01876920E-04   1.77450441E-02 -0.500000000    
          11          20   1.65288127E-03   1.96523350E-02 -0.500000000    
          11          21   5.04893577E-03   2.21680757E-02 -0.500000000    
          11          22   1.26488796E-02   2.45990194E-02 -0.500000000    
          11          23   2.61225589E-02   2.43490562E-02 -0.500000000    
          11          24   3.91543210E-02   2.02375632E-02 -0.500000000    
          11          25   5.18205985E-02   2.44458299E-02 -0.500000000    
          11          26   7.21111335E-03   3.49291340E-02 -0.500000000    
          11          27   1.62282921E-02   3.08207851E-02 -0.500000000    
          11          28  0.190869525       2.23468058E-02 -0.500000000    
          11          29  0.226816535       1.80772711E-02 -0.500000000    
          11          30  0.138410330       2.01196838E-02 -0.500000000    
          11          31  -2.28217728E-02   2.47638319E-02 -0.500000000    
          11          32 -0.153092653       3.12351845E-02 -0.500000000    
          11          33 -0.169740856       3.87425683E-02 -0.500000000    
          12           1  -3.81416269E-02   6.69078752E-02 -0.500000000    
          12           2  -4.80268635E-02   5.04781716E-02 -0.500000000    
          12           3   4.98203039E-02   3.45996507E-02 -0.500000000    
          12           4  0.202193305       2.34242380E-02 -0.500000000    
          12           5  0.278146267       1.72260758E-02 -0.500000000    
          12           6  0.236520216       1.84736401E-02 -0.500000000    
          12           7   4.94966209E-02   2.56993137E-02 -0.500000000    
          12           8  -1.68789364E-02   3.25763561E-02 -0.500000000    
          12           9   1.57750025E-02   2.57631503E-02 -0.500000000    
          12          10   1.12297041E-02   1.96977817E-02 -0.500000000    
          12          11   7.71693932E-03   2.23837290E-02 -0.500000000    
          12          12   2.91173765E-03   2.35212874E-02 -0.500000000    
          12          13   1.12123834E-03   2.20675860E-02 -0.500000000    
          12          14   2.08743359E-03   2.02652495E-02 -0.500000000    
          12          15   3.39656696E-03   1.89175010E-02 -0.500000000    
          12          16   4.36264509E-03   1.81763414E-02 -0.500000000    
          12          17   4.51562367E-03   1.80719458E-02 -0.500000000    
          12          18   3.80814960E-03   1.86001658E-02 -0.500000000    
          12          19   2.48007104E-03   1.97600499E-02 -0.500000000    
          12          20   1.34896266E-03   2.15148237E-02 -0.500000000    
          12          21   1.27539970E-03   2.36897115E-02 -0.500000000    
          12          22   5.22399694E-03   2.53707804E-02 -0.500000000    
          12          23   1.40682710E-02   2.38136742E-02 -0.500000000    
          12          24   2.22503301E-02   1.98905729E-02 -0.500000000    
          12          25   2.90887114E-02   2.62193531E-02 -0.500000000    
          12          26  -1.68550983E-02   3.40106525E-02 -0.500000000    
          12          27   4.45215851E-02   2.69641560E-02 -0.500000000    
          12          28  0.225292742       1.92700773E-02 -0.500000000    
          12          29  0.246047229       1.70428157E-02 -0.500000000    
          12          30  0.149763346       2.21915543E-02 -0.500000000    
          12          31  -2.18270123E-02   3.03380731E-02 -0.500000000    
          12          32 -0.148805082       4.08954509E-02 -0.500000000    
          12          33 -0.169953153       4.99299429E-02 -0.500000000    
          13           1   1.87084377E-02   7.59870335E-02 -0.500000000    
          13           2  -4.31089662E-03   5.79107180E-02 -0.500000000    
          13           3   5.65491728E-02   3.84727791E-02 -0.500000000    
          13           4  0.199840680       2.47217417E-02 -0.500000000    
          13           5  0.279722363       1.63598154E-02 -0.500000000    
          13           6  0.251666158       1.60252471E-02 -0.500000000    
          13           7   7.21294507E-02   2.21457593E-02 -0.500000000    
          13           8  -2.66069062E-02   3.04868240E-02 -0.500000000    
          13           9   1.77531107E-03   2.58883256E-02 -0.500000000    
          13          10   2.80451612E-03   1.85065921E-02 -0.500000000    
          13          11   2.57451786E-03   2.03346219E-02 -0.500000000    
          13          12   1.12112227E-03   2.20675301E-02 -0.500000000    
          13          13   1.61106233E-03   2.10872646E-02 -0.500000000    
          13          14   4.16139606E-03   1.95405558E-02 -0.500000000    
          13          15   6.41463744E-03   1.83440223E-02 -0.500000000    
          13          16   8.11955798E-03   1.76880658E-02 -0.500000000    
          13          17   8.15609749E-03   1.75933298E-02 -0.500000000    
          13          18   7.24160578E-03   1.80648770E-02 -0.500000000    
          13          19   4.86613950E-03   1.90952346E-02 -0.500000000    
          13          20   2.34653521E-03   2.06615515E-02 -0.500000000    
          13          21   4.31976281E-04   2.25528814E-02 -0.500000000    
          13          22   1.79016264E-03   2.37117335E-02 -0.500000000    
          13          23   6.95792586E-03   2.14537028E-02 -0.500000000    
          13          24   1.19359577E-02   1.85174327E-02 -0.500000000    
          13          25   1.19919684E-02   2.65307073E-02 -0.500000000    
          13          26  -2.88830772E-02   3.19508761E-02 -0.500000000    
          13          27   7.18226805E-02   2.34275721E-02 -0.500000000    
          13          28  0.244670093       1.67808868E-02 -0.500000000    
          13          29  0.255262434       1.64321661E-02 -0.500000000    
          13          30  0.154705733       2.39890702E-02 -0.500000000    
          13          31  -1.51164941E-02   3.49161886E-02 -0.500000000    
          13          32 -0.124555185       4.85747680E-02 -0.500000000    
          13          33 -0.147639498       5.85411973E-02 -0.500000000    
          14           1   6.17994517E-02   8.26144889E-02 -0.500000000    
          14           2   3.18563692E-02   6.35081604E-02 -0.500000000    
          14           3   6.33892864E-02   4.15057354E-02 -0.500000000    
          14           4  0.195127591       2.58072503E-02 -0.500000000    
          14           5  0.277627051       1.58536620E-02 -0.500000000    
          14           6  0.258175731       1.42287137E-02 -0.500000000    
          14           7   9.06149969E-02   1.93940084E-02 -0.500000000    
          14           8  -2.92985663E-02   2.84241587E-02 -0.500000000    
          14           9  -7.88669474E-03   2.56164223E-02 -0.500000000    
          14          10  -1.67228456E-03   1.74505059E-02 -0.500000000    
          14          11   5.69228898E-04   1.82930715E-02 -0.500000000    
          14          12   2.08722241E-03   2.02652998E-02 -0.500000000    
          14          13   4.16136906E-03   1.95405446E-02 -0.500000000    
          14          14   7.44795566E-03   1.80925149E-02 -0.500000000    
          14          15   1.05497232E-02   1.69444978E-02 -0.500000000    
          14          16   1.23890480E-02   1.63147897E-02 -0.500000000    
          14          17   1.26249557E-02   1.62223876E-02 -0.500000000    
          14          18   1.13187591E-02   1.66770853E-02 -0.500000000    
          14          19   8.63819849E-03   1.76700093E-02 -0.500000000    
          14          20   5.01500024E-03   1.91794913E-02 -0.500000000    
          14          21   2.00143130E-03   2.09668055E-02 -0.500000000    
          14          22   1.58663443E-03   2.18388401E-02 -0.500000000    
          14          23   3.26227676E-03   1.92647856E-02 -0.500000000    
          14          24   5.35471411E-03   1.74478423E-02 -0.500000000    
          14          25  -7.88723642E-04   2.64754333E-02 -0.500000000    
          14          26  -3.28879580E-02   2.99417023E-02 -0.500000000    
          14          27   9.36728343E-02   2.07175538E-02 -0.500000000    
          14          28  0.254646808       1.49794351E-02 -0.500000000    
          14          29  0.259117812       1.61342211E-02 -0.500000000    
          14          30  0.155788288       2.54314058E-02 -0.500000000    
          14          31  -6.76622894E-03   3.84443849E-02 -0.500000000    
          14          32  -9.64292064E-02   5.42893335E-02 -0.500000000    
          14          33 -0.120083116       6.48140311E-02 -0.500000000    
          15           1   9.05746445E-02   8.70122984E-02 -0.500000000    
          15           2   5.71899600E-02   6.72989637E-02 -0.500000000    
          15           3   6.84995651E-02   4.36234698E-02 -0.500000000    
          15           4  0.190959975       2.66011134E-02 -0.500000000    
          15           5  0.274590582       1.55863194E-02 -0.500000000    
          15           6  0.260762572       1.30507536E-02 -0.500000000    
          15           7  0.103290483       1.75362229E-02 -0.500000000    
          15           8  -2.89304946E-02   2.68452521E-02 -0.500000000    
          15           9  -1.39548425E-02   2.53088232E-02 -0.500000000    
          15          10  -3.91442329E-03   1.67855937E-02 -0.500000000    
          15          11  -2.73571350E-05   1.68559775E-02 -0.500000000    
          15          12   3.39651946E-03   1.89175084E-02 -0.500000000    
          15          13   6.41460530E-03   1.83440316E-02 -0.500000000    
          15          14   1.05497278E-02   1.69444792E-02 -0.500000000    
          15          15   1.40380329E-02   1.58122033E-02 -0.500000000    
          15          16   1.61120798E-02   1.51876574E-02 -0.500000000    
          15          17   1.64028946E-02   1.50977010E-02 -0.500000000    
          15          18   1.49272615E-02   1.55466385E-02 -0.500000000    
          15          19   1.18205929E-02   1.65317021E-02 -0.500000000    
          15          20   7.67854322E-03   1.80251449E-02 -0.500000000    
          15          21   3.61641729E-03   1.97607037E-02 -0.500000000    
          15          22   1.99872022E-03   2.04567499E-02 -0.500000000    
          15          23   1.59368303E-03   1.77440513E-02 -0.500000000    
          15          24   1.78885658E-03   1.68054458E-02 -0.500000000    
          15          25  -9.31126624E-03   2.63191853E-02 -0.500000000    
          15          26  -3.34050693E-02   2.83969268E-02 -0.500000000    
          15          27  0.108484834       1.88896097E-02 -0.500000000    
          15          28  0.259059578       1.38018345E-02 -0.500000000    
          15          29  0.259756416       1.60107706E-02 -0.500000000    
          15          30  0.155035689       2.64560357E-02 -0.500000000    
          15          31   7.48398481E-04   4.08835001E-02 -0.500000000    
          15          32  -7.36711919E-02   5.81207648E-02 -0.500000000    
          15          33  -9.72565189E-02   6.89676702E-02 -0.500000000    
          16           1  0.105685495       8.93336907E-02 -0.500000000    
          16           2   7.09203556E-02   6.93231970E-02 -0.500000000    
          16           3   7.17222765E-02   4.47829999E-02 -0.500000000    
          16           4  0.187850028       2.70416848E-02 -0.500000000    
          16           5  0.272418618       1.54687585E-02 -0.500000000    
          16           6  0.261090308       1.24324653E-02 -0.500000000    
          16           7  0.109915979       1.65455397E-02 -0.500000000    
          16           8  -2.78389286E-02   2.59475019E-02 -0.500000000    
          16           9  -1.69743486E-02   2.51046792E-02 -0.500000000    
          16          10  -4.85453941E-03   1.64563768E-02 -0.500000000    
          16          11  -1.72040891E-04   1.60877742E-02 -0.500000000    
          16          12   4.36250120E-03   1.81764215E-02 -0.500000000    
          16          13   8.11963622E-03   1.76880378E-02 -0.500000000    
          16          14   1.23892352E-02   1.63147375E-02 -0.500000000    
          16          15   1.61121991E-02   1.51876239E-02 -0.500000000    
          16          16   1.82799622E-02   1.45672513E-02 -0.500000000    
          16          17   1.85370501E-02   1.44754378E-02 -0.500000000    
          16          18   1.70343574E-02   1.49250450E-02 -0.500000000    
          16          19   1.38241388E-02   1.59054250E-02 -0.500000000    
          16          20   9.29465517E-03   1.73923969E-02 -0.500000000    
          16          21   4.99591511E-03   1.91005152E-02 -0.500000000    
          16          22   2.54568271E-03   1.96959097E-02 -0.500000000    
          16          23   6.68435125E-04   1.69305522E-02 -0.500000000    
          16          24  -6.56900229E-05   1.64972544E-02 -0.500000000    
          16          25  -1.34991147E-02   2.61977743E-02 -0.500000000    
          16          26  -3.24979611E-02   2.75157392E-02 -0.500000000    
          16          27  0.116264448       1.79168265E-02 -0.500000000    
          16          28  0.260957509       1.31910201E-02 -0.500000000    
          16          29  0.259619176       1.59721356E-02 -0.500000000    
          16          30  0.154597536       2.70228609E-02 -0.500000000    
          16          31   5.16516110E-03   4.22018692E-02 -0.500000000    
          16          32  -6.05557561E-02   6.01546727E-02 -0.500000000    
          16          33  -8.39156657E-02   7.11578280E-02 -0.500000000    
          17           1  0.107837774       8.96629691E-02 -0.500000000    
          17           2   7.28104115E-02   6.96110651E-02 -0.500000000    
          17           3   7.20969960E-02   4.49475311E-02 -0.500000000    
          17           4  0.187747732       2.71083098E-02 -0.500000000    
          17           5  0.272078335       1.54535063E-02 -0.500000000    
          17           6  0.261352867       1.23460963E-02 -0.500000000    
          17           7  0.110988826       1.64072663E-02 -0.500000000    
          17           8  -2.76900381E-02   2.58169826E-02 -0.500000000    
          17           9  -1.73946302E-02   2.50724964E-02 -0.500000000    
          17          10  -4.97820228E-03   1.64109655E-02 -0.500000000    
          17          11  -1.45140802E-04   1.59796346E-02 -0.500000000    
          17          12   4.51561203E-03   1.80719607E-02 -0.500000000    
          17          13   8.15608259E-03   1.75933298E-02 -0.500000000    
          17          14   1.26249986E-02   1.62223931E-02 -0.500000000    
          17          15   1.64027717E-02   1.50976554E-02 -0.500000000    
          17          16   1.85369737E-02   1.44754695E-02 -0.500000000    
          17          17   1.88985486E-02   1.43858688E-02 -0.500000000    
          17          18   1.72855593E-02   1.48332017E-02 -0.500000000    
          17          19   1.40415281E-02   1.58152208E-02 -0.500000000    
          17          20   9.51923616E-03   1.73005685E-02 -0.500000000    
          17          21   4.97707864E-03   1.90052800E-02 -0.500000000    
          17          22   2.62098620E-03   1.95895284E-02 -0.500000000    
          17          23   7.54758483E-04   1.68169402E-02 -0.500000000    
          17          24  -2.41121394E-04   1.64535735E-02 -0.500000000    
          17          25  -1.42906867E-02   2.61754040E-02 -0.500000000    
          17          26  -3.25128175E-02   2.73877978E-02 -0.500000000    
          17          27  0.117433570       1.77797712E-02 -0.500000000    
          17          28  0.261038303       1.31039023E-02 -0.500000000    
          17          29  0.259567112       1.59683470E-02 -0.500000000    
          17          30  0.154202476       2.71022338E-02 -0.500000000    
          17          31   5.90286078E-03   4.23920006E-02 -0.500000000    
          17          32  -5.86190522E-02   6.04433678E-02 -0.500000000    
          17          33  -8.19645748E-02   7.14679807E-02 -0.500000000    
          18           1   9.70749110E-02   8.80110934E-02 -0.500000000    
          18           2   6.31046295E-02   6.81680143E-02 -0.500000000    
          18           3   6.99380934E-02   4.41203713E-02 -0.500000000    
          18           4  0.189485073       2.67873164E-02 -0.500000000    
          18           5  0.273703068       1.55335963E-02 -0.500000000    
          18           6  0.260823190       1.27834808E-02 -0.500000000    
          18           7  0.106095992       1.71092283E-02 -0.500000000    
          18           8  -2.84944139E-02   2.64645312E-02 -0.500000000    
          18           9  -1.52657852E-02   2.52252296E-02 -0.500000000    
          18          10  -4.33751103E-03   1.66420471E-02 -0.500000000    
          18          11  -1.28382817E-04   1.65254157E-02 -0.500000000    
          18          12   3.80810723E-03   1.86001975E-02 -0.500000000    
          18          13   7.24154245E-03   1.80648509E-02 -0.500000000    
          18          14   1.13186389E-02   1.66771058E-02 -0.500000000    
          18          15   1.49272075E-02   1.55466087E-02 -0.500000000    
          18          16   1.70343649E-02   1.49250776E-02 -0.500000000    
          18          17   1.72856580E-02   1.48331439E-02 -0.500000000    
          18          18   1.58206988E-02   1.52834468E-02 -0.500000000    
          18          19   1.27112409E-02   1.62653029E-02 -0.500000000    
          18          20   8.34877510E-03   1.77557599E-02 -0.500000000    
          18          21   4.30303719E-03   1.94795467E-02 -0.500000000    
          18          22   2.25085625E-03   2.01306473E-02 -0.500000000    
          18          23   1.08117936E-03   1.73933767E-02 -0.500000000    
          18          24   9.11893672E-04   1.66709293E-02 -0.500000000    
          18          25  -1.10381469E-02   2.62722522E-02 -0.500000000    
          18          26  -3.29749137E-02   2.80233603E-02 -0.500000000    
          18          27  0.111821011       1.84709094E-02 -0.500000000    
          18          28  0.260012746       1.35389054E-02 -0.500000000    
          18          29  0.259785831       1.59920603E-02 -0.500000000    
          18          30  0.155023515       2.66987346E-02 -0.500000000    
          18          31   2.54600821E-03   4.14471067E-02 -0.500000000    
          18          32  -6.81230649E-02   5.89951277E-02 -0.500000000    
          18          33  -9.16152447E-02   6.99102581E-02 -0.500000000    
          19           1   7.29715228E-02   8.43193382E-02 -0.500000000    
          19           2   4.15684208E-02   6.49709925E-02 -0.500000000    
          19           3   6.51479885E-02   4.23142835E-02 -0.500000000    
          19           4  0.193790033       2.61086877E-02 -0.500000000    
          19           5  0.276614606       1.57432146E-02 -0.500000000    
          19           6  0.259524256       1.37718348E-02 -0.500000000    
          19           7   9.54978317E-02   1.86775420E-02 -0.500000000    
          19           8  -2.94392705E-02   2.78313439E-02 -0.500000000    
          19           9  -1.02857696E-02   2.55100690E-02 -0.500000000    
          19          10  -2.60235742E-03   1.71896238E-02 -0.500000000    
          19          11   3.01770750E-04   1.77450497E-02 -0.500000000    
          19          12   2.48025311E-03   1.97601039E-02 -0.500000000    
          19          13   4.86611854E-03   1.90952159E-02 -0.500000000    
          19          14   8.63827672E-03   1.76700503E-02 -0.500000000    
          19          15   1.18206367E-02   1.65317170E-02 -0.500000000    
          19          16   1.38242021E-02   1.59054305E-02 -0.500000000    
          19          17   1.40415654E-02   1.58152413E-02 -0.500000000    
          19          18   1.27112279E-02   1.62652433E-02 -0.500000000    
          19          19   9.75948013E-03   1.72523689E-02 -0.500000000    
          19          20   6.01687981E-03   1.87521931E-02 -0.500000000    
          19          21   2.46452377E-03   2.05152407E-02 -0.500000000    
          19          22   1.59199850E-03   2.13186126E-02 -0.500000000    
          19          23   2.63726455E-03   1.86834987E-02 -0.500000000    
          19          24   4.03019832E-03   1.71922408E-02 -0.500000000    
          19          25  -4.14843997E-03   2.64257509E-02 -0.500000000    
          19          26  -3.34812403E-02   2.93619540E-02 -0.500000000    
          19          27   9.93799865E-02   2.00117007E-02 -0.500000000    
          19          28  0.256461471       1.45196961E-02 -0.500000000    
          19          29  0.259419799       1.60782151E-02 -0.500000000    
          19          30  0.155515969       2.58215386E-02 -0.500000000    
          19          31  -3.94913834E-03   3.93812843E-02 -0.500000000    
          19          32  -8.79600644E-02   5.57708554E-02 -0.500000000    
          19          33 -0.111636743       6.64248243E-02 -0.500000000    
          20           1   3.46726216E-02   7.84564838E-02 -0.500000000    
          20           2   8.78861453E-03   5.99790141E-02 -0.500000000    
          20           3   5.90777919E-02   3.95823121E-02 -0.500000000    
          20           4  0.198352873       2.51119342E-02 -0.500000000    
          20           5  0.279287994       1.61579158E-02 -0.500000000    
          20           6  0.254448056       1.53543325E-02 -0.500000000    
          20           7   7.89909139E-02   2.11334135E-02 -0.500000000    
          20           8  -2.79915128E-02   2.97739320E-02 -0.500000000    
          20           9  -1.87447865E-03   2.58321539E-02 -0.500000000    
          20          10   9.68164764E-04   1.81434508E-02 -0.500000000    
          20          11   1.65284972E-03   1.96523666E-02 -0.500000000    
          20          12   1.34886266E-03   2.15148814E-02 -0.500000000    
          20          13   2.34653940E-03   2.06615999E-02 -0.500000000    
          20          14   5.01507381E-03   1.91795621E-02 -0.500000000    
          20          15   7.67861120E-03   1.80251449E-02 -0.500000000    
          20          16   9.29467101E-03   1.73923653E-02 -0.500000000    
          20          17   9.51932650E-03   1.73005369E-02 -0.500000000    
          20          18   8.34890828E-03   1.77557506E-02 -0.500000000    
          20          19   6.01694919E-03   1.87522266E-02 -0.500000000    
          20          20   3.02441278E-03   2.02680770E-02 -0.500000000    
          20          21   8.09751102E-04   2.20905449E-02 -0.500000000    
          20          22   1.65326812E-03   2.31125150E-02 -0.500000000    
          20          23   5.44825522E-03   2.06980351E-02 -0.500000000    
          20          24   9.24995169E-03   1.81304440E-02 -0.500000000    
          20          25   7.20091397E-03   2.65456550E-02 -0.500000000    
          20          26  -3.07375044E-02   3.12541127E-02 -0.500000000    
          20          27   7.99100325E-02   2.24278625E-02 -0.500000000    
          20          28  0.248859197       1.61077641E-02 -0.500000000    
          20          29  0.257202953       1.63069703E-02 -0.500000000    
          20          30  0.155345157       2.45118365E-02 -0.500000000    
          20          31  -1.24552604E-02   3.62108126E-02 -0.500000000    
          20          32 -0.115006857       5.06949089E-02 -0.500000000    
          20          33 -0.138405174       6.08801059E-02 -0.500000000    
          21           1  -1.78433992E-02   7.02227652E-02 -0.500000000    
          21           2  -3.29470746E-02   5.31598777E-02 -0.500000000    
          21           3   5.19551747E-02   3.59803662E-02 -0.500000000    
          21           4  0.201728851       2.38745250E-02 -0.500000000    
          21           5  0.279298067       1.68953016E-02 -0.500000000    
          21           6  0.242794693       1.76039971E-02 -0.500000000    
          21           7   5.71973249E-02   2.44857352E-02 -0.500000000    
          21           8  -2.12184303E-02   3.20169739E-02 -0.500000000    
          21           9   1.04380846E-02   2.60585230E-02 -0.500000000    
          21          10   7.55927432E-03   1.96004063E-02 -0.500000000    
          21          11   5.04890503E-03   2.21681241E-02 -0.500000000    
          21          12   1.27534021E-03   2.36897841E-02 -0.500000000    
          21          13   4.31894092E-04   2.25529168E-02 -0.500000000    
          21          14   2.00154399E-03   2.09668390E-02 -0.500000000    
          21          15   3.61654442E-03   1.97607428E-02 -0.500000000    
          21          16   4.99610137E-03   1.91005394E-02 -0.500000000    
          21          17   4.97721694E-03   1.90052632E-02 -0.500000000    
          21          18   4.30316338E-03   1.94795225E-02 -0.500000000    
          21          19   2.46459479E-03   2.05152370E-02 -0.500000000    
          21          20   8.09827237E-04   2.20905095E-02 -0.500000000    
          21          21   1.19077624E-04   2.40215249E-02 -0.500000000    
          21          22   3.03438678E-03   2.53592562E-02 -0.500000000    
          21          23   1.07403044E-02   2.33821757E-02 -0.500000000    
          21          24   1.81148183E-02   1.96299013E-02 -0.500000000    
          21          25   2.29534507E-02   2.65089590E-02 -0.500000000    
          21          26  -2.19949670E-02   3.34172323E-02 -0.500000000    
          21          27   5.40074334E-02   2.57298015E-02 -0.500000000    
          21          28  0.233214810       1.83712766E-02 -0.500000000    
          21          29  0.249868870       1.67971179E-02 -0.500000000    
          21          30  0.152184814       2.28275228E-02 -0.500000000    
          21          31  -1.99821796E-02   3.19769792E-02 -0.500000000    
          21          32 -0.142022476       4.36767116E-02 -0.500000000    
          21          33 -0.164004534       5.30755147E-02 -0.500000000    
          22           1  -8.12937692E-02   5.93603887E-02 -0.500000000    
          22           2  -7.73146823E-02   4.45185564E-02 -0.500000000    
          22           3   4.54394892E-02   3.15854996E-02 -0.500000000    
          22           4  0.200749889       2.25016642E-02 -0.500000000    
          22           5  0.273190916       1.81059800E-02 -0.500000000    
          22           6  0.219114944       2.05700807E-02 -0.500000000    
          22           7   3.33704278E-02   2.85858568E-02 -0.500000000    
          22           8  -5.27503155E-03   3.40092815E-02 -0.500000000    
          22           9   2.70852018E-02   2.58706789E-02 -0.500000000    
          22          10   1.90506894E-02   2.12964974E-02 -0.500000000    
          22          11   1.26488544E-02   2.45990250E-02 -0.500000000    
          22          12   5.22395922E-03   2.53708269E-02 -0.500000000    
          22          13   1.79017684E-03   2.37118099E-02 -0.500000000    
          22          14   1.58662198E-03   2.18389202E-02 -0.500000000    
          22          15   1.99865690E-03   2.04568021E-02 -0.500000000    
          22          16   2.54565384E-03   1.96959730E-02 -0.500000000    
          22          17   2.62104860E-03   1.95895545E-02 -0.500000000    
          22          18   2.25099549E-03   2.01306250E-02 -0.500000000    
          22          19   1.59205927E-03   2.13185921E-02 -0.500000000    
          22          20   1.65344612E-03   2.31125057E-02 -0.500000000    
          22          21   3.03440844E-03   2.53592543E-02 -0.500000000    
          22          22   8.78778845E-03   2.72649843E-02 -0.500000000    
          22          23   2.04001702E-02   2.61580367E-02 -0.500000000    
          22          24   3.14737186E-02   2.15751808E-02 -0.500000000    
          22          25   4.24064063E-02   2.61130724E-02 -0.500000000    
          22          26  -3.15431226E-03   3.53409313E-02 -0.500000000    
          22          27   2.49937568E-02   2.98031084E-02 -0.500000000    
          22          28  0.204212338       2.13765986E-02 -0.500000000    
          22          29  0.234597042       1.77174192E-02 -0.500000000    
          22          30  0.143037930       2.08453555E-02 -0.500000000    
          22          31  -2.32626908E-02   2.67318971E-02 -0.500000000    
          22          32 -0.155120328       3.46704870E-02 -0.500000000    
          22          33 -0.173671529       4.27704528E-02 -0.500000000    
          23           1 -0.142971605       4.56042625E-02 -0.500000000    
          23           2 -0.110476367       3.41590121E-02 -0.500000000    
          23           3   3.97321284E-02   2.64589582E-02 -0.500000000    
          23           4  0.190124065       2.10859440E-02 -0.500000000    
          23           5  0.256041467       1.98469125E-02 -0.500000000    
          23           6  0.177643210       2.40467638E-02 -0.500000000    
          23           7   1.36801600E-02   3.25399190E-02 -0.500000000    
          23           8   2.34077629E-02   3.41330133E-02 -0.500000000    
          23           9   4.99652438E-02   2.37837508E-02 -0.500000000    
          23          10   3.81078757E-02   2.12919917E-02 -0.500000000    
          23          11   2.61226799E-02   2.43490953E-02 -0.500000000    
          23          12   1.40683297E-02   2.38137115E-02 -0.500000000    
          23          13   6.95801945E-03   2.14536767E-02 -0.500000000    
          23          14   3.26234847E-03   1.92648135E-02 -0.500000000    
          23          15   1.59375009E-03   1.77440643E-02 -0.500000000    
          23          16   6.68310095E-04   1.69306286E-02 -0.500000000    
          23          17   7.54748122E-04   1.68169495E-02 -0.500000000    
          23          18   1.08108064E-03   1.73934028E-02 -0.500000000    
          23          19   2.63743405E-03   1.86834652E-02 -0.500000000    
          23          20   5.44832507E-03   2.06980184E-02 -0.500000000    
          23          21   1.07402289E-02   2.33821589E-02 -0.500000000    
          23          22   2.04001032E-02   2.61580590E-02 -0.500000000    
          23          23   3.61681432E-02   2.66273525E-02 -0.500000000    
          23          24   5.20359650E-02   2.23842487E-02 -0.500000000    
          23          25   6.69430718E-02   2.42878962E-02 -0.500000000    
          23          26   2.86413375E-02   3.56972478E-02 -0.500000000    
          23          27   6.75348565E-06   3.39860953E-02 -0.500000000    
          23          28  0.155743316       2.50249002E-02 -0.500000000    
          23          29  0.206160665       1.92059670E-02 -0.500000000    
          23          30  0.125228778       1.86700672E-02 -0.500000000    
          23          31  -1.80147216E-02   2.05357596E-02 -0.500000000    
          23          32 -0.134326160       2.37634145E-02 -0.500000000    
          23          33 -0.145955086       2.97750812E-02 -0.500000000    
          24           1 -0.172777668       2.88495608E-02 -0.500000000    
          24           2 -0.112543166       2.23129466E-02 -0.500000000    
          24           3   3.39307897E-02   2.05201972E-02 -0.500000000    
          24           4  0.165836886       1.93684101E-02 -0.500000000    
          24           5  0.223040879       2.12135427E-02 -0.500000000    
          24           6  0.118306480       2.61050314E-02 -0.500000000    
          24           7   9.60199349E-03   3.26746218E-02 -0.500000000    
          24           8   6.30438253E-02   2.80274116E-02 -0.500000000    
          24           9   7.52014145E-02   1.64806768E-02 -0.500000000    
          24          10   5.86861819E-02   1.69540811E-02 -0.500000000    
          24          11   3.91543135E-02   2.02376097E-02 -0.500000000    
          24          12   2.22501773E-02   1.98906269E-02 -0.500000000    
          24          13   1.19357128E-02   1.85174458E-02 -0.500000000    
          24          14   5.35439327E-03   1.74478963E-02 -0.500000000    
          24          15   1.78860384E-03   1.68054961E-02 -0.500000000    
          24          16  -6.59167999E-05   1.64973270E-02 -0.500000000    
          24          17  -2.41329428E-04   1.64536554E-02 -0.500000000    
          24          18   9.11655603E-04   1.66709740E-02 -0.500000000    
          24          19   4.03016061E-03   1.71922799E-02 -0.500000000    
          24          20   9.24985297E-03   1.81304533E-02 -0.500000000    
          24          21   1.81146841E-02   1.96299031E-02 -0.500000000    
          24          22   3.14735919E-02   2.15752050E-02 -0.500000000    
          24          23   5.20358495E-02   2.23842282E-02 -0.500000000    
          24          24   7.52631575E-02   1.86547171E-02 -0.500000000    
          24          25   9.41267908E-02   1.76483393E-02 -0.500000000    
          24          26   7.24020228E-02   3.05127110E-02 -0.500000000    
          24          27  -7.13290041E-03   3.53054143E-02 -0.500000000    
          24          28   8.57141614E-02   2.80157495E-02 -0.500000000    
          24          29  0.159487337       2.08512507E-02 -0.500000000    
          24          30   9.52667966E-02   1.62488297E-02 -0.500000000    
          24          31  -2.42754584E-04   1.34240715E-02 -0.500000000    
          24          32  -6.24531806E-02   1.12699028E-02 -0.500000000    
          24          33  -6.20363466E-02   1.41164539E-02 -0.500000000    
          25           1 -0.130785376       9.41283721E-03 -0.500000000    
          25           2  -6.78031296E-02   9.03887209E-03 -0.500000000    
          25           3   3.31812240E-02   1.25206141E-02 -0.500000000    
          25           4  0.131907135       1.44460415E-02 -0.500000000    
          25           5  0.169884190       1.72190815E-02 -0.500000000    
          25           6   4.68142293E-02   2.09620558E-02 -0.500000000    
          25           7   2.57126112E-02   2.41309758E-02 -0.500000000    
          25           8   9.93239880E-02   1.59858242E-02 -0.500000000    
          25           9   9.58398506E-02   1.04808137E-02 -0.500000000    
          25          10   7.72078484E-02   1.82588492E-02 -0.500000000    
          25          11   5.18202372E-02   2.44459230E-02 -0.500000000    
          25          12   2.90881358E-02   2.62194779E-02 -0.500000000    
          25          13   1.19913789E-02   2.65307911E-02 -0.500000000    
          25          14  -7.89470214E-04   2.64754593E-02 -0.500000000    
          25          15  -9.31197591E-03   2.63192486E-02 -0.500000000    
          25          16  -1.34997005E-02   2.61978433E-02 -0.500000000    
          25          17  -1.42914392E-02   2.61753947E-02 -0.500000000    
          25          18  -1.10389302E-02   2.62723006E-02 -0.500000000    
          25          19  -4.14921623E-03   2.64258534E-02 -0.500000000    
          25          20   7.20030628E-03   2.65457574E-02 -0.500000000    
          25          21   2.29529031E-02   2.65090000E-02 -0.500000000    
          25          22   4.24057655E-02   2.61130929E-02 -0.500000000    
          25          23   6.69425726E-02   2.42879800E-02 -0.500000000    
          25          24   9.41266045E-02   1.76484063E-02 -0.500000000    
          25          25  0.113874078       9.34661459E-03 -0.500000000    
          25          26  0.112974986       1.69670135E-02 -0.500000000    
          25          27   1.32618528E-02   2.73219924E-02 -0.500000000    
          25          28   5.85901318E-03   2.47631446E-02 -0.500000000    
          25          29   9.55562070E-02   1.89660303E-02 -0.500000000    
          25          30   5.88396415E-02   1.19428905E-02 -0.500000000    
          25          31   3.29813808E-02   4.91926167E-03 -0.500000000    
          25          32   5.53266071E-02  -2.40540877E-03 -0.500000000    
          25          33   7.36304000E-02  -3.86135443E-03 -0.500000000    
          26           1  -1.52283534E-02  -1.27213830E-02 -0.500000000    
          26           2   3.77091467E-02  -8.63028225E-03 -0.500000000    
          26           3   7.60321170E-02  -4.67975577E-03 -0.500000000    
          26           4  0.109670058      -2.14301166E-03 -0.500000000    
          26           5   9.34158340E-02   3.65130324E-03 -0.500000000    
          26           6   1.76826259E-03   1.28837125E-02 -0.500000000    
          26           7   7.54894540E-02   1.93931740E-02 -0.500000000    
          26           8  0.119772695       1.57223213E-02 -0.500000000    
          26           9   8.48565027E-02   2.03292202E-02 -0.500000000    
          26          10   4.50027473E-02   3.12023554E-02 -0.500000000    
          26          11   7.21016806E-03   3.49290781E-02 -0.500000000    
          26          12  -1.68556627E-02   3.40105593E-02 -0.500000000    
          26          13  -2.88830176E-02   3.19508389E-02 -0.500000000    
          26          14  -3.28875445E-02   2.99416017E-02 -0.500000000    
          26          15  -3.34042050E-02   2.83968262E-02 -0.500000000    
          26          16  -3.24968211E-02   2.75156777E-02 -0.500000000    
          26          17  -3.25116739E-02   2.73877215E-02 -0.500000000    
          26          18  -3.29739451E-02   2.80232485E-02 -0.500000000    
          26          19  -3.34805399E-02   2.93618385E-02 -0.500000000    
          26          20  -3.07372976E-02   3.12540345E-02 -0.500000000    
          26          21  -2.19954457E-02   3.34171318E-02 -0.500000000    
          26          22  -3.15514137E-03   3.53409238E-02 -0.500000000    
          26          23   2.86401175E-02   3.56972590E-02 -0.500000000    
          26          24   7.24010393E-02   3.05127595E-02 -0.500000000    
          26          25  0.112974383       1.69670936E-02 -0.500000000    
          26          26  0.143397704       1.15750302E-02 -0.500000000    
          26          27   7.54176080E-02   1.70469787E-02 -0.500000000    
          26          28  -3.65501307E-02   1.29418578E-02 -0.500000000    
          26          29   2.69865729E-02   5.47790993E-03 -0.500000000    
          26          30   5.51660545E-02  -2.21147831E-03 -0.500000000    
          26          31  0.108774453      -9.45943221E-03 -0.500000000    
          26          32  0.190157950      -1.83692146E-02 -0.500000000    
          26          33  0.214731395      -2.40956247E-02 -0.500000000    
          27           1  0.172985718      -4.38853279E-02 -0.500000000    
          27           2  0.307454854      -4.18550223E-02 -0.500000000    
          27           3  0.306220293      -3.66835147E-02 -0.500000000    
          27           4  0.225345314      -2.07906403E-02 -0.500000000    
          27           5  0.107420258       6.73550006E-04 -0.500000000    
          27           6   8.09609517E-02   1.85153969E-02 -0.500000000    
          27           7   9.26267356E-02   2.35697404E-02 -0.500000000    
          27           8   3.31102237E-02   1.99116394E-02 -0.500000000    
          27           9  -1.77001650E-03   2.68908069E-02 -0.500000000    
          27          10  -2.20313668E-03   3.25353257E-02 -0.500000000    
          27          11   1.62302237E-02   3.08207460E-02 -0.500000000    
          27          12   4.45243567E-02   2.69640200E-02 -0.500000000    
          27          13   7.18261003E-02   2.34275386E-02 -0.500000000    
          27          14   9.36763957E-02   2.07175631E-02 -0.500000000    
          27          15  0.108488806       1.88896414E-02 -0.500000000    
          27          16  0.116268419       1.79168154E-02 -0.500000000    
          27          17  0.117437378       1.77797899E-02 -0.500000000    
          27          18  0.111824751       1.84709150E-02 -0.500000000    
          27          19   9.93835703E-02   2.00117230E-02 -0.500000000    
          27          20   7.99135193E-02   2.24278979E-02 -0.500000000    
          27          21   5.40104620E-02   2.57297736E-02 -0.500000000    
          27          22   2.49960758E-02   2.98030507E-02 -0.500000000    
          27          23   7.84639269E-06   3.39860357E-02 -0.500000000    
          27          24  -7.13286269E-03   3.53053398E-02 -0.500000000    
          27          25   1.32609047E-02   2.73220427E-02 -0.500000000    
          27          26   7.54166692E-02   1.70469470E-02 -0.500000000    
          27          27  0.153965726       1.88465286E-02 -0.500000000    
          27          28  0.115899079       1.15362061E-02 -0.500000000    
          27          29  0.104753226      -7.16922432E-03 -0.500000000    
          27          30  0.229761064      -2.79477425E-02 -0.500000000    
          27          31  0.357930571      -4.04991098E-02 -0.500000000    
          27          32  0.397277743      -4.53227907E-02 -0.500000000    
          27          33  0.321793795      -5.04007861E-02 -0.500000000    
          28           1  0.707574666      -9.09750536E-02 -0.500000000    
          28           2  0.834865034      -6.91540390E-02 -0.500000000    
          28           3  0.742763996      -3.87730114E-02 -0.500000000    
          28           4  0.499610752      -6.69221254E-03 -0.500000000    
          28           5  0.342333913       1.32049844E-02 -0.500000000    
          28           6  0.237379178       1.93522740E-02 -0.500000000    
          28           7   2.46853735E-02   1.40101556E-02 -0.500000000    
          28           8  -1.12435520E-02   1.30425347E-02 -0.500000000    
          28           9   6.31999522E-02   2.21857261E-02 -0.500000000    
          28          10  0.136693314       2.48531066E-02 -0.500000000    
          28          11  0.190872356       2.23468989E-02 -0.500000000    
          28          12  0.225295499       1.92702040E-02 -0.500000000    
          28          13  0.244672403       1.67811047E-02 -0.500000000    
          28          14  0.254649073       1.49796950E-02 -0.500000000    
          28          15  0.259061694       1.38022499E-02 -0.500000000    
          28          16  0.260959595       1.31914224E-02 -0.500000000    
          28          17  0.261040002       1.31042805E-02 -0.500000000    
          28          18  0.260015011       1.35392547E-02 -0.500000000    
          28          19  0.256463766       1.45200454E-02 -0.500000000    
          28          20  0.248861924       1.61080752E-02 -0.500000000    
          28          21  0.233217686       1.83714870E-02 -0.500000000    
          28          22  0.204215586       2.13767495E-02 -0.500000000    
          28          23  0.155746758       2.50250008E-02 -0.500000000    
          28          24   8.57171714E-02   2.80157328E-02 -0.500000000    
          28          25   5.86099038E-03   2.47630570E-02 -0.500000000    
          28          26  -3.65500823E-02   1.29417870E-02 -0.500000000    
          28          27  0.115897007       1.15361279E-02 -0.500000000    
          28          28  0.410506755       1.41361943E-02 -0.500000000    
          28          29  0.477690637       3.57203744E-03 -0.500000000    
          28          30  0.641702473      -2.31110714E-02 -0.500000000    
          28          31  0.846571028      -5.78910746E-02 -0.500000000    
          28          32  0.842740178      -8.21654350E-02 -0.500000000    
          28          33  0.670230448      -9.50161740E-02 -0.500000000    
          29           1  0.956850708      -8.11243206E-02 -0.500000000    
          29           2   1.00720942      -5.27443998E-02 -0.500000000    
          29           3  0.797291458      -2.12062132E-02 -0.500000000    
          29           4  0.564324558       5.16539905E-03 -0.500000000    
          29           5  0.485480249       1.53958984E-02 -0.500000000    
          29           6  0.318909615       5.81513625E-03 -0.500000000    
          29           7   8.45151618E-02  -4.57833707E-03 -0.500000000    
          29           8   8.37423056E-02   5.66950068E-03 -0.500000000    
          29           9  0.146345943       1.72029734E-02 -0.500000000    
          29          10  0.193768740       1.91697031E-02 -0.500000000    
          29          11  0.226817831       1.80775188E-02 -0.500000000    
          29          12  0.246047869       1.70431174E-02 -0.500000000    
          29          13  0.255262613       1.64325815E-02 -0.500000000    
          29          14  0.259117693       1.61346477E-02 -0.500000000    
          29          15  0.259756058       1.60113219E-02 -0.500000000    
          29          16  0.259618759       1.59726720E-02 -0.500000000    
          29          17  0.259566307       1.59688536E-02 -0.500000000    
          29          18  0.259785116       1.59926191E-02 -0.500000000    
          29          19  0.259419292       1.60786957E-02 -0.500000000    
          29          20  0.257203013       1.63074546E-02 -0.500000000    
          29          21  0.249869794       1.67975575E-02 -0.500000000    
          29          22  0.234598309       1.77178346E-02 -0.500000000    
          29          23  0.206162646       1.92062128E-02 -0.500000000    
          29          24  0.159489721       2.08513811E-02 -0.500000000    
          29          25   9.55585614E-02   1.89661290E-02 -0.500000000    
          29          26   2.69885808E-02   5.47798583E-03 -0.500000000    
          29          27  0.104751885      -7.16927322E-03 -0.500000000    
          29          28  0.477687091       3.57199158E-03 -0.500000000    
          29          29  0.598847032       1.08580878E-02 -0.500000000    
          29          30  0.676412880      -4.40380536E-03 -0.500000000    
          29          31  0.897628367      -3.71496007E-02 -0.500000000    
          29          32   1.07069528      -7.59670660E-02 -0.500000000    
          29          33   1.05189288     -0.108881108     -0.500000000    
          30           1  0.474795669      -4.33123857E-02 -0.500000000    
          30           2  0.824143469      -4.10494655E-02 -0.500000000    
          30           3  0.809795797      -2.60667764E-02 -0.500000000    
          30           4  0.633601308      -6.12305850E-03 -0.500000000    
          30           5  0.660871565      -1.97718618E-03 -0.500000000    
          30           6  0.555321157      -2.15427615E-02 -0.500000000    
          30           7  0.179521412      -2.31123138E-02 -0.500000000    
          30           8   7.41533712E-02   4.22903453E-04 -0.500000000    
          30           9   8.71910900E-02   1.34041160E-02 -0.500000000    
          30          10  0.116647564       1.76902227E-02 -0.500000000    
          30          11  0.138410091       2.01200247E-02 -0.500000000    
          30          12  0.149762183       2.21919715E-02 -0.500000000    
          30          13  0.154704049       2.39894930E-02 -0.500000000    
          30          14  0.155786648       2.54318565E-02 -0.500000000    
          30          15  0.155033886       2.64566187E-02 -0.500000000    
          30          16  0.154595882       2.70233825E-02 -0.500000000    
          30          17  0.154200628       2.71028746E-02 -0.500000000    
          30          18  0.155021250       2.66992506E-02 -0.500000000    
          30          19  0.155513927       2.58221272E-02 -0.500000000    
          30          20  0.155343458       2.45122984E-02 -0.500000000    
          30          21  0.152183205       2.28280108E-02 -0.500000000    
          30          22  0.143036872       2.08457038E-02 -0.500000000    
          30          23  0.125228450       1.86703615E-02 -0.500000000    
          30          24   9.52666253E-02   1.62491146E-02 -0.500000000    
          30          25   5.88393919E-02   1.19431550E-02 -0.500000000    
          30          26   5.51655442E-02  -2.21121637E-03 -0.500000000    
          30          27  0.229757547      -2.79475711E-02 -0.500000000    
          30          28  0.641697228      -2.31110342E-02 -0.500000000    
          30          29  0.676410735      -4.40390082E-03 -0.500000000    
          30          30  0.644799352      -1.15806395E-02 -0.500000000    
          30          31  0.863992095      -3.53796668E-02 -0.500000000    
          30          32  0.824457765      -5.40386774E-02 -0.500000000    
          30          33  0.461713225      -5.79665005E-02 -0.500000000    
          31           1  0.422918081      -4.15589847E-02 -0.500000000    
          31           2  0.729470849      -4.78938706E-02 -0.500000000    
          31           3  0.831355989      -3.95575427E-02 -0.500000000    
          31           4  0.908527315      -2.90731918E-02 -0.500000000    
          31           5  0.907146811      -3.19743119E-02 -0.500000000    
          31           6  0.772523463      -5.20479828E-02 -0.500000000    
          31           7  0.275840133      -3.22944336E-02 -0.500000000    
          31           8   6.82813227E-02  -3.33940634E-03 -0.500000000    
          31           9   8.35902616E-03   1.02045042E-02 -0.500000000    
          31          10  -1.40690226E-02   1.82164423E-02 -0.500000000    
          31          11  -2.28242762E-02   2.47642528E-02 -0.500000000    
          31          12  -2.18273960E-02   3.03386506E-02 -0.500000000    
          31          13  -1.51150320E-02   3.49169038E-02 -0.500000000    
          31          14  -6.76249620E-03   3.84451710E-02 -0.500000000    
          31          15   7.53706088E-04   4.08844128E-02 -0.500000000    
          31          16   5.17113833E-03   4.22029272E-02 -0.500000000    
          31          17   5.90928737E-03   4.23930585E-02 -0.500000000    
          31          18   2.55136308E-03   4.14481498E-02 -0.500000000    
          31          19  -3.94474808E-03   3.93821858E-02 -0.500000000    
          31          20  -1.24526713E-02   3.62115502E-02 -0.500000000    
          31          21  -1.99826006E-02   3.19776870E-02 -0.500000000    
          31          22  -2.32655313E-02   2.67324243E-02 -0.500000000    
          31          23  -1.80197768E-02   2.05361210E-02 -0.500000000    
          31          24  -2.49463483E-04   1.34243853E-02 -0.500000000    
          31          25   3.29732522E-02   4.91954107E-03 -0.500000000    
          31          26  0.108765885      -9.45918262E-03 -0.500000000    
          31          27  0.357919663      -4.04988229E-02 -0.500000000    
          31          28  0.846561849      -5.78910783E-02 -0.500000000    
          31          29  0.897624969      -3.71497273E-02 -0.500000000    
          31          30  0.863991022      -3.53797078E-02 -0.500000000    
          31          31  0.787113965      -4.68742996E-02 -0.500000000    
          31          32  0.633353293      -5.45384511E-02 -0.500000000    
          31          33  0.379900217      -4.90080379E-02 -0.500000000    
          32           1  0.564255178      -3.66683491E-02 -0.500000000    
          32           2  0.660700560      -4.32344787E-02 -0.500000000    
          32           3  0.616834044      -4.34067696E-02 -0.500000000    
          32           4  0.843475759      -4.26339135E-02 -0.500000000    
          32           5   1.06224608      -6.74853101E-02 -0.500000000    
          32           6  0.755482316      -7.16687664E-02 -0.500000000    
          32           7  0.298902094      -3.48386429E-02 -0.500000000    
          32           8   9.37968791E-02  -8.92097037E-03 -0.500000000    
          32           9  -3.05929147E-02   6.68082247E-03 -0.500000000    
          32          10 -0.117012791       1.97425224E-02 -0.500000000    
          32          11 -0.153095558       3.12360693E-02 -0.500000000    
          32          12 -0.148799315       4.08967286E-02 -0.500000000    
          32          13 -0.124541305       4.85763438E-02 -0.500000000    
          32          14  -9.64088365E-02   5.42912185E-02 -0.500000000    
          32          15  -7.36470670E-02   5.81228212E-02 -0.500000000    
          32          16  -6.05297796E-02   6.01568669E-02 -0.500000000    
          32          17  -5.85923642E-02   6.04455210E-02 -0.500000000    
          32          18  -6.80975243E-02   5.89972660E-02 -0.500000000    
          32          19  -8.79373401E-02   5.57728261E-02 -0.500000000    
          32          20 -0.114989139       5.06966002E-02 -0.500000000    
          32          21 -0.142012537       4.36781347E-02 -0.500000000    
          32          22 -0.155121177       3.46717462E-02 -0.500000000    
          32          23 -0.134338185       2.37642527E-02 -0.500000000    
          32          24  -6.24740645E-02   1.12703796E-02 -0.500000000    
          32          25   5.53033352E-02  -2.40520807E-03 -0.500000000    
          32          26  0.190137357      -1.83690786E-02 -0.500000000    
          32          27  0.397260725      -4.53228727E-02 -0.500000000    
          32          28  0.842728257      -8.21655020E-02 -0.500000000    
          32          29   1.07069218      -7.59673640E-02 -0.500000000    
          32          30  0.824456930      -5.40388897E-02 -0.500000000    
          32          31  0.633352757      -5.45385256E-02 -0.500000000    
          32          32  0.654409111      -4.79652360E-02 -0.500000000    
          32          33  0.507989466      -3.86600122E-02 -0.500000000    
          33           1  0.669241309      -3.25970352E-02 -0.500000000    
          33           2  0.442955077      -3.57667580E-02 -0.500000000    
          33           3  0.352373481      -3.87269109E-02 -0.500000000    
          33           4  0.468142956      -4.48666289E-02 -0.500000000    
          33           5   1.04428685      -9.96591970E-02 -0.500000000    
          33           6  0.558545291      -8.05951208E-02 -0.500000000    
          33           7  0.222661644      -3.65770422E-02 -0.500000000    
          33           8  0.105410032      -1.09728193E-02 -0.500000000    
          33           9  -2.42529958E-02   8.29827040E-03 -0.500000000    
          33          10 -0.125007182       2.48374306E-02 -0.500000000    
          33          11 -0.169744909       3.87438573E-02 -0.500000000    
          33          12 -0.169943124       4.99318242E-02 -0.500000000    
          33          13 -0.147617340       5.85434772E-02 -0.500000000    
          33          14 -0.120052375       6.48166388E-02 -0.500000000    
          33          15  -9.72204432E-02   6.89705238E-02 -0.500000000    
          33          16  -8.38768631E-02   7.11609274E-02 -0.500000000    
          33          17  -8.19249377E-02   7.14711472E-02 -0.500000000    
          33          18  -9.15768594E-02   6.99133053E-02 -0.500000000    
          33          19 -0.111601822       6.64277002E-02 -0.500000000    
          33          20 -0.138377205       6.08826578E-02 -0.500000000    
          33          21 -0.163987875       5.30776903E-02 -0.500000000    
          33          22 -0.173671246       4.27722931E-02 -0.500000000    
          33          23 -0.145972744       2.97764260E-02 -0.500000000    
          33          24  -6.20677844E-02   1.41171450E-02 -0.500000000    
          33          25   7.35954270E-02  -3.86102940E-03 -0.500000000    
          33          26  0.214702204      -2.40957513E-02 -0.500000000    
          33          27  0.321772665      -5.04009537E-02 -0.500000000    
          33          28  0.670216322      -9.50165391E-02 -0.500000000    
          33          29   1.05189133     -0.108881511     -0.500000000    
          33          30  0.461713105      -5.79667017E-02 -0.500000000    
          33          31  0.379900724      -4.90081869E-02 -0.500000000    
          33          32  0.507990301      -3.86601575E-02 -0.500000000    
          33          33  0.699058712      -3.13611887E-02 -0.500000000    
