           1           1  0.670049846      -2.03210972E-02 -0.500000000    
           1           2  0.538751066      -1.33107854E-02 -0.500000000    
           1           3  0.378254920      -2.39046873E-03 -0.500000000    
           1           4  0.376182616       9.02655441E-03 -0.500000000    
           1           5  0.697860360      -1.16003733E-02 -0.500000000    
           1           6  0.683372140      -4.95621003E-02 -0.500000000    
           1           7  -2.74956860E-02  -4.98977955E-03 -0.500000000    
           1           8 -0.184444368       3.29879485E-02 -0.500000000    
           1           9 -0.149524018       5.48622385E-02 -0.500000000    
           1          10  -6.45361319E-02   7.08309263E-02 -0.500000000    
           1          11   2.24221367E-02   8.35100859E-02 -0.500000000    
           1          12   9.43998322E-02   9.35165957E-02 -0.500000000    
           1          13  0.148485184      0.101189837     -0.500000000    
           1          14  0.186501577      0.106784716     -0.500000000    
           1          15  0.210808799      0.110493340     -0.500000000    
           1          16  0.223354533      0.112450369     -0.500000000    
           1          17  0.225103050      0.112727299     -0.500000000    
           1          18  0.216243997      0.111335836     -0.500000000    
           1          19  0.195999429      0.108222604     -0.500000000    
           1          20  0.162841529      0.103275396     -0.500000000    
           1          21  0.114362851       9.63201150E-02 -0.500000000    
           1          22   4.84088883E-02   8.71242210E-02 -0.500000000    
           1          23  -3.41800675E-02   7.53912628E-02 -0.500000000    
           1          24 -0.121445380       6.07573465E-02 -0.500000000    
           1          25 -0.178285196       4.26986665E-02 -0.500000000    
           1          26 -0.148406923       1.88327767E-02 -0.500000000    
           1          27   9.96927321E-02  -2.13564262E-02 -0.500000000    
           1          28  0.842848539      -6.31926581E-02 -0.500000000    
           1          29  0.680382609      -2.27609910E-02 -0.500000000    
           1          30  0.383868277      -8.55369586E-03 -0.500000000    
           1          31  0.413054407      -1.51265627E-02 -0.500000000    
           1          32  0.573047578      -1.89861786E-02 -0.500000000    
           1          33  0.690534890      -2.09194906E-02 -0.500000000    
           2           1  0.538751364      -1.33108739E-02 -0.500000000    
           2           2  0.676735044      -1.13760773E-02 -0.500000000    
           2           3  0.732574522      -9.07477364E-03 -0.500000000    
           2           4  0.688567817       9.82223079E-04 -0.500000000    
           2           5  0.923751116      -8.75764620E-03 -0.500000000    
           2           6  0.765450299      -2.89213918E-02 -0.500000000    
           2           7  0.182839200      -1.59057770E-02 -0.500000000    
           2           8  -8.05377886E-02   2.07275469E-02 -0.500000000    
           2           9 -0.109301522       4.17227112E-02 -0.500000000    
           2          10  -6.27492890E-02   5.47135025E-02 -0.500000000    
           2          11   2.42475141E-03   6.51004836E-02 -0.500000000    
           2          12   6.38118088E-02   7.36383349E-02 -0.500000000    
           2          13  0.112967648       8.03862959E-02 -0.500000000    
           2          14  0.148569584       8.54045376E-02 -0.500000000    
           2          15  0.171706513       8.87710452E-02 -0.500000000    
           2          16  0.183524385       9.05575529E-02 -0.500000000    
           2          17  0.185290337       9.08123702E-02 -0.500000000    
           2          18  0.176767781       8.95387307E-02 -0.500000000    
           2          19  0.157645464       8.67065042E-02 -0.500000000    
           2          20  0.126322314       8.22482556E-02 -0.500000000    
           2          21   8.16449225E-02   7.60835111E-02 -0.500000000    
           2          22   2.40644775E-02   6.81505054E-02 -0.500000000    
           2          23  -4.11748663E-02   5.84331229E-02 -0.500000000    
           2          24  -9.80728120E-02   4.69531529E-02 -0.500000000    
           2          25 -0.116118431       3.30275819E-02 -0.500000000    
           2          26  -3.34341340E-02   1.06608309E-02 -0.500000000    
           2          27  0.324356288      -2.78681759E-02 -0.500000000    
           2          28  0.870537996      -3.66512574E-02 -0.500000000    
           2          29  0.949745357      -1.71591304E-02 -0.500000000    
           2          30  0.710406899      -1.21630188E-02 -0.500000000    
           2          31  0.757278681      -2.03107148E-02 -0.500000000    
           2          32  0.637579560      -1.87264644E-02 -0.500000000    
           2          33  0.484399289      -1.72344185E-02 -0.500000000    
           3           1  0.378255457      -2.39064894E-03 -0.500000000    
           3           2  0.732575476      -9.07489005E-03 -0.500000000    
           3           3  0.928183436      -1.65832043E-02 -0.500000000    
           3           4  0.882571578      -6.96352171E-03 -0.500000000    
           3           5  0.792747796       1.39448734E-03 -0.500000000    
           3           6  0.660611868      -6.70150202E-03 -0.500000000    
           3           7  0.314642876      -1.67215895E-02 -0.500000000    
           3           8   9.21953097E-02   9.09312908E-03 -0.500000000    
           3           9   5.02970479E-02   2.96357628E-02 -0.500000000    
           3          10   4.91243377E-02   3.86857614E-02 -0.500000000    
           3          11   5.84047101E-02   4.43688594E-02 -0.500000000    
           3          12   7.03773573E-02   4.90783714E-02 -0.500000000    
           3          13   8.30601156E-02   5.30286357E-02 -0.500000000    
           3          14   9.38694775E-02   5.61326183E-02 -0.500000000    
           3          15  0.102174640       5.83111197E-02 -0.500000000    
           3          16  0.106773928       5.94989136E-02 -0.500000000    
           3          17  0.107417084       5.96703105E-02 -0.500000000    
           3          18  0.104106978       5.88181019E-02 -0.500000000    
           3          19   9.71005484E-02   5.69670387E-02 -0.500000000    
           3          20   8.67284983E-02   5.41600101E-02 -0.500000000    
           3          21   7.48324543E-02   5.04844449E-02 -0.500000000    
           3          22   6.23571165E-02   4.60377224E-02 -0.500000000    
           3          23   5.15874214E-02   4.09087837E-02 -0.500000000    
           3          24   4.42175865E-02   3.48668583E-02 -0.500000000    
           3          25   4.87602279E-02   2.52160318E-02 -0.500000000    
           3          26  0.108455218       2.55242060E-03 -0.500000000    
           3          27  0.401369601      -2.45167874E-02 -0.500000000    
           3          28  0.724162459      -1.09255956E-02 -0.500000000    
           3          29  0.817460060      -3.42477951E-03 -0.500000000    
           3          30  0.893980086      -1.17110647E-02 -0.500000000    
           3          31  0.899322689      -2.12145895E-02 -0.500000000    
           3          32  0.610246420      -1.44820753E-02 -0.500000000    
           3          33  0.294359297      -1.03893653E-02 -0.500000000    
           4           1  0.376183182       9.02616140E-03 -0.500000000    
           4           2  0.688568473       9.81962541E-04 -0.500000000    
           4           3  0.882571399      -6.96361670E-03 -0.500000000    
           4           4  0.626164675       3.30617232E-03 -0.500000000    
           4           5  0.416020960       1.57602970E-02 -0.500000000    
           4           6  0.374482185       1.15068574E-02 -0.500000000    
           4           7  0.315976590      -7.40923919E-03 -0.500000000    
           4           8  0.217315167      -2.31192142E-04 -0.500000000    
           4           9  0.208762705       1.79123133E-02 -0.500000000    
           4          10  0.204853177       2.60847379E-02 -0.500000000    
           4          11  0.198958710       2.89358143E-02 -0.500000000    
           4          12  0.188608214       3.07392944E-02 -0.500000000    
           4          13  0.176392093       3.22659351E-02 -0.500000000    
           4          14  0.165377885       3.35181691E-02 -0.500000000    
           4          15  0.156605914       3.44206654E-02 -0.500000000    
           4          16  0.152106345       3.49265039E-02 -0.500000000    
           4          17  0.151144475       3.49972807E-02 -0.500000000    
           4          18  0.154862970       3.46372761E-02 -0.500000000    
           4          19  0.161891133       3.38593498E-02 -0.500000000    
           4          20  0.172630683       3.27185355E-02 -0.500000000    
           4          21  0.184670657       3.12799253E-02 -0.500000000    
           4          22  0.195806831       2.96349749E-02 -0.500000000    
           4          23  0.202485889       2.78088562E-02 -0.500000000    
           4          24  0.201315358       2.49965303E-02 -0.500000000    
           4          25  0.195864290       1.62946116E-02 -0.500000000    
           4          26  0.202658117      -3.75996763E-03 -0.500000000    
           4          27  0.336549371      -1.01150163E-02 -0.500000000    
           4          28  0.425604969       1.07908705E-02 -0.500000000    
           4          29  0.493503332       1.44075388E-02 -0.500000000    
           4          30  0.702240765       1.53898192E-03 -0.500000000    
           4          31  0.913884997      -9.44769941E-03 -0.500000000    
           4          32  0.654857755      -4.97319596E-03 -0.500000000    
           4          33  0.346037269      -2.72764731E-03 -0.500000000    
           5           1  0.697861671      -1.16006564E-02 -0.500000000    
           5           2  0.923752666      -8.75781942E-03 -0.500000000    
           5           3  0.792746603       1.39446207E-03 -0.500000000    
           5           4  0.416019469       1.57602429E-02 -0.500000000    
           5           5   6.68149665E-02   2.73049735E-02 -0.500000000    
           5           6   7.76525289E-02   2.49133967E-02 -0.500000000    
           5           7  0.230563149       8.13057739E-03 -0.500000000    
           5           8  0.250874668      -2.66259914E-04 -0.500000000    
           5           9  0.273306012       9.75019205E-03 -0.500000000    
           5          10  0.281599551       1.74486805E-02 -0.500000000    
           5          11  0.279151201       1.85813159E-02 -0.500000000    
           5          12  0.272048175       1.81729198E-02 -0.500000000    
           5          13  0.261503756       1.78531054E-02 -0.500000000    
           5          14  0.250191271       1.77383460E-02 -0.500000000    
           5          15  0.240871996       1.77324284E-02 -0.500000000    
           5          16  0.235380575       1.77545678E-02 -0.500000000    
           5          17  0.234519556       1.77584104E-02 -0.500000000    
           5          18  0.238581285       1.77401807E-02 -0.500000000    
           5          19  0.246753886       1.77288093E-02 -0.500000000    
           5          20  0.257632971       1.77970733E-02 -0.500000000    
           5          21  0.268909156       1.80562343E-02 -0.500000000    
           5          22  0.277129859       1.86343212E-02 -0.500000000    
           5          23  0.279043525       1.94396209E-02 -0.500000000    
           5          24  0.273367971       1.86586678E-02 -0.500000000    
           5          25  0.253231257       1.03127835E-02 -0.500000000    
           5          26  0.219230086      -8.41965026E-04 -0.500000000    
           5          27  0.204479843       8.84375349E-03 -0.500000000    
           5          28  0.146412909       2.52228808E-02 -0.500000000    
           5          29  0.276312023       2.52919551E-02 -0.500000000    
           5          30  0.615260720       1.06937001E-02 -0.500000000    
           5          31  0.911544263      -7.07826391E-03 -0.500000000    
           5          32  0.982051492      -2.50363704E-02 -0.500000000    
           5          33  0.800026953      -3.81816402E-02 -0.500000000    
           6           1  0.683372617      -4.95624803E-02 -0.500000000    
           6           2  0.765451133      -2.89215483E-02 -0.500000000    
           6           3  0.660611510      -6.70154952E-03 -0.500000000    
           6           4  0.374481350       1.15069775E-02 -0.500000000    
           6           5   7.76518807E-02   2.49134507E-02 -0.500000000    
           6           6  -6.19849302E-02   2.79811677E-02 -0.500000000    
           6           7   2.60161515E-02   2.18532421E-02 -0.500000000    
           6           8  0.126561612       8.70590284E-03 -0.500000000    
           6           9  0.193456963       8.73821415E-03 -0.500000000    
           6          10  0.237939730       1.54321380E-02 -0.500000000    
           6          11  0.255307555       1.61003582E-02 -0.500000000    
           6          12  0.260515958       1.40212374E-02 -0.500000000    
           6          13  0.258782953       1.19702620E-02 -0.500000000    
           6          14  0.254202783       1.04735242E-02 -0.500000000    
           6          15  0.249154091       9.51277930E-03 -0.500000000    
           6          16  0.246170998       9.02013853E-03 -0.500000000    
           6          17  0.245574445       8.95154290E-03 -0.500000000    
           6          18  0.248010620       9.29953903E-03 -0.500000000    
           6          19  0.252286613       1.00968722E-02 -0.500000000    
           6          20  0.257560074       1.14118671E-02 -0.500000000    
           6          21  0.260503232       1.33272400E-02 -0.500000000    
           6          22  0.257430553       1.58665534E-02 -0.500000000    
           6          23  0.243242532       1.84582435E-02 -0.500000000    
           6          24  0.212013245       1.78983938E-02 -0.500000000    
           6          25  0.150801226       1.01380954E-02 -0.500000000    
           6          26   8.13745558E-02   9.76349972E-03 -0.500000000    
           6          27   2.81618312E-02   2.31773853E-02 -0.500000000    
           6          28   4.26203497E-02   2.70672888E-02 -0.500000000    
           6          29  0.219393522       1.92193426E-02 -0.500000000    
           6          30  0.538959205      -6.84948405E-04 -0.500000000    
           6          31  0.812634289      -2.34683342E-02 -0.500000000    
           6          32  0.847367764      -4.60049212E-02 -0.500000000    
           6          33  0.718638897      -5.93826249E-02 -0.500000000    
           7           1  -2.74910815E-02  -4.99003241E-03 -0.500000000    
           7           2  0.182842582      -1.59060266E-02 -0.500000000    
           7           3  0.314643532      -1.67216547E-02 -0.500000000    
           7           4  0.315976381      -7.40935514E-03 -0.500000000    
           7           5  0.230562016       8.13063793E-03 -0.500000000    
           7           6   2.60150712E-02   2.18533147E-02 -0.500000000    
           7           7  -3.09447646E-02   2.92013772E-02 -0.500000000    
           7           8   5.01828641E-03   2.14583874E-02 -0.500000000    
           7           9   1.82533581E-02   1.46823712E-02 -0.500000000    
           7          10   4.95606065E-02   1.88319385E-02 -0.500000000    
           7          11   8.12505558E-02   1.97397210E-02 -0.500000000    
           7          12  0.109656140       1.68102495E-02 -0.500000000    
           7          13  0.132775515       1.35944812E-02 -0.500000000    
           7          14  0.148535803       1.11235557E-02 -0.500000000    
           7          15  0.157896012       9.47859790E-03 -0.500000000    
           7          16  0.162701905       8.61765537E-03 -0.500000000    
           7          17  0.163126126       8.49350635E-03 -0.500000000    
           7          18  0.160101086       9.10907146E-03 -0.500000000    
           7          19  0.152214989       1.04840659E-02 -0.500000000    
           7          20  0.138782650       1.26875704E-02 -0.500000000    
           7          21  0.118244015       1.57780200E-02 -0.500000000    
           7          22   9.00747925E-02   1.96562372E-02 -0.500000000    
           7          23   5.87978810E-02   2.31067967E-02 -0.500000000    
           7          24   3.05600669E-02   2.17374805E-02 -0.500000000    
           7          25   1.30492467E-02   1.57422349E-02 -0.500000000    
           7          26   2.55471990E-02   2.17232592E-02 -0.500000000    
           7          27   3.41024110E-03   2.80140731E-02 -0.500000000    
           7          28   4.06206548E-02   1.80608444E-02 -0.500000000    
           7          29  0.205529019       9.64703737E-04 -0.500000000    
           7          30  0.285795808      -1.58415921E-02 -0.500000000    
           7          31  0.328135014      -2.20943671E-02 -0.500000000    
           7          32  0.256238103      -1.79461185E-02 -0.500000000    
           7          33  0.113561653      -9.36895795E-03 -0.500000000    
           8           1 -0.184443131       3.29872668E-02 -0.500000000    
           8           2  -8.05352181E-02   2.07271334E-02 -0.500000000    
           8           3   9.21964943E-02   9.09285806E-03 -0.500000000    
           8           4  0.217314765      -2.31434780E-04 -0.500000000    
           8           5  0.250873536      -2.66403542E-04 -0.500000000    
           8           6  0.126559734       8.70598573E-03 -0.500000000    
           8           7   5.01804193E-03   2.14584954E-02 -0.500000000    
           8           8   3.04005779E-02   2.32208166E-02 -0.500000000    
           8           9   1.49862738E-02   1.72595493E-02 -0.500000000    
           8          10  -1.20899100E-02   2.16227248E-02 -0.500000000    
           8          11  -2.61385553E-02   2.59450208E-02 -0.500000000    
           8          12  -2.79943291E-02   2.47345176E-02 -0.500000000    
           8          13  -2.00057998E-02   2.17653122E-02 -0.500000000    
           8          14  -9.60019790E-03   1.90320667E-02 -0.500000000    
           8          15  -4.54874244E-04   1.70564018E-02 -0.500000000    
           8          16   4.88554593E-03   1.59728657E-02 -0.500000000    
           8          17   5.71560068E-03   1.58154964E-02 -0.500000000    
           8          18   1.75211206E-03   1.65942330E-02 -0.500000000    
           8          19  -6.15803385E-03   1.82808265E-02 -0.500000000    
           8          20  -1.66836213E-02   2.08070986E-02 -0.500000000    
           8          21  -2.61114351E-02   2.39791684E-02 -0.500000000    
           8          22  -2.94311699E-02   2.71487534E-02 -0.500000000    
           8          23  -1.83240771E-02   2.79437937E-02 -0.500000000    
           8          24   8.45027342E-03   2.17245780E-02 -0.500000000    
           8          25   4.73167002E-02   1.50062041E-02 -0.500000000    
           8          26   5.91023006E-02   2.07844004E-02 -0.500000000    
           8          27   4.39938903E-03   1.89574510E-02 -0.500000000    
           8          28  0.102044314       7.42819160E-03 -0.500000000    
           8          29  0.192532688       1.96166307E-04 -0.500000000    
           8          30  0.148265749       1.90211670E-03 -0.500000000    
           8          31   5.23382090E-02   9.28513985E-03 -0.500000000    
           8          32  -3.59021164E-02   1.56030999E-02 -0.500000000    
           8          33  -5.38534783E-02   2.18758974E-02 -0.500000000    
           9           1 -0.149535313       5.48610352E-02 -0.500000000    
           9           2 -0.109305151       4.17218879E-02 -0.500000000    
           9           3   5.02976961E-02   2.96353828E-02 -0.500000000    
           9           4  0.208763108       1.79119557E-02 -0.500000000    
           9           5  0.273305148       9.74997971E-03 -0.500000000    
           9           6  0.193454713       8.73820856E-03 -0.500000000    
           9           7   1.82521753E-02   1.46824978E-02 -0.500000000    
           9           8   1.49869025E-02   1.72595661E-02 -0.500000000    
           9           9   3.68731953E-02   9.93310194E-03 -0.500000000    
           9          10   1.81212761E-02   1.17622912E-02 -0.500000000    
           9          11   2.75575585E-04   1.93596967E-02 -0.500000000    
           9          12  -1.64430533E-02   2.21845880E-02 -0.500000000    
           9          13  -2.62604468E-02   2.20098756E-02 -0.500000000    
           9          14  -3.08970250E-02   2.11480521E-02 -0.500000000    
           9          15  -3.25135998E-02   2.03514956E-02 -0.500000000    
           9          16  -3.29989791E-02   1.98633950E-02 -0.500000000    
           9          17  -3.29373963E-02   1.97915733E-02 -0.500000000    
           9          18  -3.28191593E-02   2.01465841E-02 -0.500000000    
           9          19  -3.16071883E-02   2.08632760E-02 -0.500000000    
           9          20  -2.82753389E-02   2.17819307E-02 -0.500000000    
           9          21  -2.08721310E-02   2.26204321E-02 -0.500000000    
           9          22  -7.16749858E-03   2.25808006E-02 -0.500000000    
           9          23   1.42501909E-02   1.90622564E-02 -0.500000000    
           9          24   3.62659656E-02   9.92129091E-03 -0.500000000    
           9          25   5.78025505E-02   7.95079488E-03 -0.500000000    
           9          26   2.36420408E-02   1.76263843E-02 -0.500000000    
           9          27   9.34188534E-03   1.69540830E-02 -0.500000000    
           9          28  0.175963968       1.26273194E-02 -0.500000000    
           9          29  0.225884140       1.32739712E-02 -0.500000000    
           9          30  0.142129496       1.96690410E-02 -0.500000000    
           9          31  -1.24382237E-02   2.70922817E-02 -0.500000000    
           9          32 -0.135422662       3.39503363E-02 -0.500000000    
           9          33 -0.143498391       4.13199961E-02 -0.500000000    
          10           1  -6.45594299E-02   7.08288178E-02 -0.500000000    
          10           2  -6.27606735E-02   5.47122844E-02 -0.500000000    
          10           3   4.91237901E-02   3.86852026E-02 -0.500000000    
          10           4  0.204854116       2.60843076E-02 -0.500000000    
          10           5  0.281599134       1.74483471E-02 -0.500000000    
          10           6  0.237937301       1.54320216E-02 -0.500000000    
          10           7   4.95584421E-02   1.88319571E-02 -0.500000000    
          10           8  -1.20895533E-02   2.16227658E-02 -0.500000000    
          10           9   1.81216951E-02   1.17622297E-02 -0.500000000    
          10          10   9.45037603E-03   5.88276796E-03 -0.500000000    
          10          11   3.01103643E-03   1.00896182E-02 -0.500000000    
          10          12  -3.71789467E-03   1.25924749E-02 -0.500000000    
          10          13  -6.64469227E-03   1.25236157E-02 -0.500000000    
          10          14  -6.51590666E-03   1.19880680E-02 -0.500000000    
          10          15  -5.72136045E-03   1.15911784E-02 -0.500000000    
          10          16  -5.06444648E-03   1.13834115E-02 -0.500000000    
          10          17  -4.94267605E-03   1.13558266E-02 -0.500000000    
          10          18  -5.45391254E-03   1.15010273E-02 -0.500000000    
          10          19  -6.29957113E-03   1.18412692E-02 -0.500000000    
          10          20  -6.74979296E-03   1.24137057E-02 -0.500000000    
          10          21  -5.77432942E-03   1.32081881E-02 -0.500000000    
          10          22  -3.27560003E-04   1.35986842E-02 -0.500000000    
          10          23   1.10069625E-02   1.10536050E-02 -0.500000000    
          10          24   2.28207074E-02   6.21328410E-03 -0.500000000    
          10          25   3.43339518E-02   1.31621854E-02 -0.500000000    
          10          26  -9.86091048E-03   2.48310659E-02 -0.500000000    
          10          27   4.44756337E-02   2.23431792E-02 -0.500000000    
          10          28  0.225200042       1.84460897E-02 -0.500000000    
          10          29  0.246417746       1.90689322E-02 -0.500000000    
          10          30  0.150766701       2.62756068E-02 -0.500000000    
          10          31  -2.06985809E-02   3.57878730E-02 -0.500000000    
          10          32 -0.152226552       4.69618477E-02 -0.500000000    
          10          33 -0.174084514       5.63099496E-02 -0.500000000    
          11           1   2.23914832E-02   8.35071057E-02 -0.500000000    
          11           2   2.40634941E-03   6.50987029E-02 -0.500000000    
          11           3   5.84021769E-02   4.43681031E-02 -0.500000000    
          11           4  0.198960587       2.89353188E-02 -0.500000000    
          11           5  0.279151171       1.85808688E-02 -0.500000000    
          11           6  0.255305231       1.61001030E-02 -0.500000000    
          11           7   8.12474266E-02   1.97397731E-02 -0.500000000    
          11           8  -2.61386875E-02   2.59450842E-02 -0.500000000    
          11           9   2.76035746E-04   1.93596259E-02 -0.500000000    
          11          10   3.01110558E-03   1.00896163E-02 -0.500000000    
          11          11   2.78590852E-03   1.11105833E-02 -0.500000000    
          11          12   1.19295029E-03   1.23891821E-02 -0.500000000    
          11          13   1.03743281E-03   1.10098375E-02 -0.500000000    
          11          14   3.07721132E-03   9.22880415E-03 -0.500000000    
          11          15   5.08005079E-03   7.94261042E-03 -0.500000000    
          11          16   6.55211927E-03   7.26608466E-03 -0.500000000    
          11          17   6.65071607E-03   7.17052445E-03 -0.500000000    
          11          18   5.76326810E-03   7.65189482E-03 -0.500000000    
          11          19   3.71012068E-03   8.74267053E-03 -0.500000000    
          11          20   1.57868536E-03   1.04946177E-02 -0.500000000    
          11          21   2.26970646E-04   1.27833635E-02 -0.500000000    
          11          22   2.23323121E-03   1.45523343E-02 -0.500000000    
          11          23   7.30170403E-03   1.29399654E-02 -0.500000000    
          11          24   1.17914537E-02   1.10154292E-02 -0.500000000    
          11          25   9.19193495E-03   2.11625323E-02 -0.500000000    
          11          26  -2.94817965E-02   2.85032969E-02 -0.500000000    
          11          27   8.16382691E-02   2.20502559E-02 -0.500000000    
          11          28  0.248836130       1.77193265E-02 -0.500000000    
          11          29  0.257058501       1.95329469E-02 -0.500000000    
          11          30  0.156345665       2.92102844E-02 -0.500000000    
          11          31  -1.17468871E-02   4.21906337E-02 -0.500000000    
          11          32 -0.119990528       5.75682558E-02 -0.500000000    
          11          33 -0.147992954       6.81959763E-02 -0.500000000    
          12           1   9.43661034E-02   9.35129672E-02 -0.500000000    
          12           2   6.37884140E-02   7.36358985E-02 -0.500000000    
          12           3   7.03718960E-02   4.90773618E-02 -0.500000000    
          12           4  0.188610345       3.07387337E-02 -0.500000000    
          12           5  0.272049010       1.81724150E-02 -0.500000000    
          12           6  0.260514051       1.40209198E-02 -0.500000000    
          12           7  0.109652929       1.68101769E-02 -0.500000000    
          12           8  -2.79953144E-02   2.47346442E-02 -0.500000000    
          12           9  -1.64425224E-02   2.21845973E-02 -0.500000000    
          12          10  -3.71773960E-03   1.25924591E-02 -0.500000000    
          12          11   1.19312096E-03   1.23891775E-02 -0.500000000    
          12          12   5.80030587E-03   1.42968567E-02 -0.500000000    
          12          13   9.54086892E-03   1.33596957E-02 -0.500000000    
          12          14   1.37792313E-02   1.15893744E-02 -0.500000000    
          12          15   1.73817743E-02   1.01839788E-02 -0.500000000    
          12          16   1.95101481E-02   9.41317901E-03 -0.500000000    
          12          17   1.97359510E-02   9.30005591E-03 -0.500000000    
          12          18   1.83055196E-02   9.85702593E-03 -0.500000000    
          12          19   1.51489591E-02   1.10729346E-02 -0.500000000    
          12          20   1.07299788E-02   1.29203340E-02 -0.500000000    
          12          21   6.43573236E-03   1.50991194E-02 -0.500000000    
          12          22   3.92545667E-03   1.61997415E-02 -0.500000000    
          12          23   1.90698716E-03   1.36221787E-02 -0.500000000    
          12          24   8.51937220E-04   1.29925460E-02 -0.500000000    
          12          25  -1.33708687E-02   2.36867089E-02 -0.500000000    
          12          26  -3.29892598E-02   2.67316420E-02 -0.500000000    
          12          27  0.115940735       1.86752528E-02 -0.500000000    
          12          28  0.260020971       1.52791142E-02 -0.500000000    
          12          29  0.259363234       1.92511249E-02 -0.500000000    
          12          30  0.155599728       3.14417630E-02 -0.500000000    
          12          31   4.33889497E-03   4.75596935E-02 -0.500000000    
          12          32  -6.83905557E-02   6.60996661E-02 -0.500000000    
          12          33  -9.65100452E-02   7.74602294E-02 -0.500000000    
          13           1  0.148450911      0.101185352     -0.500000000    
          13           2  0.112941757       8.03832859E-02 -0.500000000    
          13           3   8.30518156E-02   5.30273169E-02 -0.500000000    
          13           4  0.176394492       3.22652273E-02 -0.500000000    
          13           5  0.261505276       1.78524200E-02 -0.500000000    
          13           6  0.258781463       1.19698765E-02 -0.500000000    
          13           7  0.132772222       1.35943890E-02 -0.500000000    
          13           8  -2.00075507E-02   2.17654388E-02 -0.500000000    
          13           9  -2.62601785E-02   2.20098961E-02 -0.500000000    
          13          10  -6.64462522E-03   1.25235692E-02 -0.500000000    
          13          11   1.03730871E-03   1.10097695E-02 -0.500000000    
          13          12   9.54073388E-03   1.33597124E-02 -0.500000000    
          13          13   1.51592372E-02   1.30846454E-02 -0.500000000    
          13          14   2.05090903E-02   1.16738696E-02 -0.500000000    
          13          15   2.50666849E-02   1.04708299E-02 -0.500000000    
          13          16   2.73537915E-02   9.79810394E-03 -0.500000000    
          13          17   2.78827809E-02   9.70074162E-03 -0.500000000    
          13          18   2.59303041E-02   1.01855081E-02 -0.500000000    
          13          19   2.23405045E-02   1.12465592E-02 -0.500000000    
          13          20   1.67429801E-02   1.28337303E-02 -0.500000000    
          13          21   1.08589530E-02   1.45914312E-02 -0.500000000    
          13          22   6.10888936E-03   1.49323391E-02 -0.500000000    
          13          23  -4.29216307E-04   1.18141901E-02 -0.500000000    
          13          24  -5.11280866E-03   1.27793932E-02 -0.500000000    
          13          25  -2.79898290E-02   2.35772599E-02 -0.500000000    
          13          26  -2.54755244E-02   2.36597955E-02 -0.500000000    
          13          27  0.142480105       1.54117402E-02 -0.500000000    
          13          28  0.262923121       1.32008065E-02 -0.500000000    
          13          29  0.255759865       1.91659536E-02 -0.500000000    
          13          30  0.150768608       3.33320946E-02 -0.500000000    
          13          31   2.23819390E-02   5.19621633E-02 -0.500000000    
          13          32  -1.77478939E-02   7.27046430E-02 -0.500000000    
          13          33  -4.34492119E-02   8.44995156E-02 -0.500000000    
          14           1  0.186467797      0.106779769     -0.500000000    
          14           2  0.148542017       8.54010060E-02 -0.500000000    
          14           3   9.38591212E-02   5.61310127E-02 -0.500000000    
          14           4  0.165380418       3.35174203E-02 -0.500000000    
          14           5  0.250193328       1.77376680E-02 -0.500000000    
          14           6  0.254201889       1.04729859E-02 -0.500000000    
          14           7  0.148532718       1.11233843E-02 -0.500000000    
          14           8  -9.60218068E-03   1.90322455E-02 -0.500000000    
          14           9  -3.08967270E-02   2.11480744E-02 -0.500000000    
          14          10  -6.51596719E-03   1.19880475E-02 -0.500000000    
          14          11   3.07709817E-03   9.22881626E-03 -0.500000000    
          14          12   1.37791522E-02   1.15894200E-02 -0.500000000    
          14          13   2.05091368E-02   1.16739124E-02 -0.500000000    
          14          14   2.66297720E-02   1.04495436E-02 -0.500000000    
          14          15   3.13476250E-02   9.33948345E-03 -0.500000000    
          14          16   3.39302942E-02   8.71220231E-03 -0.500000000    
          14          17   3.43732163E-02   8.62307381E-03 -0.500000000    
          14          18   3.24300230E-02   9.07375477E-03 -0.500000000    
          14          19   2.83941515E-02   1.00659356E-02 -0.500000000    
          14          20   2.24839151E-02   1.15431640E-02 -0.500000000    
          14          21   1.56538449E-02   1.30944671E-02 -0.500000000    
          14          22   9.35004931E-03   1.30196689E-02 -0.500000000    
          14          23   7.23652774E-05   9.85234790E-03 -0.500000000    
          14          24  -7.30380137E-03   1.23061519E-02 -0.500000000    
          14          25  -3.63886505E-02   2.28571910E-02 -0.500000000    
          14          26  -1.50621058E-02   2.09325086E-02 -0.500000000    
          14          27  0.160199642       1.29555054E-02 -0.500000000    
          14          28  0.261378139       1.17392680E-02 -0.500000000    
          14          29  0.249302059       1.92475133E-02 -0.500000000    
          14          30  0.144922435       3.48471478E-02 -0.500000000    
          14          31   3.89378816E-02   5.53504117E-02 -0.500000000    
          14          32   2.27450915E-02   7.75437281E-02 -0.500000000    
          14          33   1.41403638E-04   8.96138400E-02 -0.500000000    
          15           1  0.210775912      0.110487968     -0.500000000    
          15           2  0.171677992       8.87672007E-02 -0.500000000    
          15           3  0.102162644       5.83093353E-02 -0.500000000    
          15           4  0.156607985       3.44198234E-02 -0.500000000    
          15           5  0.240874335       1.77317280E-02 -0.500000000    
          15           6  0.249153495       9.51217022E-03 -0.500000000    
          15           7  0.157892570       9.47836041E-03 -0.500000000    
          15           8  -4.57193237E-04   1.70564856E-02 -0.500000000    
          15           9  -3.25135253E-02   2.03515273E-02 -0.500000000    
          15          10  -5.72121795E-03   1.15912203E-02 -0.500000000    
          15          11   5.07990271E-03   7.94260111E-03 -0.500000000    
          15          12   1.73815638E-02   1.01840235E-02 -0.500000000    
          15          13   2.50667296E-02   1.04707964E-02 -0.500000000    
          15          14   3.13475057E-02   9.33949277E-03 -0.500000000    
          15          15   3.62974815E-02   8.26358143E-03 -0.500000000    
          15          16   3.88911739E-02   7.65184592E-03 -0.500000000    
          15          17   3.93549539E-02   7.56364502E-03 -0.500000000    
          15          18   3.73506844E-02   8.00563674E-03 -0.500000000    
          15          19   3.32841948E-02   8.97589326E-03 -0.500000000    
          15          20   2.69938167E-02   1.04127424E-02 -0.500000000    
          15          21   1.98041610E-02   1.18610095E-02 -0.500000000    
          15          22   1.23351617E-02   1.15440199E-02 -0.500000000    
          15          23   9.40290745E-04   8.47827271E-03 -0.500000000    
          15          24  -8.27220641E-03   1.19934948E-02 -0.500000000    
          15          25  -4.03671265E-02   2.21617874E-02 -0.500000000    
          15          26  -5.63231343E-03   1.89709216E-02 -0.500000000    
          15          27  0.170691371       1.13275200E-02 -0.500000000    
          15          28  0.259044170       1.08240722E-02 -0.500000000    
          15          29  0.243271366       1.93790738E-02 -0.500000000    
          15          30  0.140550375       3.59274633E-02 -0.500000000    
          15          31   5.11209182E-02   5.76814152E-02 -0.500000000    
          15          32   5.04302830E-02   8.07615891E-02 -0.500000000    
          15          33   3.05341426E-02   9.30050537E-02 -0.500000000    
          16           1  0.223322272      0.112444676     -0.500000000    
          16           2  0.183495924       9.05535445E-02 -0.500000000    
          16           3  0.106760867       5.94970100E-02 -0.500000000    
          16           4  0.152108401       3.49255912E-02 -0.500000000    
          16           5  0.235383272       1.77538656E-02 -0.500000000    
          16           6  0.246170446       9.01961047E-03 -0.500000000    
          16           7  0.162698746       8.61739367E-03 -0.500000000    
          16           8   4.88301227E-03   1.59729980E-02 -0.500000000    
          16           9  -3.29990946E-02   1.98634546E-02 -0.500000000    
          16          10  -5.06424485E-03   1.13833407E-02 -0.500000000    
          16          11   6.55207830E-03   7.26602506E-03 -0.500000000    
          16          12   1.95101406E-02   9.41324420E-03 -0.500000000    
          16          13   2.73537897E-02   9.79812071E-03 -0.500000000    
          16          14   3.39301489E-02   8.71217437E-03 -0.500000000    
          16          15   3.88909839E-02   7.65182776E-03 -0.500000000    
          16          16   4.15105671E-02   7.04276841E-03 -0.500000000    
          16          17   4.20267284E-02   6.95761573E-03 -0.500000000    
          16          18   3.99645343E-02   7.39423605E-03 -0.500000000    
          16          19   3.57941762E-02   8.35965667E-03 -0.500000000    
          16          20   2.95255762E-02   9.77972429E-03 -0.500000000    
          16          21   2.19601337E-02   1.11752078E-02 -0.500000000    
          16          22   1.41349174E-02   1.07373353E-02 -0.500000000    
          16          23   1.95849710E-03   7.76034920E-03 -0.500000000    
          16          24  -8.51450674E-03   1.18363965E-02 -0.500000000    
          16          25  -4.22268882E-02   2.17231512E-02 -0.500000000    
          16          26  -1.39421318E-04   1.78954974E-02 -0.500000000    
          16          27  0.175793499       1.04715731E-02 -0.500000000    
          16          28  0.257025033       1.03597399E-02 -0.500000000    
          16          29  0.239555702       1.94756817E-02 -0.500000000    
          16          30  0.137529016       3.65195498E-02 -0.500000000    
          16          31   5.80428131E-02   5.89420348E-02 -0.500000000    
          16          32   6.52052164E-02   8.24625939E-02 -0.500000000    
          16          33   4.68851663E-02   9.47965384E-02 -0.500000000    
          17           1  0.225070581      0.112721562     -0.500000000    
          17           2  0.185261190       9.08081457E-02 -0.500000000    
          17           3  0.107403852       5.96682988E-02 -0.500000000    
          17           4  0.151146755       3.49964201E-02 -0.500000000    
          17           5  0.234522566       1.77576989E-02 -0.500000000    
          17           6  0.245574102       8.95101205E-03 -0.500000000    
          17           7  0.163122818       8.49327352E-03 -0.500000000    
          17           8   5.71304001E-03   1.58156753E-02 -0.500000000    
          17           9  -3.29375640E-02   1.97915882E-02 -0.500000000    
          17          10  -4.94240550E-03   1.13558033E-02 -0.500000000    
          17          11   6.65073004E-03   7.17046205E-03 -0.500000000    
          17          12   1.97359063E-02   9.30009689E-03 -0.500000000    
          17          13   2.78827846E-02   9.70075000E-03 -0.500000000    
          17          14   3.43731828E-02   8.62306263E-03 -0.500000000    
          17          15   3.93549204E-02   7.56360358E-03 -0.500000000    
          17          16   4.20267731E-02   6.95761200E-03 -0.500000000    
          17          17   4.24533449E-02   6.87048351E-03 -0.500000000    
          17          18   4.04704586E-02   7.30858836E-03 -0.500000000    
          17          19   3.62903886E-02   8.27054027E-03 -0.500000000    
          17          20   2.99075674E-02   9.68866888E-03 -0.500000000    
          17          21   2.24345773E-02   1.10761113E-02 -0.500000000    
          17          22   1.43198706E-02   1.06189502E-02 -0.500000000    
          17          23   1.88395858E-03   7.65915029E-03 -0.500000000    
          17          24  -8.52419902E-03   1.18176891E-02 -0.500000000    
          17          25  -4.22064736E-02   2.16586217E-02 -0.500000000    
          17          26   7.65700359E-04   1.77392829E-02 -0.500000000    
          17          27  0.176427588       1.03502907E-02 -0.500000000    
          17          28  0.256868988       1.02955345E-02 -0.500000000    
          17          29  0.238872260       1.94897577E-02 -0.500000000    
          17          30  0.137422308       3.66077945E-02 -0.500000000    
          17          31   5.90195134E-02   5.91212288E-02 -0.500000000    
          17          32   6.72614276E-02   8.27034488E-02 -0.500000000    
          17          33   4.92215045E-02   9.50505957E-02 -0.500000000    
          18           1  0.216210634      0.111330241     -0.500000000    
          18           2  0.176738769       8.95346850E-02 -0.500000000    
          18           3  0.104094520       5.88162169E-02 -0.500000000    
          18           4  0.154865131       3.46363597E-02 -0.500000000    
          18           5  0.238584101       1.77394096E-02 -0.500000000    
          18           6  0.248010069       9.29902680E-03 -0.500000000    
          18           7  0.160097927       9.10887495E-03 -0.500000000    
          18           8   1.74965337E-03   1.65943969E-02 -0.500000000    
          18           9  -3.28192674E-02   2.01466605E-02 -0.500000000    
          18          10  -5.45368670E-03   1.15010012E-02 -0.500000000    
          18          11   5.76318987E-03   7.65185058E-03 -0.500000000    
          18          12   1.83055997E-02   9.85702034E-03 -0.500000000    
          18          13   2.59302408E-02   1.01855574E-02 -0.500000000    
          18          14   3.24300490E-02   9.07373521E-03 -0.500000000    
          18          15   3.73507105E-02   8.00560694E-03 -0.500000000    
          18          16   3.99645865E-02   7.39422115E-03 -0.500000000    
          18          17   4.04703617E-02   7.30858510E-03 -0.500000000    
          18          18   3.84256579E-02   7.74685945E-03 -0.500000000    
          18          19   3.42766531E-02   8.71560164E-03 -0.500000000    
          18          20   2.80707832E-02   1.01446705E-02 -0.500000000    
          18          21   2.06334870E-02   1.15696322E-02 -0.500000000    
          18          22   1.31084528E-02   1.12013081E-02 -0.500000000    
          18          23   1.47901662E-03   8.16929154E-03 -0.500000000    
          18          24  -8.37030727E-03   1.19238487E-02 -0.500000000    
          18          25  -4.13348861E-02   2.19780300E-02 -0.500000000    
          18          26  -3.39406310E-03   1.85121484E-02 -0.500000000    
          18          27  0.172952622       1.09589789E-02 -0.500000000    
          18          28  0.258122176       1.06220320E-02 -0.500000000    
          18          29  0.241756469       1.94187034E-02 -0.500000000    
          18          30  0.139098212       3.61786112E-02 -0.500000000    
          18          31   5.40988147E-02   5.82220778E-02 -0.500000000    
          18          32   5.68004921E-02   8.14934149E-02 -0.500000000    
          18          33   3.75443697E-02   9.37756449E-02 -0.500000000    
          19           1  0.195965290      0.108217336     -0.500000000    
          19           2  0.157616988       8.67027640E-02 -0.500000000    
          19           3   9.70892981E-02   5.69653362E-02 -0.500000000    
          19           4  0.161893606       3.38584781E-02 -0.500000000    
          19           5  0.246756256       1.77281778E-02 -0.500000000    
          19           6  0.252285808       1.00963591E-02 -0.500000000    
          19           7  0.152211472       1.04839271E-02 -0.500000000    
          19           8  -6.16023550E-03   1.82809960E-02 -0.500000000    
          19           9  -3.16070095E-02   2.08633225E-02 -0.500000000    
          19          10  -6.29945099E-03   1.18412394E-02 -0.500000000    
          19          11   3.71012511E-03   8.74269567E-03 -0.500000000    
          19          12   1.51488334E-02   1.10729691E-02 -0.500000000    
          19          13   2.23404616E-02   1.12465834E-02 -0.500000000    
          19          14   2.83940844E-02   1.00659272E-02 -0.500000000    
          19          15   3.32842283E-02   8.97589326E-03 -0.500000000    
          19          16   3.57943289E-02   8.35963991E-03 -0.500000000    
          19          17   3.62904444E-02   8.27053562E-03 -0.500000000    
          19          18   3.42765413E-02   8.71562771E-03 -0.500000000    
          19          19   3.03331129E-02   9.69262328E-03 -0.500000000    
          19          20   2.41710152E-02   1.11454045E-02 -0.500000000    
          19          21   1.72907207E-02   1.26493480E-02 -0.500000000    
          19          22   1.04931425E-02   1.24711851E-02 -0.500000000    
          19          23   2.23046634E-04   9.32690501E-03 -0.500000000    
          19          24  -7.81640969E-03   1.21873869E-02 -0.500000000    
          19          25  -3.79818529E-02   2.26112437E-02 -0.500000000    
          19          26  -1.15049593E-02   2.01855972E-02 -0.500000000    
          19          27  0.164397702       1.23237986E-02 -0.500000000    
          19          28  0.260756075       1.13799907E-02 -0.500000000    
          19          29  0.247171149       1.92909725E-02 -0.500000000    
          19          30  0.143477112       3.52598242E-02 -0.500000000    
          19          31   4.34667543E-02   5.62448055E-02 -0.500000000    
          19          32   3.34159285E-02   7.87904635E-02 -0.500000000    
          19          33   1.18181501E-02   9.09282044E-02 -0.500000000    
          20           1  0.162806258      0.103270590     -0.500000000    
          20           2  0.126294628       8.22449550E-02 -0.500000000    
          20           3   8.67194459E-02   5.41585721E-02 -0.500000000    
          20           4  0.172633216       3.27177681E-02 -0.500000000    
          20           5  0.257634759       1.77964419E-02 -0.500000000    
          20           6  0.257558644       1.14113968E-02 -0.500000000    
          20           7  0.138779119       1.26874270E-02 -0.500000000    
          20           8  -1.66856535E-02   2.08072606E-02 -0.500000000    
          20           9  -2.82751154E-02   2.17819773E-02 -0.500000000    
          20          10  -6.74971240E-03   1.24136880E-02 -0.500000000    
          20          11   1.57852797E-03   1.04946466E-02 -0.500000000    
          20          12   1.07299266E-02   1.29203647E-02 -0.500000000    
          20          13   1.67429429E-02   1.28338197E-02 -0.500000000    
          20          14   2.24840697E-02   1.15431855E-02 -0.500000000    
          20          15   2.69938745E-02   1.04127722E-02 -0.500000000    
          20          16   2.95255203E-02   9.77976155E-03 -0.500000000    
          20          17   2.99075041E-02   9.68871079E-03 -0.500000000    
          20          18   2.80707311E-02   1.01445895E-02 -0.500000000    
          20          19   2.41709165E-02   1.11454073E-02 -0.500000000    
          20          20   1.85477287E-02   1.26454914E-02 -0.500000000    
          20          21   1.22830309E-02   1.42714027E-02 -0.500000000    
          20          22   6.94233738E-03   1.44026512E-02 -0.500000000    
          20          23  -4.20227298E-04   1.11964876E-02 -0.500000000    
          20          24  -5.96343819E-03   1.26607371E-02 -0.500000000    
          20          25  -3.13768834E-02   2.33837925E-02 -0.500000000    
          20          26  -2.21949741E-02   2.26917472E-02 -0.500000000    
          20          27  0.149302244       1.45030199E-02 -0.500000000    
          20          28  0.262582898       1.26471305E-02 -0.500000000    
          20          29  0.253622621       1.91804264E-02 -0.500000000    
          20          30  0.148713291       3.38819772E-02 -0.500000000    
          20          31   2.83489879E-02   5.32078259E-02 -0.500000000    
          20          32  -2.91555934E-03   7.45056123E-02 -0.500000000    
          20          33  -2.75909118E-02   8.64063054E-02 -0.500000000    
          21           1  0.114326805       9.63158607E-02 -0.500000000    
          21           2   8.16189200E-02   7.60807544E-02 -0.500000000    
          21           3   7.48257712E-02   5.04832901E-02 -0.500000000    
          21           4  0.184673160       3.12792882E-02 -0.500000000    
          21           5  0.268910199       1.80556439E-02 -0.500000000    
          21           6  0.260501564       1.33268787E-02 -0.500000000    
          21           7  0.118240491       1.57779530E-02 -0.500000000    
          21           8  -2.61127949E-02   2.39793565E-02 -0.500000000    
          21           9  -2.08717212E-02   2.26204917E-02 -0.500000000    
          21          10  -5.77440858E-03   1.32081825E-02 -0.500000000    
          21          11   2.26946082E-04   1.27834259E-02 -0.500000000    
          21          12   6.43571559E-03   1.50991771E-02 -0.500000000    
          21          13   1.08588738E-02   1.45915104E-02 -0.500000000    
          21          14   1.56540126E-02   1.30945398E-02 -0.500000000    
          21          15   1.98043529E-02   1.18609872E-02 -0.500000000    
          21          16   2.19601188E-02   1.11752125E-02 -0.500000000    
          21          17   2.24345773E-02   1.10760992E-02 -0.500000000    
          21          18   2.06336975E-02   1.15696033E-02 -0.500000000    
          21          19   1.72909535E-02   1.26493108E-02 -0.500000000    
          21          20   1.22830085E-02   1.42713850E-02 -0.500000000    
          21          21   7.20711518E-03   1.61229149E-02 -0.500000000    
          21          22   3.92481592E-03   1.67368054E-02 -0.500000000    
          21          23   1.96492299E-04   1.37031963E-02 -0.500000000    
          21          24  -2.22857343E-03   1.33995293E-02 -0.500000000    
          21          25  -1.94286257E-02   2.40245461E-02 -0.500000000    
          21          26  -3.12775783E-02   2.58492120E-02 -0.500000000    
          21          27  0.125799403       1.75690614E-02 -0.500000000    
          21          28  0.261728942       1.45415552E-02 -0.500000000    
          21          29  0.258831561       1.92047823E-02 -0.500000000    
          21          30  0.154162183       3.21097858E-02 -0.500000000    
          21          31   1.02653187E-02   4.91369404E-02 -0.500000000    
          21          32  -5.07252328E-02   6.85078278E-02 -0.500000000    
          21          33  -7.82373175E-02   8.00368562E-02 -0.500000000    
          22           1   4.83732820E-02   8.71206969E-02 -0.500000000    
          22           2   2.40422431E-02   6.81483373E-02 -0.500000000    
          22           3   6.23534881E-02   4.60368171E-02 -0.500000000    
          22           4  0.195808783       2.96343826E-02 -0.500000000    
          22           5  0.277129710       1.86338089E-02 -0.500000000    
          22           6  0.257427990       1.58662107E-02 -0.500000000    
          22           7   9.00713205E-02   1.96562279E-02 -0.500000000    
          22           8  -2.94314716E-02   2.71488987E-02 -0.500000000    
          22           9  -7.16705387E-03   2.25807708E-02 -0.500000000    
          22          10  -3.27459536E-04   1.35986516E-02 -0.500000000    
          22          11   2.23323004E-03   1.45524116E-02 -0.500000000    
          22          12   3.92533839E-03   1.61997862E-02 -0.500000000    
          22          13   6.10897364E-03   1.49323288E-02 -0.500000000    
          22          14   9.35008936E-03   1.30197657E-02 -0.500000000    
          22          15   1.23351971E-02   1.15440451E-02 -0.500000000    
          22          16   1.41348690E-02   1.07373176E-02 -0.500000000    
          22          17   1.43198883E-02   1.06189325E-02 -0.500000000    
          22          18   1.31084435E-02   1.12012783E-02 -0.500000000    
          22          19   1.04932375E-02   1.24711692E-02 -0.500000000    
          22          20   6.94220793E-03   1.44026112E-02 -0.500000000    
          22          21   3.92482616E-03   1.67367626E-02 -0.500000000    
          22          22   3.30058252E-03   1.82117987E-02 -0.500000000    
          22          23   4.69399430E-03   1.59728471E-02 -0.500000000    
          22          24   6.42813044E-03   1.40017401E-02 -0.500000000    
          22          25  -4.54782916E-04   2.38788184E-02 -0.500000000    
          22          26  -3.34066972E-02   2.91177426E-02 -0.500000000    
          22          27   9.30666998E-02   2.14935839E-02 -0.500000000    
          22          28  0.253645241       1.71407070E-02 -0.500000000    
          22          29  0.258699775       1.95147563E-02 -0.500000000    
          22          30  0.157079518       3.00211590E-02 -0.500000000    
          22          31  -6.86816406E-03   4.40893732E-02 -0.500000000    
          22          32 -0.103664793       6.06365688E-02 -0.500000000    
          22          33 -0.132156208       7.15543479E-02 -0.500000000    
          23           1  -3.42115089E-02   7.53885061E-02 -0.500000000    
          23           2  -4.11911085E-02   5.84315099E-02 -0.500000000    
          23           3   5.15863560E-02   4.09080498E-02 -0.500000000    
          23           4  0.202487230       2.78084073E-02 -0.500000000    
          23           5  0.279042721       1.94392446E-02 -0.500000000    
          23           6  0.243239656       1.84580553E-02 -0.500000000    
          23           7   5.87951243E-02   2.31068619E-02 -0.500000000    
          23           8  -1.83236822E-02   2.79438738E-02 -0.500000000    
          23           9   1.42506640E-02   1.90622136E-02 -0.500000000    
          23          10   1.10069262E-02   1.10536534E-02 -0.500000000    
          23          11   7.30171334E-03   1.29399681E-02 -0.500000000    
          23          12   1.90705725E-03   1.36222197E-02 -0.500000000    
          23          13  -4.29194653E-04   1.18142543E-02 -0.500000000    
          23          14   7.23935664E-05   9.85232554E-03 -0.500000000    
          23          15   9.40088881E-04   8.47827550E-03 -0.500000000    
          23          16   1.95845868E-03   7.76035944E-03 -0.500000000    
          23          17   1.88393565E-03   7.65914284E-03 -0.500000000    
          23          18   1.47904421E-03   8.16931482E-03 -0.500000000    
          23          19   2.23019160E-04   9.32686497E-03 -0.500000000    
          23          20  -4.20157914E-04   1.11964354E-02 -0.500000000    
          23          21   1.96471578E-04   1.37031740E-02 -0.500000000    
          23          22   4.69400734E-03   1.59728210E-02 -0.500000000    
          23          23   1.38909286E-02   1.50960386E-02 -0.500000000    
          23          24   2.20036227E-02   1.21908598E-02 -0.500000000    
          23          25   2.65928879E-02   2.07416695E-02 -0.500000000    
          23          26  -1.97064634E-02   3.05467397E-02 -0.500000000    
          23          27   5.47248274E-02   2.54489463E-02 -0.500000000    
          23          28  0.232578814       2.01552920E-02 -0.500000000    
          23          29  0.249437258       2.01758761E-02 -0.500000000    
          23          30  0.153158084       2.76666768E-02 -0.500000000    
          23          31  -1.83565468E-02   3.81293446E-02 -0.500000000    
          23          32 -0.145017058       5.07504456E-02 -0.500000000    
          23          33 -0.170011476       6.05953746E-02 -0.500000000    
          24           1 -0.121466286       6.07553013E-02 -0.500000000    
          24           2  -9.80803668E-02   4.69520167E-02 -0.500000000    
          24           3   4.42183316E-02   3.48663591E-02 -0.500000000    
          24           4  0.201315880       2.49961596E-02 -0.500000000    
          24           5  0.273366511       1.86583418E-02 -0.500000000    
          24           6  0.212010100       1.78983100E-02 -0.500000000    
          24           7   3.05586942E-02   2.17375942E-02 -0.500000000    
          24           8   8.45093932E-03   2.17246134E-02 -0.500000000    
          24           9   3.62662375E-02   9.92131419E-03 -0.500000000    
          24          10   2.28206739E-02   6.21331623E-03 -0.500000000    
          24          11   1.17914211E-02   1.10155130E-02 -0.500000000    
          24          12   8.51890189E-04   1.29925469E-02 -0.500000000    
          24          13  -5.11293998E-03   1.27794743E-02 -0.500000000    
          24          14  -7.30407238E-03   1.23062273E-02 -0.500000000    
          24          15  -8.27252399E-03   1.19935824E-02 -0.500000000    
          24          16  -8.51476938E-03   1.18365046E-02 -0.500000000    
          24          17  -8.52426793E-03   1.18177431E-02 -0.500000000    
          24          18  -8.37050751E-03   1.19239008E-02 -0.500000000    
          24          19  -7.81661551E-03   1.21874111E-02 -0.500000000    
          24          20  -5.96353598E-03   1.26607828E-02 -0.500000000    
          24          21  -2.22875457E-03   1.33995591E-02 -0.500000000    
          24          22   6.42809412E-03   1.40017513E-02 -0.500000000    
          24          23   2.20037103E-02   1.21908775E-02 -0.500000000    
          24          24   3.81926745E-02   6.84565818E-03 -0.500000000    
          24          25   5.50867692E-02   1.13069043E-02 -0.500000000    
          24          26   1.37252491E-02   2.51404196E-02 -0.500000000    
          24          27   2.06446089E-02   2.55365018E-02 -0.500000000    
          24          28  0.193610385       2.12136470E-02 -0.500000000    
          24          29  0.228662893       2.01778766E-02 -0.500000000    
          24          30  0.139750615       2.46913433E-02 -0.500000000    
          24          31  -1.89638697E-02   3.11946664E-02 -0.500000000    
          24          32 -0.145900592       3.88085172E-02 -0.500000000    
          24          33 -0.158696547       4.67733927E-02 -0.500000000    
          25           1 -0.178288370       4.26973067E-02 -0.500000000    
          25           2 -0.116116919       3.30268368E-02 -0.500000000    
          25           3   4.87619415E-02   2.52156593E-02 -0.500000000    
          25           4  0.195864066       1.62942819E-02 -0.500000000    
          25           5  0.253229260       1.03125796E-02 -0.500000000    
          25           6  0.150798351       1.01380413E-02 -0.500000000    
          25           7   1.30488276E-02   1.57423783E-02 -0.500000000    
          25           8   4.73173894E-02   1.50062293E-02 -0.500000000    
          25           9   5.78023419E-02   7.95086101E-03 -0.500000000    
          25          10   3.43336836E-02   1.31622329E-02 -0.500000000    
          25          11   9.19134915E-03   2.11625788E-02 -0.500000000    
          25          12  -1.33714806E-02   2.36867107E-02 -0.500000000    
          25          13  -2.79903822E-02   2.35772729E-02 -0.500000000    
          25          14  -3.63890789E-02   2.28572376E-02 -0.500000000    
          25          15  -4.03672569E-02   2.21617669E-02 -0.500000000    
          25          16  -4.22270633E-02   2.17231959E-02 -0.500000000    
          25          17  -4.22065556E-02   2.16586143E-02 -0.500000000    
          25          18  -4.13350426E-02   2.19780318E-02 -0.500000000    
          25          19  -3.79821807E-02   2.26112697E-02 -0.500000000    
          25          20  -3.13773230E-02   2.33838260E-02 -0.500000000    
          25          21  -1.94291882E-02   2.40245312E-02 -0.500000000    
          25          22  -4.55286499E-04   2.38788426E-02 -0.500000000    
          25          23   2.65924148E-02   2.07417440E-02 -0.500000000    
          25          24   5.50865158E-02   1.13069089E-02 -0.500000000    
          25          25   8.04714188E-02   5.56577276E-03 -0.500000000    
          25          26   5.94561584E-02   1.51157379E-02 -0.500000000    
          25          27   1.36418454E-03   1.81918759E-02 -0.500000000    
          25          28  0.126126572       1.45071419E-02 -0.500000000    
          25          29  0.195434466       1.41591104E-02 -0.500000000    
          25          30  0.123121463       1.77768711E-02 -0.500000000    
          25          31   1.51075167E-03   2.19209902E-02 -0.500000000    
          25          32  -8.05684850E-02   2.47059781E-02 -0.500000000    
          25          33  -7.27135614E-02   2.98173856E-02 -0.500000000    
          26           1 -0.148394108       1.88320149E-02 -0.500000000    
          26           2  -3.34255211E-02   1.06604053E-02 -0.500000000    
          26           3  0.108457990       2.55214190E-03 -0.500000000    
          26           4  0.202657938      -3.76021001E-03 -0.500000000    
          26           5  0.219228327      -8.42051930E-04 -0.500000000    
          26           6   8.13730657E-02   9.76361614E-03 -0.500000000    
          26           7   2.55477335E-02   2.17233878E-02 -0.500000000    
          26           8   5.91021776E-02   2.07844190E-02 -0.500000000    
          26           9   2.36412939E-02   1.76264104E-02 -0.500000000    
          26          10  -9.86144319E-03   2.48310361E-02 -0.500000000    
          26          11  -2.94817835E-02   2.85032392E-02 -0.500000000    
          26          12  -3.29884328E-02   2.67315023E-02 -0.500000000    
          26          13  -2.54739709E-02   2.36596633E-02 -0.500000000    
          26          14  -1.50599862E-02   2.09324043E-02 -0.500000000    
          26          15  -5.63002378E-03   1.89708285E-02 -0.500000000    
          26          16  -1.36880204E-04   1.78954471E-02 -0.500000000    
          26          17   7.68263359E-04   1.77391320E-02 -0.500000000    
          26          18  -3.39148473E-03   1.85120832E-02 -0.500000000    
          26          19  -1.15027763E-02   2.01855469E-02 -0.500000000    
          26          20  -2.21933778E-02   2.26916596E-02 -0.500000000    
          26          21  -3.12764645E-02   2.58491337E-02 -0.500000000    
          26          22  -3.34063955E-02   2.91175935E-02 -0.500000000    
          26          23  -1.97068639E-02   3.05466857E-02 -0.500000000    
          26          24   1.37241883E-02   2.51404364E-02 -0.500000000    
          26          25   5.94552718E-02   1.51157947E-02 -0.500000000    
          26          26   9.49844420E-02   1.75828002E-02 -0.500000000    
          26          27   3.11968587E-02   1.86016690E-02 -0.500000000    
          26          28   5.14695421E-02   8.04996490E-03 -0.500000000    
          26          29  0.153623223      -4.54511784E-04 -0.500000000    
          26          30  0.134470373      -1.81002729E-03 -0.500000000    
          26          31   9.30011570E-02   2.56011309E-03 -0.500000000    
          26          32   6.30852953E-02   5.43861743E-03 -0.500000000    
          26          33   5.57972193E-02   8.68266169E-03 -0.500000000    
          27           1   9.97100994E-02  -2.13567019E-02 -0.500000000    
          27           2  0.324368417      -2.78683156E-02 -0.500000000    
          27           3  0.401375175      -2.45168824E-02 -0.500000000    
          27           4  0.336550653      -1.01151047E-02 -0.500000000    
          27           5  0.204478934       8.84377863E-03 -0.500000000    
          27           6   2.81622875E-02   2.31774226E-02 -0.500000000    
          27           7   3.41081712E-03   2.80140415E-02 -0.500000000    
          27           8   4.39936575E-03   1.89573895E-02 -0.500000000    
          27           9   9.34286695E-03   1.69540215E-02 -0.500000000    
          27          10   4.44776379E-02   2.23431643E-02 -0.500000000    
          27          11   8.16410258E-02   2.20502410E-02 -0.500000000    
          27          12  0.115943842       1.86753590E-02 -0.500000000    
          27          13  0.142483145       1.54118547E-02 -0.500000000    
          27          14  0.160202459       1.29556460E-02 -0.500000000    
          27          15  0.170694262       1.13276914E-02 -0.500000000    
          27          16  0.175796241       1.04717324E-02 -0.500000000    
          27          17  0.176430449       1.03504434E-02 -0.500000000    
          27          18  0.172955468       1.09592155E-02 -0.500000000    
          27          19  0.164400727       1.23239346E-02 -0.500000000    
          27          20  0.149305314       1.45031549E-02 -0.500000000    
          27          21  0.125802755       1.75691415E-02 -0.500000000    
          27          22   9.30700675E-02   2.14935355E-02 -0.500000000    
          27          23   5.47275022E-02   2.54489183E-02 -0.500000000    
          27          24   2.06460003E-02   2.55365390E-02 -0.500000000    
          27          25   1.36448350E-03   1.81918535E-02 -0.500000000    
          27          26   3.11962608E-02   1.86016075E-02 -0.500000000    
          27          27   6.26890883E-02   2.61828750E-02 -0.500000000    
          27          28   6.76609203E-02   1.84966959E-02 -0.500000000    
          27          29  0.201835349       6.58146339E-04 -0.500000000    
          27          30  0.334998190      -2.01938767E-02 -0.500000000    
          27          31  0.439600766      -3.08643598E-02 -0.500000000    
          27          32  0.397031128      -2.96548717E-02 -0.500000000    
          27          33  0.235611871      -2.43418124E-02 -0.500000000    
          28           1  0.842858791      -6.31925985E-02 -0.500000000    
          28           2  0.870545030      -3.66510488E-02 -0.500000000    
          28           3  0.724167347      -1.09255509E-02 -0.500000000    
          28           4  0.425607741       1.07909553E-02 -0.500000000    
          28           5  0.146415040       2.52229087E-02 -0.500000000    
          28           6   4.26222160E-02   2.70671938E-02 -0.500000000    
          28           7   4.06216085E-02   1.80607792E-02 -0.500000000    
          28           8  0.102045871       7.42813619E-03 -0.500000000    
          28           9  0.175965890       1.26273120E-02 -0.500000000    
          28          10  0.225202277       1.84462517E-02 -0.500000000    
          28          11  0.248837844       1.77195612E-02 -0.500000000    
          28          12  0.260022372       1.52793583E-02 -0.500000000    
          28          13  0.262924165       1.32011082E-02 -0.500000000    
          28          14  0.261378765       1.17396722E-02 -0.500000000    
          28          15  0.259044737       1.08245667E-02 -0.500000000    
          28          16  0.257025421       1.03602242E-02 -0.500000000    
          28          17  0.256869435       1.02960085E-02 -0.500000000    
          28          18  0.258122623       1.06224800E-02 -0.500000000    
          28          19  0.260756761       1.13803660E-02 -0.500000000    
          28          20  0.262584120       1.26474826E-02 -0.500000000    
          28          21  0.261730492       1.45418746E-02 -0.500000000    
          28          22  0.253647506       1.71410087E-02 -0.500000000    
          28          23  0.232581347       2.01554894E-02 -0.500000000    
          28          24  0.193613082       2.12137476E-02 -0.500000000    
          28          25  0.126129419       1.45071885E-02 -0.500000000    
          28          26   5.14713228E-02   8.04992579E-03 -0.500000000    
          28          27   6.76604658E-02   1.84966233E-02 -0.500000000    
          28          28  0.204608098       2.51718350E-02 -0.500000000    
          28          29  0.319252372       1.90925319E-02 -0.500000000    
          28          30  0.602801085      -1.68927677E-03 -0.500000000    
          28          31  0.877614915      -2.83638313E-02 -0.500000000    
          28          32  0.944149613      -5.53172752E-02 -0.500000000    
          28          33  0.851121366      -7.45051503E-02 -0.500000000    
          29           1  0.680385172      -2.27609500E-02 -0.500000000    
          29           2  0.949747086      -1.71590205E-02 -0.500000000    
          29           3  0.817462444      -3.42473714E-03 -0.500000000    
          29           4  0.493505329       1.44075835E-02 -0.500000000    
          29           5  0.276314348       2.52919197E-02 -0.500000000    
          29           6  0.219394684       1.92193221E-02 -0.500000000    
          29           7  0.205530122       9.64671199E-04 -0.500000000    
          29           8  0.192533851       1.96241075E-04 -0.500000000    
          29           9  0.225885078       1.32741099E-02 -0.500000000    
          29          10  0.246418372       1.90690551E-02 -0.500000000    
          29          11  0.257058650       1.95331872E-02 -0.500000000    
          29          12  0.259362876       1.92515217E-02 -0.500000000    
          29          13  0.255758494       1.91663858E-02 -0.500000000    
          29          14  0.249300346       1.92479957E-02 -0.500000000    
          29          15  0.243269235       1.93795990E-02 -0.500000000    
          29          16  0.239553377       1.94762256E-02 -0.500000000    
          29          17  0.238870099       1.94903426E-02 -0.500000000    
          29          18  0.241754010       1.94192417E-02 -0.500000000    
          29          19  0.247168943       1.92914885E-02 -0.500000000    
          29          20  0.253621072       1.91808790E-02 -0.500000000    
          29          21  0.258830726       1.92051921E-02 -0.500000000    
          29          22  0.258699864       1.95151363E-02 -0.500000000    
          29          23  0.249437809       2.01762132E-02 -0.500000000    
          29          24  0.228664085       2.01781336E-02 -0.500000000    
          29          25  0.195436135       1.41593907E-02 -0.500000000    
          29          26  0.153625458      -4.54448280E-04 -0.500000000    
          29          27  0.201835394       6.58151344E-04 -0.500000000    
          29          28  0.319249958       1.90924574E-02 -0.500000000    
          29          29  0.421432465       2.30038948E-02 -0.500000000    
          29          30  0.642631114       8.94061383E-03 -0.500000000    
          29          31  0.923986077      -1.29768820E-02 -0.500000000    
          29          32  0.995719135      -3.41735296E-02 -0.500000000    
          29          33  0.755851150      -4.89064604E-02 -0.500000000    
          30           1  0.383869797      -8.55354313E-03 -0.500000000    
          30           2  0.710409045      -1.21630253E-02 -0.500000000    
          30           3  0.893981695      -1.17109157E-02 -0.500000000    
          30           4  0.702243209       1.53901870E-03 -0.500000000    
          30           5  0.615262687       1.06936898E-02 -0.500000000    
          30           6  0.538960159      -6.84969535E-04 -0.500000000    
          30           7  0.285796076      -1.58415437E-02 -0.500000000    
          30           8  0.148265809       1.90227595E-03 -0.500000000    
          30           9  0.142129347       1.96692273E-02 -0.500000000    
          30          10  0.150766149       2.62758303E-02 -0.500000000    
          30          11  0.156344235       2.92105339E-02 -0.500000000    
          30          12  0.155598238       3.14421505E-02 -0.500000000    
          30          13  0.150766641       3.33324969E-02 -0.500000000    
          30          14  0.144920275       3.48476171E-02 -0.500000000    
          30          15  0.140548706       3.59279886E-02 -0.500000000    
          30          16  0.137527838       3.65201384E-02 -0.500000000    
          30          17  0.137421116       3.66084315E-02 -0.500000000    
          30          18  0.139096677       3.61792780E-02 -0.500000000    
          30          19  0.143475235       3.52603346E-02 -0.500000000    
          30          20  0.148711324       3.38824689E-02 -0.500000000    
          30          21  0.154160351       3.21101807E-02 -0.500000000    
          30          22  0.157077983       3.00215166E-02 -0.500000000    
          30          23  0.153156251       2.76670586E-02 -0.500000000    
          30          24  0.139749661       2.46915799E-02 -0.500000000    
          30          25  0.123121060       1.77771170E-02 -0.500000000    
          30          26  0.134469256      -1.80980668E-03 -0.500000000    
          30          27  0.334993720      -2.01936513E-02 -0.500000000    
          30          28  0.602795541      -1.68937293E-03 -0.500000000    
          30          29  0.642628253       8.94062594E-03 -0.500000000    
          30          30  0.722643197      -1.17036968E-03 -0.500000000    
          30          31  0.906840682      -1.62332896E-02 -0.500000000    
          30          32  0.658687830      -1.95832495E-02 -0.500000000    
          30          33  0.344616801      -2.05917340E-02 -0.500000000    
          31           1  0.413055032      -1.51265031E-02 -0.500000000    
          31           2  0.757279217      -2.03106850E-02 -0.500000000    
          31           3  0.899323583      -2.12144908E-02 -0.500000000    
          31           4  0.913885534      -9.44749732E-03 -0.500000000    
          31           5  0.911544800      -7.07817730E-03 -0.500000000    
          31           6  0.812634408      -2.34682355E-02 -0.500000000    
          31           7  0.328133553      -2.20942721E-02 -0.500000000    
          31           8   5.23356274E-02   9.28520784E-03 -0.500000000    
          31           9  -1.24404393E-02   2.70924494E-02 -0.500000000    
          31          10  -2.06999611E-02   3.57882269E-02 -0.500000000    
          31          11  -1.17458161E-02   4.21911664E-02 -0.500000000    
          31          12   4.34291875E-03   4.75602262E-02 -0.500000000    
          31          13   2.23885700E-02   5.19629717E-02 -0.500000000    
          31          14   3.89476307E-02   5.53513877E-02 -0.500000000    
          31          15   5.11317924E-02   5.76825663E-02 -0.500000000    
          31          16   5.80548942E-02   5.89432605E-02 -0.500000000    
          31          17   5.90317585E-02   5.91225401E-02 -0.500000000    
          31          18   5.41104786E-02   5.82233667E-02 -0.500000000    
          31          19   4.34772186E-02   5.62459081E-02 -0.500000000    
          31          20   2.83574667E-02   5.32088391E-02 -0.500000000    
          31          21   1.02715185E-02   4.91376594E-02 -0.500000000    
          31          22  -6.86580967E-03   4.40900363E-02 -0.500000000    
          31          23  -1.83577146E-02   3.81297171E-02 -0.500000000    
          31          24  -1.89679451E-02   3.11949700E-02 -0.500000000    
          31          25   1.50462030E-03   2.19211970E-02 -0.500000000    
          31          26   9.29929614E-02   2.56028213E-03 -0.500000000    
          31          27  0.439587712      -3.08642238E-02 -0.500000000    
          31          28  0.877606392      -2.83638481E-02 -0.500000000    
          31          29  0.923982799      -1.29770245E-02 -0.500000000    
          31          30  0.906839788      -1.62333585E-02 -0.500000000    
          31          31  0.884133518      -2.86616962E-02 -0.500000000    
          31          32  0.642056763      -2.68258248E-02 -0.500000000    
          31          33  0.323698878      -2.26842873E-02 -0.500000000    
          32           1  0.573047757      -1.89861674E-02 -0.500000000    
          32           2  0.637579381      -1.87263843E-02 -0.500000000    
          32           3  0.610246360      -1.44819412E-02 -0.500000000    
          32           4  0.654857934      -4.97311912E-03 -0.500000000    
          32           5  0.982050359      -2.50361841E-02 -0.500000000    
          32           6  0.847368300      -4.60047610E-02 -0.500000000    
          32           7  0.256234854      -1.79459471E-02 -0.500000000    
          32           8  -3.59093882E-02   1.56032527E-02 -0.500000000    
          32           9 -0.135428518       3.39506865E-02 -0.500000000    
          32          10 -0.152225122       4.69625406E-02 -0.500000000    
          32          11 -0.119979605       5.75693361E-02 -0.500000000    
          32          12  -6.83720708E-02   6.61010593E-02 -0.500000000    
          32          13  -1.77234616E-02   7.27063119E-02 -0.500000000    
          32          14   2.27725636E-02   7.75457472E-02 -0.500000000    
          32          15   5.04594631E-02   8.07639807E-02 -0.500000000    
          32          16   6.52359575E-02   8.24650824E-02 -0.500000000    
          32          17   6.72925189E-02   8.27059150E-02 -0.500000000    
          32          18   5.68313077E-02   8.14958960E-02 -0.500000000    
          32          19   3.34455706E-02   7.87927955E-02 -0.500000000    
          32          20  -2.88722012E-03   7.45076686E-02 -0.500000000    
          32          21  -5.07008918E-02   6.85095042E-02 -0.500000000    
          32          22 -0.103647836       6.06379360E-02 -0.500000000    
          32          23 -0.145010859       5.07513508E-02 -0.500000000    
          32          24 -0.145908237       3.88091020E-02 -0.500000000    
          32          25  -8.05871785E-02   2.47062780E-02 -0.500000000    
          32          26   6.30626231E-02   5.43873385E-03 -0.500000000    
          32          27  0.397009492      -2.96548456E-02 -0.500000000    
          32          28  0.944137812      -5.53175695E-02 -0.500000000    
          32          29  0.995718122      -3.41740176E-02 -0.500000000    
          32          30  0.658687472      -1.95835028E-02 -0.500000000    
          32          31  0.642056525      -2.68258881E-02 -0.500000000    
          32          32  0.626393557      -2.51707453E-02 -0.500000000    
          32          33  0.544361055      -2.15064231E-02 -0.500000000    
          33           1  0.690534532      -2.09193435E-02 -0.500000000    
          33           2  0.484398425      -1.72343701E-02 -0.500000000    
          33           3  0.294358253      -1.03892218E-02 -0.500000000    
          33           4  0.346036911      -2.72746477E-03 -0.500000000    
          33           5  0.800026655      -3.81812975E-02 -0.500000000    
          33           6  0.718640864      -5.93824238E-02 -0.500000000    
          33           7  0.113557518      -9.36889742E-03 -0.500000000    
          33           8  -5.38646504E-02   2.18759701E-02 -0.500000000    
          33           9 -0.143507987       4.13205698E-02 -0.500000000    
          33          10 -0.174082100       5.63109703E-02 -0.500000000    
          33          11 -0.147975922       6.81973472E-02 -0.500000000    
          33          12  -9.64816809E-02   7.74622783E-02 -0.500000000    
          33          13  -4.34136204E-02   8.45020115E-02 -0.500000000    
          33          14   1.79875875E-04   8.96166489E-02 -0.500000000    
          33          15   3.05749867E-02   9.30081606E-02 -0.500000000    
          33          16   4.69271205E-02   9.47998241E-02 -0.500000000    
          33          17   4.92641442E-02   9.50540453E-02 -0.500000000    
          33          18   3.75867523E-02   9.37790349E-02 -0.500000000    
          33          19   1.18599860E-02   9.09313858E-02 -0.500000000    
          33          20  -2.75503173E-02   8.64090472E-02 -0.500000000    
          33          21  -7.82010034E-02   8.00392851E-02 -0.500000000    
          33          22 -0.132129550       7.15563819E-02 -0.500000000    
          33          23 -0.170001209       6.05969913E-02 -0.500000000    
          33          24 -0.158708468       4.67744805E-02 -0.500000000    
          33          25  -7.27434754E-02   2.98179630E-02 -0.500000000    
          33          26   5.57634234E-02   8.68284982E-03 -0.500000000    
          33          27  0.235584274      -2.43419036E-02 -0.500000000    
          33          28  0.851104736      -7.45055676E-02 -0.500000000    
          33          29  0.755849659      -4.89069931E-02 -0.500000000    
          33          30  0.344616979      -2.05920264E-02 -0.500000000    
          33          31  0.323699474      -2.26844680E-02 -0.500000000    
          33          32  0.544361472      -2.15065200E-02 -0.500000000    
          33          33  0.724237740      -2.02248227E-02 -0.500000000    
