           1           1  0.701796114       2.37558950E-02 -0.500000000    
           1           2  0.657499671       4.28985283E-02 -0.500000000    
           1           3  0.515950799       6.77688718E-02 -0.500000000    
           1           4  0.303684890       9.13839564E-02 -0.500000000    
           1           5  0.198666289      0.111896552     -0.500000000    
           1           6  0.364338964       9.44575369E-02 -0.500000000    
           1           7  0.359017581       5.50963916E-02 -0.500000000    
           1           8  0.149703279       8.61128569E-02 -0.500000000    
           1           9  0.190536872      0.113349468     -0.500000000    
           1          10  0.263836473      0.126521155     -0.500000000    
           1          11  0.321904629      0.134804904     -0.500000000    
           1          12  0.361673862      0.141035244     -0.500000000    
           1          13  0.388882101      0.145736009     -0.500000000    
           1          14  0.407245845      0.149110764     -0.500000000    
           1          15  0.418716371      0.151314512     -0.500000000    
           1          16  0.424646139      0.152465224     -0.500000000    
           1          17  0.425426453      0.152626917     -0.500000000    
           1          18  0.421311378      0.151811287     -0.500000000    
           1          19  0.411722749      0.149968728     -0.500000000    
           1          20  0.395887554      0.147000492     -0.500000000    
           1          21  0.371950179      0.142762125     -0.500000000    
           1          22  0.337066770      0.137084752     -0.500000000    
           1          23  0.286262333      0.129774377     -0.500000000    
           1          24  0.211805195      0.120330907     -0.500000000    
           1          25  0.117190227      0.105711266     -0.500000000    
           1          26   7.11554289E-02   7.56690279E-02 -0.500000000    
           1          27  0.384441555       4.31504361E-02 -0.500000000    
           1          28  0.392307192       8.33177716E-02 -0.500000000    
           1          29  0.248634681       9.42882523E-02 -0.500000000    
           1          30  0.342838973       7.62405619E-02 -0.500000000    
           1          31  0.537840247       5.47329634E-02 -0.500000000    
           1          32  0.656867743       3.22350636E-02 -0.500000000    
           1          33  0.691400170       1.76995117E-02 -0.500000000    
           2           1  0.657500386       4.28983346E-02 -0.500000000    
           2           2  0.640605032       5.52450307E-02 -0.500000000    
           2           3  0.643632352       6.50918856E-02 -0.500000000    
           2           4  0.560362220       7.10129663E-02 -0.500000000    
           2           5  0.381110221       8.20554271E-02 -0.500000000    
           2           6  0.485962003       7.00657442E-02 -0.500000000    
           2           7  0.309373885       5.22610992E-02 -0.500000000    
           2           8  0.150668025       5.96554577E-02 -0.500000000    
           2           9  0.172868371       8.78828466E-02 -0.500000000    
           2          10  0.226966053      0.104145877     -0.500000000    
           2          11  0.273633271      0.112649933     -0.500000000    
           2          12  0.305782586      0.118581571     -0.500000000    
           2          13  0.325772971      0.123040713     -0.500000000    
           2          14  0.338096201      0.126271009     -0.500000000    
           2          15  0.345128745      0.128397539     -0.500000000    
           2          16  0.348409712      0.129513055     -0.500000000    
           2          17  0.348950028      0.129671484     -0.500000000    
           2          18  0.346542716      0.128878132     -0.500000000    
           2          19  0.340916365      0.127097026     -0.500000000    
           2          20  0.330684155      0.124248572     -0.500000000    
           2          21  0.313471347      0.120218106     -0.500000000    
           2          22  0.286182821      0.114875443     -0.500000000    
           2          23  0.243206576      0.107995339     -0.500000000    
           2          24  0.181523085       9.84557271E-02 -0.500000000    
           2          25  0.114303492       8.04696828E-02 -0.500000000    
           2          26  0.112940297       4.96163107E-02 -0.500000000    
           2          27  0.372215211       4.34354469E-02 -0.500000000    
           2          28  0.589973211       6.08984642E-02 -0.500000000    
           2          29  0.459649533       7.04106539E-02 -0.500000000    
           2          30  0.637281239       6.12369776E-02 -0.500000000    
           2          31  0.656719148       5.65229654E-02 -0.500000000    
           2          32  0.627334714       4.68184650E-02 -0.500000000    
           2          33  0.628356457       3.66816707E-02 -0.500000000    
           3           1  0.515951872       6.77687079E-02 -0.500000000    
           3           2  0.643633246       6.50916919E-02 -0.500000000    
           3           3  0.779037535       5.49386367E-02 -0.500000000    
           3           4  0.770624757       4.34558056E-02 -0.500000000    
           3           5  0.598512650       4.84431759E-02 -0.500000000    
           3           6  0.503360629       5.31114265E-02 -0.500000000    
           3           7  0.402896047       4.49580438E-02 -0.500000000    
           3           8  0.210662931       3.18630300E-02 -0.500000000    
           3           9  0.126235276       5.11109717E-02 -0.500000000    
           3          10  0.132210076       6.95086867E-02 -0.500000000    
           3          11  0.152879789       7.82304034E-02 -0.500000000    
           3          12  0.173980638       8.34820718E-02 -0.500000000    
           3          13  0.189240158       8.74640197E-02 -0.500000000    
           3          14  0.198430717       9.04537290E-02 -0.500000000    
           3          15  0.204078436       9.24842283E-02 -0.500000000    
           3          16  0.206362039       9.35655534E-02 -0.500000000    
           3          17  0.206885710       9.37210023E-02 -0.500000000    
           3          18  0.204951063       9.29476693E-02 -0.500000000    
           3          19  0.200903326       9.12387222E-02 -0.500000000    
           3          20  0.192673013       8.85682702E-02 -0.500000000    
           3          21  0.179894522       8.49427357E-02 -0.500000000    
           3          22  0.160447419       8.03729892E-02 -0.500000000    
           3          23  0.134969741       7.46312812E-02 -0.500000000    
           3          24  0.113342561       6.53095543E-02 -0.500000000    
           3          25  0.118507795       4.51939553E-02 -0.500000000    
           3          26  0.253068984       2.50938442E-02 -0.500000000    
           3          27  0.473870367       4.10584807E-02 -0.500000000    
           3          28  0.594339371       4.79348265E-02 -0.500000000    
           3          29  0.719444871       4.27521691E-02 -0.500000000    
           3          30  0.863359630       3.78425159E-02 -0.500000000    
           3          31  0.789364040       5.10692261E-02 -0.500000000    
           3          32  0.603376210       6.06604069E-02 -0.500000000    
           3          33  0.451057017       6.32729754E-02 -0.500000000    
           4           1  0.303686529       9.13837180E-02 -0.500000000    
           4           2  0.560364485       7.10127503E-02 -0.500000000    
           4           3  0.770626426       4.34556380E-02 -0.500000000    
           4           4  0.720675945       2.66277213E-02 -0.500000000    
           4           5  0.315231979       3.07091959E-02 -0.500000000    
           4           6  0.225688934       4.06928994E-02 -0.500000000    
           4           7  0.389456064       3.49005163E-02 -0.500000000    
           4           8  0.327573299       1.55693451E-02 -0.500000000    
           4           9  0.190804034       2.03459486E-02 -0.500000000    
           4          10  0.133628055       3.71898226E-02 -0.500000000    
           4          11   9.62325782E-02   4.59059700E-02 -0.500000000    
           4          12   7.39409477E-02   4.94335219E-02 -0.500000000    
           4          13   6.11080714E-02   5.16562499E-02 -0.500000000    
           4          14   5.35606444E-02   5.33602610E-02 -0.500000000    
           4          15   4.93301488E-02   5.45703471E-02 -0.500000000    
           4          16   4.76368666E-02   5.52406721E-02 -0.500000000    
           4          17   4.72134352E-02   5.53359054E-02 -0.500000000    
           4          18   4.86617237E-02   5.48569672E-02 -0.500000000    
           4          19   5.17798141E-02   5.38205914E-02 -0.500000000    
           4          20   5.81150129E-02   5.22816479E-02 -0.500000000    
           4          21   6.90273419E-02   5.03095649E-02 -0.500000000    
           4          22   8.63581896E-02   4.78986464E-02 -0.500000000    
           4          23  0.114228025       4.42040376E-02 -0.500000000    
           4          24  0.158410117       3.47323194E-02 -0.500000000    
           4          25  0.225705594       1.60288196E-02 -0.500000000    
           4          26  0.385158986       1.22695295E-02 -0.500000000    
           4          27  0.413555652       3.42619643E-02 -0.500000000    
           4          28  0.258844227       3.95624526E-02 -0.500000000    
           4          29  0.478213340       2.98646279E-02 -0.500000000    
           4          30  0.860677361       2.76750773E-02 -0.500000000    
           4          31  0.755444646       4.70120683E-02 -0.500000000    
           4          32  0.477428943       7.27265775E-02 -0.500000000    
           4          33  0.278295934       8.91906694E-02 -0.500000000    
           5           1  0.198670775      0.111896336     -0.500000000    
           5           2  0.381113678       8.20552334E-02 -0.500000000    
           5           3  0.598515153       4.84428927E-02 -0.500000000    
           5           4  0.315232128       3.07089929E-02 -0.500000000    
           5           5   4.22223061E-02   2.82087736E-02 -0.500000000    
           5           6   2.87251882E-02   3.03611066E-02 -0.500000000    
           5           7  0.219841778       2.43498720E-02 -0.500000000    
           5           8  0.332051516       7.63533171E-03 -0.500000000    
           5           9  0.263458699       3.79767793E-04 -0.500000000    
           5          10  0.207665071       1.12701682E-02 -0.500000000    
           5          11  0.155549929       2.08463240E-02 -0.500000000    
           5          12  0.109692618       2.40100063E-02 -0.500000000    
           5          13   7.44228959E-02   2.51109507E-02 -0.500000000    
           5          14   4.78646308E-02   2.57827230E-02 -0.500000000    
           5          15   3.04199047E-02   2.62561981E-02 -0.500000000    
           5          16   2.11841688E-02   2.65225172E-02 -0.500000000    
           5          17   1.99068487E-02   2.65601631E-02 -0.500000000    
           5          18   2.63960883E-02   2.63697412E-02 -0.500000000    
           5          19   4.11920920E-02   2.59635132E-02 -0.500000000    
           5          20   6.44531325E-02   2.53757779E-02 -0.500000000    
           5          21   9.68554318E-02   2.46360581E-02 -0.500000000    
           5          22  0.137108698       2.35234480E-02 -0.500000000    
           5          23  0.186137468       2.02258378E-02 -0.500000000    
           5          24  0.239393577       9.62431077E-03 -0.500000000    
           5          25  0.296964437      -2.25709006E-03 -0.500000000    
           5          26  0.364078641       7.47496868E-03 -0.500000000    
           5          27  0.200305089       2.70008706E-02 -0.500000000    
           5          28  -2.67999265E-02   3.40796895E-02 -0.500000000    
           5          29   3.85351032E-02   3.24550010E-02 -0.500000000    
           5          30  0.521711349       3.49849239E-02 -0.500000000    
           5          31  0.677793860       5.27484044E-02 -0.500000000    
           5          32  0.428829670       8.44324604E-02 -0.500000000    
           5          33  0.305415213      0.108323760     -0.500000000    
           6           1  0.364347637       9.44571048E-02 -0.500000000    
           6           2  0.485968113       7.00653791E-02 -0.500000000    
           6           3  0.503362894       5.31111993E-02 -0.500000000    
           6           4  0.225687817       4.06927019E-02 -0.500000000    
           6           5   2.87244748E-02   3.03610228E-02 -0.500000000    
           6           6   7.39766732E-02   2.42636353E-02 -0.500000000    
           6           7  0.126044154       1.66650750E-02 -0.500000000    
           6           8  0.231975421       6.70980755E-03 -0.500000000    
           6           9  0.252085626      -6.50335522E-03 -0.500000000    
           6          10  0.224608347      -5.77260926E-03 -0.500000000    
           6          11  0.194002599       2.35446054E-03 -0.500000000    
           6          12  0.159535646       5.32759679E-03 -0.500000000    
           6          13  0.130678788       5.49221598E-03 -0.500000000    
           6          14  0.108118057       5.26559539E-03 -0.500000000    
           6          15   9.21662152E-02   5.12178568E-03 -0.500000000    
           6          16   8.34796727E-02   5.06299734E-03 -0.500000000    
           6          17   8.21957588E-02   5.05610229E-03 -0.500000000    
           6          18   8.84698704E-02   5.09481691E-03 -0.500000000    
           6          19  0.102028251       5.20955678E-03 -0.500000000    
           6          20  0.122463621       5.45890909E-03 -0.500000000    
           6          21  0.148722202       5.86847402E-03 -0.500000000    
           6          22  0.180085152       5.94892912E-03 -0.500000000    
           6          23  0.215751275       2.91441684E-03 -0.500000000    
           6          24  0.245223105      -6.15999941E-03 -0.500000000    
           6          25  0.269511610      -6.49732538E-03 -0.500000000    
           6          26  0.228056505       9.24476981E-03 -0.500000000    
           6          27   6.22418746E-02   2.12474000E-02 -0.500000000    
           6          28  -2.62634996E-02   2.94637941E-02 -0.500000000    
           6          29   3.94581333E-02   3.48979048E-02 -0.500000000    
           6          30  0.404612124       4.34126928E-02 -0.500000000    
           6          31  0.631953359       5.16829677E-02 -0.500000000    
           6          32  0.633593917       6.06771633E-02 -0.500000000    
           6          33  0.610821545       7.04524443E-02 -0.500000000    
           7           1  0.359012127       5.50956726E-02 -0.500000000    
           7           2  0.309372157       5.22607006E-02 -0.500000000    
           7           3  0.402897239       4.49577495E-02 -0.500000000    
           7           4  0.389456123       3.49003561E-02 -0.500000000    
           7           5  0.219840616       2.43497454E-02 -0.500000000    
           7           6  0.126043096       1.66650228E-02 -0.500000000    
           7           7   6.01670928E-02   1.17396284E-02 -0.500000000    
           7           8   6.62798285E-02   9.21803061E-03 -0.500000000    
           7           9  0.149593949      -2.87154526E-03 -0.500000000    
           7          10  0.179787278      -1.11307846E-02 -0.500000000    
           7          11  0.188999191      -6.78759487E-03 -0.500000000    
           7          12  0.182830706      -4.14029881E-03 -0.500000000    
           7          13  0.172039315      -4.88596130E-03 -0.500000000    
           7          14  0.161852434      -6.18002284E-03 -0.500000000    
           7          15  0.154025108      -7.12391688E-03 -0.500000000    
           7          16  0.149503276      -7.61657627E-03 -0.500000000    
           7          17  0.148782909      -7.68771116E-03 -0.500000000    
           7          18  0.152119562      -7.33528659E-03 -0.500000000    
           7          19  0.158986017      -6.53628306E-03 -0.500000000    
           7          20  0.168316573      -5.24018332E-03 -0.500000000    
           7          21  0.178696647      -3.53975873E-03 -0.500000000    
           7          22  0.187571257      -2.44078040E-03 -0.500000000    
           7          23  0.188466027      -5.33763273E-03 -0.500000000    
           7          24  0.169757277      -1.04256496E-02 -0.500000000    
           7          25  0.124792039      -7.20674929E-04 -0.500000000    
           7          26   1.78379267E-02   1.31908050E-02 -0.500000000    
           7          27   8.61429889E-03   1.64530836E-02 -0.500000000    
           7          28  0.126315728       1.98754054E-02 -0.500000000    
           7          29  0.303545862       2.42137946E-02 -0.500000000    
           7          30  0.482521683       3.11785340E-02 -0.500000000    
           7          31  0.451757997       3.67004126E-02 -0.500000000    
           7          32  0.297388017       4.10849005E-02 -0.500000000    
           7          33  0.256409734       4.45859507E-02 -0.500000000    
           8           1  0.149688944       8.61117318E-02 -0.500000000    
           8           2  0.150658622       5.96547797E-02 -0.500000000    
           8           3  0.210661426       3.18625830E-02 -0.500000000    
           8           4  0.327574372       1.55690555E-02 -0.500000000    
           8           5  0.332051545       7.63516594E-03 -0.500000000    
           8           6  0.231974140       6.70968601E-03 -0.500000000    
           8           7   6.62782490E-02   9.21809487E-03 -0.500000000    
           8           8  -5.69098108E-02   1.34109976E-02 -0.500000000    
           8           9  -2.01524068E-02   6.88405195E-03 -0.500000000    
           8          10   3.75148915E-02  -6.36014855E-03 -0.500000000    
           8          11   7.98364654E-02  -7.44703226E-03 -0.500000000    
           8          12  0.113333218      -5.58785582E-03 -0.500000000    
           8          13  0.134963468      -6.88415300E-03 -0.500000000    
           8          14  0.149513841      -8.96730181E-03 -0.500000000    
           8          15  0.158733696      -1.05301850E-02 -0.500000000    
           8          16  0.162922531      -1.13665219E-02 -0.500000000    
           8          17  0.163715199      -1.14853280E-02 -0.500000000    
           8          18  0.160451919      -1.08887143E-02 -0.500000000    
           8          19  0.153310329      -9.54605732E-03 -0.500000000    
           8          20  0.140273824      -7.42522348E-03 -0.500000000    
           8          21  0.120869845      -4.73349635E-03 -0.500000000    
           8          22   9.41977203E-02  -2.99052009E-03 -0.500000000    
           8          23   5.58237135E-02  -5.22875320E-03 -0.500000000    
           8          24   1.11092590E-02  -4.54860693E-03 -0.500000000    
           8          25  -4.79578115E-02   1.00099854E-02 -0.500000000    
           8          26  -7.86088556E-02   1.63856409E-02 -0.500000000    
           8          27   8.03181157E-02   1.07433191E-02 -0.500000000    
           8          28  0.263182521       5.37370332E-03 -0.500000000    
           8          29  0.346800834       4.92564496E-03 -0.500000000    
           8          30  0.303009719       1.42421741E-02 -0.500000000    
           8          31  0.140003264       3.42386439E-02 -0.500000000    
           8          32   7.55181536E-05   6.28185943E-02 -0.500000000    
           8          33  -8.66700113E-02   8.30454752E-02 -0.500000000    
           9           1  0.190520704      0.113347456     -0.500000000    
           9           2  0.172855273       8.78814682E-02 -0.500000000    
           9           3  0.126230255       5.11103347E-02 -0.500000000    
           9           4  0.190805227       2.03455426E-02 -0.500000000    
           9           5  0.263460070       3.79362231E-04 -0.500000000    
           9           6  0.252085030      -6.50359970E-03 -0.500000000    
           9           7  0.149591908      -2.87156319E-03 -0.500000000    
           9           8  -2.01538280E-02   6.88421866E-03 -0.500000000    
           9           9  -6.39150962E-02   1.02589605E-02 -0.500000000    
           9          10  -3.37861776E-02   3.12338554E-04 -0.500000000    
           9          11  -1.12388656E-02  -2.83212494E-03 -0.500000000    
           9          12   1.71938259E-02  -2.47678690E-04 -0.500000000    
           9          13   4.01908122E-02  -7.36316026E-04 -0.500000000    
           9          14   5.91234192E-02  -2.84472946E-03 -0.500000000    
           9          15   7.26474077E-02  -4.66853287E-03 -0.500000000    
           9          16   7.98803121E-02  -5.70259523E-03 -0.500000000    
           9          17   8.10487941E-02  -5.84858237E-03 -0.500000000    
           9          18   7.57056996E-02  -5.10777440E-03 -0.500000000    
           9          19   6.42665103E-02  -3.48808384E-03 -0.500000000    
           9          20   4.68913317E-02  -1.11233757E-03 -0.500000000    
           9          21   2.49453969E-02   1.41935842E-03 -0.500000000    
           9          22   1.35325408E-03   1.80015375E-03 -0.500000000    
           9          23  -2.43273322E-02  -2.04234477E-03 -0.500000000    
           9          24  -4.06869799E-02   2.88958021E-04 -0.500000000    
           9          25  -7.00960755E-02   1.06755877E-02 -0.500000000    
           9          26  -1.85774341E-02   6.41803863E-03 -0.500000000    
           9          27  0.169565648      -3.70481750E-03 -0.500000000    
           9          28  0.266808599      -6.61181938E-03 -0.500000000    
           9          29  0.268044531       3.85625707E-03 -0.500000000    
           9          30  0.174234018       2.74657924E-02 -0.500000000    
           9          31   6.85871765E-02   5.85163571E-02 -0.500000000    
           9          32   3.23811136E-02   8.83586854E-02 -0.500000000    
           9          33  -2.03149840E-02  0.103736497     -0.500000000    
          10           1  0.263821036      0.126518101     -0.500000000    
          10           2  0.226951241      0.104143731     -0.500000000    
          10           3  0.132201627       6.95076436E-02 -0.500000000    
          10           4  0.133628458       3.71893048E-02 -0.500000000    
          10           5  0.207667366       1.12697594E-02 -0.500000000    
          10           6  0.224608958      -5.77296317E-03 -0.500000000    
          10           7  0.179785982      -1.11308973E-02 -0.500000000    
          10           8   3.75128053E-02  -6.36003120E-03 -0.500000000    
          10           9  -3.37864831E-02   3.12367687E-04 -0.500000000    
          10          10  -6.68845139E-03  -5.65128028E-03 -0.500000000    
          10          11   7.22429808E-03  -9.16097593E-03 -0.500000000    
          10          12   2.14798190E-02  -4.39619552E-03 -0.500000000    
          10          13   3.07084750E-02  -1.72196317E-03 -0.500000000    
          10          14   3.77686098E-02  -1.73708075E-03 -0.500000000    
          10          15   4.29055542E-02  -2.34891218E-03 -0.500000000    
          10          16   4.61121947E-02  -2.78147007E-03 -0.500000000    
          10          17   4.64139096E-02  -2.84499512E-03 -0.500000000    
          10          18   4.43694219E-02  -2.52263644E-03 -0.500000000    
          10          19   3.95252593E-02  -1.87395373E-03 -0.500000000    
          10          20   3.30474861E-02  -1.13226252E-03 -0.500000000    
          10          21   2.51698811E-02  -1.18233054E-03 -0.500000000    
          10          22   1.54898493E-02  -4.51573078E-03 -0.500000000    
          10          23   8.94211582E-04  -1.06293792E-02 -0.500000000    
          10          24  -1.43678589E-02  -6.80845371E-03 -0.500000000    
          10          25  -4.81412411E-02   7.55554764E-04 -0.500000000    
          10          26   3.53093296E-02  -4.92966082E-03 -0.500000000    
          10          27  0.195642546      -8.07426963E-03 -0.500000000    
          10          28  0.244941339      -1.15098420E-03 -0.500000000    
          10          29  0.222037971       1.77228805E-02 -0.500000000    
          10          30  0.128909469       4.38053980E-02 -0.500000000    
          10          31   9.04084742E-02   7.35476390E-02 -0.500000000    
          10          32  0.115384750      0.100097477     -0.500000000    
          10          33   9.58824307E-02  0.113100052     -0.500000000    
          11           1  0.321891427      0.134801149     -0.500000000    
          11           2  0.273618132      0.112647086     -0.500000000    
          11           3  0.152868181       7.82287344E-02 -0.500000000    
          11           4   9.62316021E-02   4.59053330E-02 -0.500000000    
          11           5  0.155552909       2.08458621E-02 -0.500000000    
          11           6  0.194003731       2.35402840E-03 -0.500000000    
          11           7  0.188998416      -6.78779464E-03 -0.500000000    
          11           8   7.98342824E-02  -7.44696986E-03 -0.500000000    
          11           9  -1.12394579E-02  -2.83203693E-03 -0.500000000    
          11          10   7.22431391E-03  -9.16101690E-03 -0.500000000    
          11          11   2.61505600E-02  -1.70473363E-02 -0.500000000    
          11          12   4.24033180E-02  -1.46702621E-02 -0.500000000    
          11          13   5.40128946E-02  -1.16563616E-02 -0.500000000    
          11          14   6.09855391E-02  -1.10717975E-02 -0.500000000    
          11          15   6.57174587E-02  -1.12306224E-02 -0.500000000    
          11          16   6.84496239E-02  -1.13811782E-02 -0.500000000    
          11          17   6.86530098E-02  -1.14050675E-02 -0.500000000    
          11          18   6.69670254E-02  -1.12815918E-02 -0.500000000    
          11          19   6.27104864E-02  -1.10114366E-02 -0.500000000    
          11          20   5.62720224E-02  -1.06933266E-02 -0.500000000    
          11          21   4.78645265E-02  -1.11495042E-02 -0.500000000    
          11          22   3.48234288E-02  -1.44665809E-02 -0.500000000    
          11          23   1.70512665E-02  -1.72957666E-02 -0.500000000    
          11          24  -5.10162627E-03  -7.79764540E-03 -0.500000000    
          11          25  -2.72950381E-02   3.06282891E-04 -0.500000000    
          11          26   8.09659511E-02  -3.61420284E-03 -0.500000000    
          11          27  0.203628078      -2.60803406E-03 -0.500000000    
          11          28  0.217389286       6.64903829E-03 -0.500000000    
          11          29  0.177128568       2.57082712E-02 -0.500000000    
          11          30  0.103304029       5.06338328E-02 -0.500000000    
          11          31  0.127209708       8.03931430E-02 -0.500000000    
          11          32  0.186969593      0.106663689     -0.500000000    
          11          33  0.188605607      0.119521983     -0.500000000    
          12           1  0.361663610      0.141030699     -0.500000000    
          12           2  0.305767775      0.118577927     -0.500000000    
          12           3  0.173967317       8.34798738E-02 -0.500000000    
          12           4   7.39382580E-02   4.94326986E-02 -0.500000000    
          12           5  0.109696351       2.40094792E-02 -0.500000000    
          12           6  0.159537867       5.32707945E-03 -0.500000000    
          12           7  0.182830706      -4.14061826E-03 -0.500000000    
          12           8  0.113331214      -5.58795407E-03 -0.500000000    
          12           9   1.71924625E-02  -2.47524702E-04 -0.500000000    
          12          10   2.14797780E-02  -4.39627236E-03 -0.500000000    
          12          11   4.24032807E-02  -1.46703059E-02 -0.500000000    
          12          12   5.69933467E-02  -1.53981745E-02 -0.500000000    
          12          13   6.80904612E-02  -1.35320779E-02 -0.500000000    
          12          14   7.38062710E-02  -1.37540633E-02 -0.500000000    
          12          15   7.77927786E-02  -1.45886987E-02 -0.500000000    
          12          16   7.97865465E-02  -1.51270144E-02 -0.500000000    
          12          17   8.01537037E-02  -1.52061582E-02 -0.500000000    
          12          18   7.85892308E-02  -1.48005206E-02 -0.500000000    
          12          19   7.53389299E-02  -1.39068561E-02 -0.500000000    
          12          20   6.99449480E-02  -1.26839736E-02 -0.500000000    
          12          21   6.28029555E-02  -1.21857729E-02 -0.500000000    
          12          22   4.99706045E-02  -1.43672535E-02 -0.500000000    
          12          23   3.29472236E-02  -1.39598381E-02 -0.500000000    
          12          24   6.19211327E-03  -2.10902048E-03 -0.500000000    
          12          25   5.36142383E-04   2.93830549E-03 -0.500000000    
          12          26  0.115060255      -2.30032974E-03 -0.500000000    
          12          27  0.196201935      -1.04414916E-03 -0.500000000    
          12          28  0.187253475       8.67879018E-03 -0.500000000    
          12          29  0.138562173       2.81699281E-02 -0.500000000    
          12          30   9.04019922E-02   5.37483804E-02 -0.500000000    
          12          31  0.159127787       8.48724842E-02 -0.500000000    
          12          32  0.238178477      0.111556232     -0.500000000    
          12          33  0.255915761      0.124722809     -0.500000000    
          13           1  0.388874739      0.145730913     -0.500000000    
          13           2  0.325758874      0.123036511     -0.500000000    
          13           3  0.189225376       8.74613002E-02 -0.500000000    
          13           4   6.11035042E-02   5.16552031E-02 -0.500000000    
          13           5   7.44270831E-02   2.51103863E-02 -0.500000000    
          13           6  0.130681902       5.49157942E-03 -0.500000000    
          13           7  0.172039866      -4.88645630E-03 -0.500000000    
          13           8  0.134961739      -6.88420562E-03 -0.500000000    
          13           9   4.01890241E-02  -7.36189017E-04 -0.500000000    
          13          10   3.07085421E-02  -1.72198261E-03 -0.500000000    
          13          11   5.40130436E-02  -1.16563812E-02 -0.500000000    
          13          12   6.80905506E-02  -1.35320732E-02 -0.500000000    
          13          13   7.96642005E-02  -1.15053440E-02 -0.500000000    
          13          14   8.53556469E-02  -1.14854742E-02 -0.500000000    
          13          15   8.88490081E-02  -1.23182731E-02 -0.500000000    
          13          16   9.06514004E-02  -1.29085956E-02 -0.500000000    
          13          17   9.09494162E-02  -1.29957376E-02 -0.500000000    
          13          18   8.96054953E-02  -1.25437798E-02 -0.500000000    
          13          19   8.66119787E-02  -1.15838787E-02 -0.500000000    
          13          20   8.17453116E-02  -1.04001481E-02 -0.500000000    
          13          21   7.44823366E-02  -1.02832122E-02 -0.500000000    
          13          22   6.06051609E-02  -1.28370253E-02 -0.500000000    
          13          23   4.34992723E-02  -1.12103419E-02 -0.500000000    
          13          24   1.33979348E-02   3.13985161E-04 -0.500000000    
          13          25   2.49257125E-02   1.87597563E-03 -0.500000000    
          13          26  0.138142228      -4.12170775E-03 -0.500000000    
          13          27  0.185556933      -2.26032035E-03 -0.500000000    
          13          28  0.161333874       8.71096179E-03 -0.500000000    
          13          29  0.107411399       2.92640571E-02 -0.500000000    
          13          30   8.29347149E-02   5.59602827E-02 -0.500000000    
          13          31  0.182066813       8.83132592E-02 -0.500000000    
          13          32  0.273297071      0.115339793     -0.500000000    
          13          33  0.303898931      0.128877878     -0.500000000    
          14           1  0.407240540      0.149105147     -0.500000000    
          14           2  0.338082731      0.126266301     -0.500000000    
          14           3  0.198414966       9.04506221E-02 -0.500000000    
          14           4   5.35546131E-02   5.33589758E-02 -0.500000000    
          14           5   4.78684641E-02   2.57820692E-02 -0.500000000    
          14           6  0.108121812       5.26496302E-03 -0.500000000    
          14           7  0.161853641      -6.18053228E-03 -0.500000000    
          14           8  0.149512455      -8.96748062E-03 -0.500000000    
          14           9   5.91216125E-02  -2.84464122E-03 -0.500000000    
          14          10   3.77682894E-02  -1.73707039E-03 -0.500000000    
          14          11   6.09855093E-02  -1.10717956E-02 -0.500000000    
          14          12   7.38062710E-02  -1.37540568E-02 -0.500000000    
          14          13   8.53556544E-02  -1.14855217E-02 -0.500000000    
          14          14   9.06947926E-02  -1.10100899E-02 -0.500000000    
          14          15   9.39621851E-02  -1.16022993E-02 -0.500000000    
          14          16   9.55948308E-02  -1.20878741E-02 -0.500000000    
          14          17   9.58653986E-02  -1.21621583E-02 -0.500000000    
          14          18   9.46208611E-02  -1.17753875E-02 -0.500000000    
          14          19   9.19150114E-02  -1.09741129E-02 -0.500000000    
          14          20   8.73261020E-02  -1.00938659E-02 -0.500000000    
          14          21   8.04800615E-02  -1.05268881E-02 -0.500000000    
          14          22   6.66193515E-02  -1.34007605E-02 -0.500000000    
          14          23   5.03968671E-02  -1.07816728E-02 -0.500000000    
          14          24   1.98415518E-02   2.17798064E-04 -0.500000000    
          14          25   4.57449257E-02  -4.38273273E-04 -0.500000000    
          14          26  0.153953224      -6.33050129E-03 -0.500000000    
          14          27  0.176027834      -3.64024471E-03 -0.500000000    
          14          28  0.140127733       8.57209414E-03 -0.500000000    
          14          29   8.33123252E-02   3.00399810E-02 -0.500000000    
          14          30   7.89724961E-02   5.76794930E-02 -0.500000000    
          14          31  0.197420880       9.08792689E-02 -0.500000000    
          14          32  0.296471387      0.118126743     -0.500000000    
          14          33  0.337043196      0.131996557     -0.500000000    
          15           1  0.418712914      0.151308641     -0.500000000    
          15           2  0.345116168      0.128392488     -0.500000000    
          15           3  0.204062492       9.24807638E-02 -0.500000000    
          15           4   4.93228808E-02   5.45688495E-02 -0.500000000    
          15           5   3.04232016E-02   2.62555405E-02 -0.500000000    
          15           6   9.21703652E-02   5.12113189E-03 -0.500000000    
          15           7  0.154026791      -7.12445145E-03 -0.500000000    
          15           8  0.158732280      -1.05304038E-02 -0.500000000    
          15           9   7.26455376E-02  -4.66843462E-03 -0.500000000    
          15          10   4.29052226E-02  -2.34883162E-03 -0.500000000    
          15          11   6.57174289E-02  -1.12306019E-02 -0.500000000    
          15          12   7.77928382E-02  -1.45887360E-02 -0.500000000    
          15          13   8.88489336E-02  -1.23182181E-02 -0.500000000    
          15          14   9.39621031E-02  -1.16023542E-02 -0.500000000    
          15          15   9.69184265E-02  -1.20630758E-02 -0.500000000    
          15          16   9.82249379E-02  -1.24988267E-02 -0.500000000    
          15          17   9.86166522E-02  -1.25634093E-02 -0.500000000    
          15          18   9.73767638E-02  -1.22109624E-02 -0.500000000    
          15          19   9.50561166E-02  -1.14828795E-02 -0.500000000    
          15          20   9.09413546E-02  -1.07597932E-02 -0.500000000    
          15          21   8.42452869E-02  -1.14813494E-02 -0.500000000    
          15          22   7.07784668E-02  -1.43794445E-02 -0.500000000    
          15          23   5.52642271E-02  -1.09342923E-02 -0.500000000    
          15          24   2.50144582E-02  -3.66563152E-04 -0.500000000    
          15          25   6.07306138E-02  -2.32033478E-03 -0.500000000    
          15          26  0.163512185      -7.91720115E-03 -0.500000000    
          15          27  0.168455228      -4.58203396E-03 -0.500000000    
          15          28  0.125073612       8.52019805E-03 -0.500000000    
          15          29   6.69338331E-02   3.05954777E-02 -0.500000000    
          15          30   7.71264285E-02   5.88918589E-02 -0.500000000    
          15          31  0.206320018       9.26028043E-02 -0.500000000    
          15          32  0.310814291      0.119986951     -0.500000000    
          15          33  0.358243018      0.134100690     -0.500000000    
          16           1  0.424643606      0.152459264     -0.500000000    
          16           2  0.348397374      0.129507884     -0.500000000    
          16           3  0.206346229       9.35619846E-02 -0.500000000    
          16           4   4.76294048E-02   5.52391000E-02 -0.500000000    
          16           5   2.11875308E-02   2.65218113E-02 -0.500000000    
          16           6   8.34840909E-02   5.06233145E-03 -0.500000000    
          16           7  0.149505153      -7.61718210E-03 -0.500000000    
          16           8  0.162921339      -1.13667343E-02 -0.500000000    
          16           9   7.98784569E-02  -5.70245180E-03 -0.500000000    
          16          10   4.61116843E-02  -2.78145890E-03 -0.500000000    
          16          11   6.84496164E-02  -1.13812340E-02 -0.500000000    
          16          12   7.97865316E-02  -1.51270563E-02 -0.500000000    
          16          13   9.06513408E-02  -1.29085872E-02 -0.500000000    
          16          14   9.55947265E-02  -1.20878955E-02 -0.500000000    
          16          15   9.82249007E-02  -1.24988081E-02 -0.500000000    
          16          16   9.96031314E-02  -1.29156243E-02 -0.500000000    
          16          17   9.97958258E-02  -1.29789459E-02 -0.500000000    
          16          18   9.88059640E-02  -1.26345325E-02 -0.500000000    
          16          19   9.64970514E-02  -1.19322343E-02 -0.500000000    
          16          20   9.27151516E-02  -1.12685654E-02 -0.500000000    
          16          21   8.63265246E-02  -1.21176625E-02 -0.500000000    
          16          22   7.29866847E-02  -1.49742393E-02 -0.500000000    
          16          23   5.79709336E-02  -1.10601727E-02 -0.500000000    
          16          24   2.82312296E-02  -7.73057924E-04 -0.500000000    
          16          25   6.88719526E-02  -3.37088946E-03 -0.500000000    
          16          26  0.168123782      -8.75873677E-03 -0.500000000    
          16          27  0.164098337      -5.06917620E-03 -0.500000000    
          16          28  0.116364844       8.51093698E-03 -0.500000000    
          16          29   5.81698865E-02   3.09057087E-02 -0.500000000    
          16          30   7.60547593E-02   5.95531315E-02 -0.500000000    
          16          31  0.210960791       9.35217440E-02 -0.500000000    
          16          32  0.318051159      0.120971367     -0.500000000    
          16          33  0.369166881      0.135220811     -0.500000000    
          17           1  0.425424129      0.152620912     -0.500000000    
          17           2  0.348937601      0.129666194     -0.500000000    
          17           3  0.206869707       9.37173367E-02 -0.500000000    
          17           4   4.72055450E-02   5.53342998E-02 -0.500000000    
          17           5   1.99102126E-02   2.65594274E-02 -0.500000000    
          17           6   8.22000504E-02   5.05546853E-03 -0.500000000    
          17           7  0.148784846      -7.68820522E-03 -0.500000000    
          17           8  0.163714200      -1.14855533E-02 -0.500000000    
          17           9   8.10468122E-02  -5.84849715E-03 -0.500000000    
          17          10   4.64132875E-02  -2.84497417E-03 -0.500000000    
          17          11   6.86530769E-02  -1.14051327E-02 -0.500000000    
          17          12   8.01536292E-02  -1.52062122E-02 -0.500000000    
          17          13   9.09491107E-02  -1.29957004E-02 -0.500000000    
          17          14   9.58653986E-02  -1.21621266E-02 -0.500000000    
          17          15   9.86167565E-02  -1.25634428E-02 -0.500000000    
          17          16   9.97959599E-02  -1.29789654E-02 -0.500000000    
          17          17  0.100176945      -1.30407270E-02 -0.500000000    
          17          18   9.90131125E-02  -1.26990667E-02 -0.500000000    
          17          19   9.68847796E-02  -1.19988378E-02 -0.500000000    
          17          20   9.30328220E-02  -1.13463588E-02 -0.500000000    
          17          21   8.65510628E-02  -1.22119095E-02 -0.500000000    
          17          22   7.33269975E-02  -1.50595009E-02 -0.500000000    
          17          23   5.82673438E-02  -1.10786287E-02 -0.500000000    
          17          24   2.85945199E-02  -8.33717990E-04 -0.500000000    
          17          25   7.00867325E-02  -3.52103030E-03 -0.500000000    
          17          26  0.168769792      -8.87803361E-03 -0.500000000    
          17          27  0.163481817      -5.13545563E-03 -0.500000000    
          17          28  0.115390189       8.51276889E-03 -0.500000000    
          17          29   5.69512211E-02   3.09505649E-02 -0.500000000    
          17          30   7.62064308E-02   5.96507601E-02 -0.500000000    
          17          31  0.211405367       9.36505795E-02 -0.500000000    
          17          32  0.319032788      0.121110864     -0.500000000    
          17          33  0.370719224      0.135380283     -0.500000000    
          18           1  0.421308309      0.151805341     -0.500000000    
          18           2  0.346529603      0.128872931     -0.500000000    
          18           3  0.204935014       9.29440483E-02 -0.500000000    
          18           4   4.86544222E-02   5.48554398E-02 -0.500000000    
          18           5   2.63996720E-02   2.63689924E-02 -0.500000000    
          18           6   8.84740725E-02   5.09415893E-03 -0.500000000    
          18           7  0.152121186      -7.33578950E-03 -0.500000000    
          18           8  0.160450816      -1.08888811E-02 -0.500000000    
          18           9   7.57037923E-02  -5.10764169E-03 -0.500000000    
          18          10   4.43690009E-02  -2.52259430E-03 -0.500000000    
          18          11   6.69669658E-02  -1.12816822E-02 -0.500000000    
          18          12   7.85892308E-02  -1.48005532E-02 -0.500000000    
          18          13   8.96055028E-02  -1.25437435E-02 -0.500000000    
          18          14   9.46207941E-02  -1.17753772E-02 -0.500000000    
          18          15   9.73766744E-02  -1.22109959E-02 -0.500000000    
          18          16   9.88059044E-02  -1.26345335E-02 -0.500000000    
          18          17   9.90131646E-02  -1.26990164E-02 -0.500000000    
          18          18   9.79739800E-02  -1.23513248E-02 -0.500000000    
          18          19   9.55863670E-02  -1.16399145E-02 -0.500000000    
          18          20   9.16435942E-02  -1.09470021E-02 -0.500000000    
          18          21   8.51726606E-02  -1.17307287E-02 -0.500000000    
          18          22   7.17115477E-02  -1.46207772E-02 -0.500000000    
          18          23   5.64609207E-02  -1.09796477E-02 -0.500000000    
          18          24   2.64356602E-02  -5.31229307E-04 -0.500000000    
          18          25   6.42060116E-02  -2.76731746E-03 -0.500000000    
          18          26  0.165530592      -8.27853847E-03 -0.500000000    
          18          27  0.166621134      -4.79355594E-03 -0.500000000    
          18          28  0.121225007       8.51324014E-03 -0.500000000    
          18          29   6.31474704E-02   3.07275113E-02 -0.500000000    
          18          30   7.65291974E-02   5.91732413E-02 -0.500000000    
          18          31  0.208459690       9.29987207E-02 -0.500000000    
          18          32  0.313959867      0.120410264     -0.500000000    
          18          33  0.362954408      0.134581730     -0.500000000    
          19           1  0.411717892      0.149962872     -0.500000000    
          19           2  0.340902299      0.127092093     -0.500000000    
          19           3  0.200887397       9.12354365E-02 -0.500000000    
          19           4   5.17729446E-02   5.38192093E-02 -0.500000000    
          19           5   4.11958955E-02   2.59628352E-02 -0.500000000    
          19           6  0.102032170       5.20887692E-03 -0.500000000    
          19           7  0.158987358      -6.53673615E-03 -0.500000000    
          19           8  0.153308868      -9.54622310E-03 -0.500000000    
          19           9   6.42646700E-02  -3.48794274E-03 -0.500000000    
          19          10   3.95250544E-02  -1.87393243E-03 -0.500000000    
          19          11   6.27106056E-02  -1.10114971E-02 -0.500000000    
          19          12   7.53388926E-02  -1.39068393E-02 -0.500000000    
          19          13   8.66120309E-02  -1.15838386E-02 -0.500000000    
          19          14   9.19149816E-02  -1.09741073E-02 -0.500000000    
          19          15   9.50561985E-02  -1.14828628E-02 -0.500000000    
          19          16   9.64972302E-02  -1.19322762E-02 -0.500000000    
          19          17   9.68847275E-02  -1.19988415E-02 -0.500000000    
          19          18   9.55863744E-02  -1.16398875E-02 -0.500000000    
          19          19   9.30713564E-02  -1.08932294E-02 -0.500000000    
          19          20   8.87140557E-02  -1.01133166E-02 -0.500000000    
          19          21   8.18209127E-02  -1.07037518E-02 -0.500000000    
          19          22   6.81602433E-02  -1.36410883E-02 -0.500000000    
          19          23   5.22099920E-02  -1.07481033E-02 -0.500000000    
          19          24   2.16598660E-02   6.96232892E-05 -0.500000000    
          19          25   5.14447689E-02  -1.12223905E-03 -0.500000000    
          19          26  0.157772779      -6.93012169E-03 -0.500000000    
          19          27  0.173164651      -4.00184980E-03 -0.500000000    
          19          28  0.134534344       8.54955800E-03 -0.500000000    
          19          29   7.70239085E-02   3.02510951E-02 -0.500000000    
          19          30   7.82500654E-02   5.81433475E-02 -0.500000000    
          19          31  0.200834826       9.15441886E-02 -0.500000000    
          19          32  0.302149206      0.118847132     -0.500000000    
          19          33  0.345341474      0.132809103     -0.500000000    
          20           1  0.395879924      0.146994799     -0.500000000    
          20           2  0.330669433      0.124243915     -0.500000000    
          20           3  0.192657083       8.85652974E-02 -0.500000000    
          20           4   5.81098348E-02   5.22805229E-02 -0.500000000    
          20           5   6.44568652E-02   2.53751036E-02 -0.500000000    
          20           6  0.122467287       5.45837730E-03 -0.500000000    
          20           7  0.168317333      -5.24070580E-03 -0.500000000    
          20           8  0.140272185      -7.42534222E-03 -0.500000000    
          20           9   4.68896888E-02  -1.11217599E-03 -0.500000000    
          20          10   3.30474488E-02  -1.13224820E-03 -0.500000000    
          20          11   5.62721342E-02  -1.06933592E-02 -0.500000000    
          20          12   6.99448958E-02  -1.26839560E-02 -0.500000000    
          20          13   8.17452893E-02  -1.04001202E-02 -0.500000000    
          20          14   8.73262212E-02  -1.00938799E-02 -0.500000000    
          20          15   9.09414738E-02  -1.07597401E-02 -0.500000000    
          20          16   9.27152187E-02  -1.12685133E-02 -0.500000000    
          20          17   9.30328816E-02  -1.13463067E-02 -0.500000000    
          20          18   9.16435495E-02  -1.09469723E-02 -0.500000000    
          20          19   8.87139514E-02  -1.01133324E-02 -0.500000000    
          20          20   8.36951807E-02  -9.14613251E-03 -0.500000000    
          20          21   7.65743926E-02  -9.37397592E-03 -0.500000000    
          20          22   6.25778735E-02  -1.22347521E-02 -0.500000000    
          20          23   4.57086153E-02  -1.04364296E-02 -0.500000000    
          20          24   1.53979529E-02   7.53735425E-04 -0.500000000    
          20          25   3.22645493E-02   1.32163381E-03 -0.500000000    
          20          26  0.144099072      -4.78457054E-03 -0.500000000    
          20          27  0.182305202      -2.69966340E-03 -0.500000000    
          20          28  0.153681815       8.67972430E-03 -0.500000000    
          20          29   9.85537767E-02   2.95549817E-02 -0.500000000    
          20          30   8.14122707E-02   5.65896295E-02 -0.500000000    
          20          31  0.188087627       8.92652199E-02 -0.500000000    
          20          32  0.282118857      0.116375215     -0.500000000    
          20          33  0.316423506      0.130031824     -0.500000000    
          21           1  0.371939301      0.142756969     -0.500000000    
          21           2  0.313455224      0.120213978     -0.500000000    
          21           3  0.179879412       8.49402398E-02 -0.500000000    
          21           4   6.90240860E-02   5.03086038E-02 -0.500000000    
          21           5   9.68592688E-02   2.46354621E-02 -0.500000000    
          21           6  0.148724839       5.86792501E-03 -0.500000000    
          21           7  0.178696841      -3.54013918E-03 -0.500000000    
          21           8  0.120867930      -4.73351404E-03 -0.500000000    
          21           9   2.49439944E-02   1.41954259E-03 -0.500000000    
          21          10   2.51698177E-02  -1.18233543E-03 -0.500000000    
          21          11   4.78645749E-02  -1.11495433E-02 -0.500000000    
          21          12   6.28029034E-02  -1.21856965E-02 -0.500000000    
          21          13   7.44824633E-02  -1.02831693E-02 -0.500000000    
          21          14   8.04800019E-02  -1.05268350E-02 -0.500000000    
          21          15   8.42452794E-02  -1.14813307E-02 -0.500000000    
          21          16   8.63264799E-02  -1.21176364E-02 -0.500000000    
          21          17   8.65508616E-02  -1.22119021E-02 -0.500000000    
          21          18   8.51725936E-02  -1.17307529E-02 -0.500000000    
          21          19   8.18208829E-02  -1.07037816E-02 -0.500000000    
          21          20   7.65743554E-02  -9.37400479E-03 -0.500000000    
          21          21   6.90418631E-02  -8.94413237E-03 -0.500000000    
          21          22   5.51875792E-02  -1.13217467E-02 -0.500000000    
          21          23   3.74602266E-02  -1.06890341E-02 -0.500000000    
          21          24   8.64407048E-03   7.68641068E-04 -0.500000000    
          21          25   8.46967660E-03   4.08515753E-03 -0.500000000    
          21          26  0.123075031      -1.95756205E-03 -0.500000000    
          21          27  0.192030892      -8.91422562E-04 -0.500000000    
          21          28  0.177751362       8.97852890E-03 -0.500000000    
          21          29  0.127405018       2.86826547E-02 -0.500000000    
          21          30   8.72923508E-02   5.45731336E-02 -0.500000000    
          21          31  0.167803347       8.61277506E-02 -0.500000000    
          21          32  0.251519382      0.112934954     -0.500000000    
          21          33  0.273797750      0.126223758     -0.500000000    
          22           1  0.337052226      0.137080148     -0.500000000    
          22           2  0.286165327      0.114871934     -0.500000000    
          22           3  0.160433829       8.03710669E-02 -0.500000000    
          22           4   8.63566026E-02   4.78978418E-02 -0.500000000    
          22           5  0.137112081       2.35228892E-02 -0.500000000    
          22           6  0.180086419       5.94847277E-03 -0.500000000    
          22           7  0.187570527      -2.44106632E-03 -0.500000000    
          22           8   9.41953436E-02  -2.99046282E-03 -0.500000000    
          22           9   1.35225710E-03   1.80032663E-03 -0.500000000    
          22          10   1.54900076E-02  -4.51569119E-03 -0.500000000    
          22          11   3.48234661E-02  -1.44665316E-02 -0.500000000    
          22          12   4.99706566E-02  -1.43672414E-02 -0.500000000    
          22          13   6.06052056E-02  -1.28369797E-02 -0.500000000    
          22          14   6.66193441E-02  -1.34007363E-02 -0.500000000    
          22          15   7.07785413E-02  -1.43794371E-02 -0.500000000    
          22          16   7.29866028E-02  -1.49742123E-02 -0.500000000    
          22          17   7.33269230E-02  -1.50594991E-02 -0.500000000    
          22          18   7.17116445E-02  -1.46207614E-02 -0.500000000    
          22          19   6.81602061E-02  -1.36411348E-02 -0.500000000    
          22          20   6.25777468E-02  -1.22348126E-02 -0.500000000    
          22          21   5.51875606E-02  -1.13217384E-02 -0.500000000    
          22          22   4.30359319E-02  -1.30605856E-02 -0.500000000    
          22          23   2.59697381E-02  -1.36067225E-02 -0.500000000    
          22          24   1.97018404E-03  -2.25736108E-03 -0.500000000    
          22          25  -1.58805232E-02   5.14197676E-03 -0.500000000    
          22          26   9.43186134E-02   3.97736207E-04 -0.500000000    
          22          27  0.200797960       7.64189637E-04 -0.500000000    
          22          28  0.205205426       9.20575671E-03 -0.500000000    
          22          29  0.162099838       2.75584143E-02 -0.500000000    
          22          30   9.78836939E-02   5.21354377E-02 -0.500000000    
          22          31  0.138748989       8.21175352E-02 -0.500000000    
          22          32  0.206322551      0.108454742     -0.500000000    
          22          33  0.213698030      0.121381909     -0.500000000    
          23           1  0.286244214      0.129770532     -0.500000000    
          23           2  0.243188441      0.107992567     -0.500000000    
          23           3  0.134958208       7.46298730E-02 -0.500000000    
          23           4  0.114228003       4.42034081E-02 -0.500000000    
          23           5  0.186139762       2.02253778E-02 -0.500000000    
          23           6  0.215751678       2.91395048E-03 -0.500000000    
          23           7  0.188464344      -5.33784041E-03 -0.500000000    
          23           8   5.58214895E-02  -5.22866612E-03 -0.500000000    
          23           9  -2.43279655E-02  -2.04222696E-03 -0.500000000    
          23          10   8.94349650E-04  -1.06293969E-02 -0.500000000    
          23          11   1.70512553E-02  -1.72956977E-02 -0.500000000    
          23          12   3.29471938E-02  -1.39598111E-02 -0.500000000    
          23          13   4.34991047E-02  -1.12102330E-02 -0.500000000    
          23          14   5.03967516E-02  -1.07816057E-02 -0.500000000    
          23          15   5.52642532E-02  -1.09341992E-02 -0.500000000    
          23          16   5.79708442E-02  -1.10601159E-02 -0.500000000    
          23          17   5.82671836E-02  -1.10786278E-02 -0.500000000    
          23          18   5.64608239E-02  -1.09796273E-02 -0.500000000    
          23          19   5.22098802E-02  -1.07480828E-02 -0.500000000    
          23          20   4.57084663E-02  -1.04363859E-02 -0.500000000    
          23          21   3.74600850E-02  -1.06890649E-02 -0.500000000    
          23          22   2.59697065E-02  -1.36067448E-02 -0.500000000    
          23          23   9.31741949E-03  -1.74407121E-02 -0.500000000    
          23          24  -8.52218922E-03  -9.37545486E-03 -0.500000000    
          23          25  -3.91426459E-02   1.30141049E-03 -0.500000000    
          23          26   5.53652272E-02  -1.11402618E-03 -0.500000000    
          23          27  0.203328907      -8.06926691E-04 -0.500000000    
          23          28  0.235239565       7.30756065E-03 -0.500000000    
          23          29  0.202256799       2.50592697E-02 -0.500000000    
          23          30  0.114766970       4.88597192E-02 -0.500000000    
          23          31  0.100993983       7.71116391E-02 -0.500000000    
          23          32  0.141569167      0.102826141     -0.500000000    
          23          33  0.130866215      0.115520209     -0.500000000    
          24           1  0.211783677      0.120327957     -0.500000000    
          24           2  0.181504890       9.84536931E-02 -0.500000000    
          24           3  0.113334171       6.53086007E-02 -0.500000000    
          24           4  0.158411354       3.47319469E-02 -0.500000000    
          24           5  0.239394888       9.62389447E-03 -0.500000000    
          24           6  0.245222464      -6.16039522E-03 -0.500000000    
          24           7  0.169755116      -1.04256840E-02 -0.500000000    
          24           8   1.11074066E-02  -4.54843463E-03 -0.500000000    
          24           9  -4.06869166E-02   2.89054413E-04 -0.500000000    
          24          10  -1.43679678E-02  -6.80841133E-03 -0.500000000    
          24          11  -5.10172639E-03  -7.79752713E-03 -0.500000000    
          24          12   6.19203877E-03  -2.10892246E-03 -0.500000000    
          24          13   1.33979199E-02   3.13960540E-04 -0.500000000    
          24          14   1.98417604E-02   2.17842229E-04 -0.500000000    
          24          15   2.50147488E-02  -3.66550579E-04 -0.500000000    
          24          16   2.82315053E-02  -7.73065607E-04 -0.500000000    
          24          17   2.85948217E-02  -8.33742903E-04 -0.500000000    
          24          18   2.64359266E-02  -5.31264232E-04 -0.500000000    
          24          19   2.16600597E-02   6.95788767E-05 -0.500000000    
          24          20   1.53979585E-02   7.53680593E-04 -0.500000000    
          24          21   8.64411891E-03   7.68669124E-04 -0.500000000    
          24          22   1.97009370E-03  -2.25730380E-03 -0.500000000    
          24          23  -8.52228049E-03  -9.37539525E-03 -0.500000000    
          24          24  -1.72877461E-02  -8.50021280E-03 -0.500000000    
          24          25  -5.02524078E-02   4.12144611E-04 -0.500000000    
          24          26   8.20023194E-03  -3.17629590E-03 -0.500000000    
          24          27  0.185355321      -7.12301210E-03 -0.500000000    
          24          28  0.260415226      -1.22470665E-03 -0.500000000    
          24          29  0.246653154       1.63835995E-02 -0.500000000    
          24          30  0.144863799       4.15605083E-02 -0.500000000    
          24          31   6.18278049E-02   6.97045103E-02 -0.500000000    
          24          32   5.40853627E-02   9.54565033E-02 -0.500000000    
          24          33   2.03628745E-02  0.108438559     -0.500000000    
          25           1  0.117166296      0.105709180     -0.500000000    
          25           2  0.114286572       8.04683939E-02 -0.500000000    
          25           3  0.118503787       4.51933965E-02 -0.500000000    
          25           4  0.225707397       1.60284825E-02 -0.500000000    
          25           5  0.296965092      -2.25746655E-03 -0.500000000    
          25           6  0.269510180      -6.49753492E-03 -0.500000000    
          25           7  0.124789700      -7.20590935E-04 -0.500000000    
          25           8  -4.79590930E-02   1.00101130E-02 -0.500000000    
          25           9  -7.00960085E-02   1.06756007E-02 -0.500000000    
          25          10  -4.81410474E-02   7.55486893E-04 -0.500000000    
          25          11  -2.72943508E-02   3.06230679E-04 -0.500000000    
          25          12   5.37389889E-04   2.93821283E-03 -0.500000000    
          25          13   2.49273777E-02   1.87581999E-03 -0.500000000    
          25          14   4.57467884E-02  -4.38344432E-04 -0.500000000    
          25          15   6.07324019E-02  -2.32037529E-03 -0.500000000    
          25          16   6.88738823E-02  -3.37096909E-03 -0.500000000    
          25          17   7.00889751E-02  -3.52108642E-03 -0.500000000    
          25          18   6.42081946E-02  -2.76737870E-03 -0.500000000    
          25          19   5.14466912E-02  -1.12230866E-03 -0.500000000    
          25          20   3.22662964E-02   1.32153498E-03 -0.500000000    
          25          21   8.47107824E-03   4.08504577E-03 -0.500000000    
          25          22  -1.58793498E-02   5.14193764E-03 -0.500000000    
          25          23  -3.91421877E-02   1.30141119E-03 -0.500000000    
          25          24  -5.02524003E-02   4.12087451E-04 -0.500000000    
          25          25  -6.69452772E-02   1.05893295E-02 -0.500000000    
          25          26  -4.26841900E-02   9.12300497E-03 -0.500000000    
          25          27  0.145044938      -1.95670733E-03 -0.500000000    
          25          28  0.279085606      -6.90347422E-03 -0.500000000    
          25          29  0.291924089       1.12549914E-03 -0.500000000    
          25          30  0.197964966       2.34680083E-02 -0.500000000    
          25          31   5.07432520E-02   5.32135926E-02 -0.500000000    
          25          32  -3.64297554E-02   8.23860765E-02 -0.500000000    
          25          33 -0.106236786       9.80992839E-02 -0.500000000    
          26           1   7.11344481E-02   7.56677315E-02 -0.500000000    
          26           2  0.112931125       4.96155247E-02 -0.500000000    
          26           3  0.253071845       2.50935294E-02 -0.500000000    
          26           4  0.385161966       1.22693861E-02 -0.500000000    
          26           5  0.364078611       7.47474935E-03 -0.500000000    
          26           6  0.228054717       9.24461614E-03 -0.500000000    
          26           7   1.78359840E-02   1.31908543E-02 -0.500000000    
          26           8  -7.86084384E-02   1.63856708E-02 -0.500000000    
          26           9  -1.85759813E-02   6.41795807E-03 -0.500000000    
          26          10   3.53111923E-02  -4.92968503E-03 -0.500000000    
          26          11   8.09680372E-02  -3.61416023E-03 -0.500000000    
          26          12  0.115062110      -2.30027689E-03 -0.500000000    
          26          13  0.138143718      -4.12157690E-03 -0.500000000    
          26          14  0.153954566      -6.33031270E-03 -0.500000000    
          26          15  0.163513497      -7.91697949E-03 -0.500000000    
          26          16  0.168125108      -8.75854958E-03 -0.500000000    
          26          17  0.168770835      -8.87789670E-03 -0.500000000    
          26          18  0.165531740      -8.27838015E-03 -0.500000000    
          26          19  0.157774150      -6.92996196E-03 -0.500000000    
          26          20  0.144100904      -4.78438940E-03 -0.500000000    
          26          21  0.123077102      -1.95749360E-03 -0.500000000    
          26          22   9.43209901E-02   3.97778989E-04 -0.500000000    
          26          23   5.53675294E-02  -1.11405051E-03 -0.500000000    
          26          24   8.20212439E-03  -3.17634549E-03 -0.500000000    
          26          25  -4.26830240E-02   9.12289042E-03 -0.500000000    
          26          26  -9.66301560E-02   1.91883873E-02 -0.500000000    
          26          27   3.25833336E-02   1.45374108E-02 -0.500000000    
          26          28  0.262021214       7.65584875E-03 -0.500000000    
          26          29  0.374807328       3.91641539E-03 -0.500000000    
          26          30  0.354983509       9.89512727E-03 -0.500000000    
          26          31  0.181509227       2.67764982E-02 -0.500000000    
          26          32  -1.90403014E-02   5.37051335E-02 -0.500000000    
          26          33 -0.133507505       7.47191235E-02 -0.500000000    
          27           1  0.384442657       4.31497209E-02 -0.500000000    
          27           2  0.372224301       4.34351191E-02 -0.500000000    
          27           3  0.473879129       4.10583951E-02 -0.500000000    
          27           4  0.413559705       3.42618152E-02 -0.500000000    
          27           5  0.200304836       2.70007346E-02 -0.500000000    
          27           6   6.22403212E-02   2.12473013E-02 -0.500000000    
          27           7   8.61438923E-03   1.64530445E-02 -0.500000000    
          27           8   8.03197995E-02   1.07432343E-02 -0.500000000    
          27           9  0.169567004      -3.70484591E-03 -0.500000000    
          27          10  0.195643768      -8.07407498E-03 -0.500000000    
          27          11  0.203628793      -2.60784011E-03 -0.500000000    
          27          12  0.196201965      -1.04385149E-03 -0.500000000    
          27          13  0.185556278      -2.25995271E-03 -0.500000000    
          27          14  0.176027045      -3.63976648E-03 -0.500000000    
          27          15  0.168454185      -4.58157016E-03 -0.500000000    
          27          16  0.164096907      -5.06872684E-03 -0.500000000    
          27          17  0.163480699      -5.13498066E-03 -0.500000000    
          27          18  0.166619912      -4.79308376E-03 -0.500000000    
          27          19  0.173163906      -4.00140369E-03 -0.500000000    
          27          20  0.182304785      -2.69931252E-03 -0.500000000    
          27          21  0.192031071      -8.91089032E-04 -0.500000000    
          27          22  0.200798854       7.64530618E-04 -0.500000000    
          27          23  0.203330189      -8.06687633E-04 -0.500000000    
          27          24  0.185357556      -7.12287566E-03 -0.500000000    
          27          25  0.145047665      -1.95671897E-03 -0.500000000    
          27          26   3.25859115E-02   1.45373438E-02 -0.500000000    
          27          27  -5.00613973E-02   2.10436992E-02 -0.500000000    
          27          28   6.74210638E-02   2.44801249E-02 -0.500000000    
          27          29  0.290934861       2.64341105E-02 -0.500000000    
          27          30  0.516972661       3.00039500E-02 -0.500000000    
          27          31  0.555106699       3.18135731E-02 -0.500000000    
          27          32  0.444904894       3.10787968E-02 -0.500000000    
          27          33  0.404455990       3.22139487E-02 -0.500000000    
          28           1  0.392320901       8.33177119E-02 -0.500000000    
          28           2  0.589983821       6.08984195E-02 -0.500000000    
          28           3  0.594346702       4.79348712E-02 -0.500000000    
          28           4  0.258848101       3.95624042E-02 -0.500000000    
          28           5  -2.68001966E-02   3.40796039E-02 -0.500000000    
          28           6  -2.62644328E-02   2.94637773E-02 -0.500000000    
          28           7  0.126317382       1.98754165E-02 -0.500000000    
          28           8  0.263183624       5.37382299E-03 -0.500000000    
          28           9  0.266809076      -6.61163591E-03 -0.500000000    
          28          10  0.244940758      -1.15067698E-03 -0.500000000    
          28          11  0.217388198       6.64940663E-03 -0.500000000    
          28          12  0.187251806       8.67922790E-03 -0.500000000    
          28          13  0.161331132       8.71139579E-03 -0.500000000    
          28          14  0.140124619       8.57263338E-03 -0.500000000    
          28          15  0.125069857       8.52071680E-03 -0.500000000    
          28          16  0.116361290       8.51150509E-03 -0.500000000    
          28          17  0.115386426       8.51331651E-03 -0.500000000    
          28          18  0.121221386       8.51374865E-03 -0.500000000    
          28          19  0.134530976       8.55005905E-03 -0.500000000    
          28          20  0.153678924       8.68016295E-03 -0.500000000    
          28          21  0.177749246       8.97908024E-03 -0.500000000    
          28          22  0.205204427       9.20617301E-03 -0.500000000    
          28          23  0.235239014       7.30796531E-03 -0.500000000    
          28          24  0.260415643      -1.22443773E-03 -0.500000000    
          28          25  0.279087126      -6.90331776E-03 -0.500000000    
          28          26  0.262023568       7.65594654E-03 -0.500000000    
          28          27   6.74239919E-02   2.44801790E-02 -0.500000000    
          28          28 -0.122845300       3.46923061E-02 -0.500000000    
          28          29   2.39420421E-02   3.77483629E-02 -0.500000000    
          28          30  0.454295576       4.10886928E-02 -0.500000000    
          28          31  0.720019519       4.59333695E-02 -0.500000000    
          28          32  0.711894274       5.20182215E-02 -0.500000000    
          28          33  0.624778926       6.14884496E-02 -0.500000000    
          29           1  0.248642325       9.42884982E-02 -0.500000000    
          29           2  0.459654897       7.04106614E-02 -0.500000000    
          29           3  0.719449699       4.27521840E-02 -0.500000000    
          29           4  0.478218615       2.98645161E-02 -0.500000000    
          29           5   3.85371894E-02   3.24550308E-02 -0.500000000    
          29           6   3.94605063E-02   3.48980054E-02 -0.500000000    
          29           7  0.303547710       2.42138989E-02 -0.500000000    
          29           8  0.346800834       4.92572878E-03 -0.500000000    
          29           9  0.268043280       3.85653577E-03 -0.500000000    
          29          10  0.222036242       1.77231450E-02 -0.500000000    
          29          11  0.177125975       2.57086288E-02 -0.500000000    
          29          12  0.138559014       2.81703640E-02 -0.500000000    
          29          13  0.107408367       2.92644091E-02 -0.500000000    
          29          14   8.33089277E-02   3.00404038E-02 -0.500000000    
          29          15   6.69308454E-02   3.05959582E-02 -0.500000000    
          29          16   5.81668913E-02   3.09063010E-02 -0.500000000    
          29          17   5.69483116E-02   3.09510771E-02 -0.500000000    
          29          18   6.31446615E-02   3.07280831E-02 -0.500000000    
          29          19   7.70207644E-02   3.02515347E-02 -0.500000000    
          29          20   9.85504240E-02   2.95554455E-02 -0.500000000    
          29          21  0.127402082       2.86830235E-02 -0.500000000    
          29          22  0.162096769       2.75587887E-02 -0.500000000    
          29          23  0.202253893       2.50596050E-02 -0.500000000    
          29          24  0.246651396       1.63839553E-02 -0.500000000    
          29          25  0.291922837       1.12574711E-03 -0.500000000    
          29          26  0.374806195       3.91659839E-03 -0.500000000    
          29          27  0.290934741       2.64342800E-02 -0.500000000    
          29          28   2.39424258E-02   3.77484225E-02 -0.500000000    
          29          29  0.159117267       3.52442861E-02 -0.500000000    
          29          30  0.671179593       3.28000560E-02 -0.500000000    
          29          31  0.752058625       4.63136658E-02 -0.500000000    
          29          32  0.456848860       7.16967136E-02 -0.500000000    
          29          33  0.305727750       8.96727368E-02 -0.500000000    
          30           1  0.342842579       7.62406662E-02 -0.500000000    
          30           2  0.637284160       6.12369925E-02 -0.500000000    
          30           3  0.863361716       3.78425904E-02 -0.500000000    
          30           4  0.860679388       2.76751127E-02 -0.500000000    
          30           5  0.521713614       3.49850506E-02 -0.500000000    
          30           6  0.404613763       4.34128642E-02 -0.500000000    
          30           7  0.482522041       3.11787426E-02 -0.500000000    
          30           8  0.303008705       1.42423064E-02 -0.500000000    
          30           9  0.174233139       2.74660084E-02 -0.500000000    
          30          10  0.128908858       4.38056849E-02 -0.500000000    
          30          11  0.103304483       5.06341793E-02 -0.500000000    
          30          12   9.04042870E-02   5.37488349E-02 -0.500000000    
          30          13   8.29389095E-02   5.59610054E-02 -0.500000000    
          30          14   7.89782628E-02   5.76803647E-02 -0.500000000    
          30          15   7.71329999E-02   5.88928498E-02 -0.500000000    
          30          16   7.60620609E-02   5.95540814E-02 -0.500000000    
          30          17   7.62136281E-02   5.96517511E-02 -0.500000000    
          30          18   7.65367076E-02   5.91742434E-02 -0.500000000    
          30          19   7.82563537E-02   5.81441633E-02 -0.500000000    
          30          20   8.14175382E-02   5.65903373E-02 -0.500000000    
          30          21   8.72962922E-02   5.45738004E-02 -0.500000000    
          30          22   9.78856757E-02   5.21359704E-02 -0.500000000    
          30          23  0.114767000       4.88600545E-02 -0.500000000    
          30          24  0.144862249       4.15607281E-02 -0.500000000    
          30          25  0.197962493       2.34681368E-02 -0.500000000    
          30          26  0.354978055       9.89522319E-03 -0.500000000    
          30          27  0.516964138       3.00039630E-02 -0.500000000    
          30          28  0.454289228       4.10886742E-02 -0.500000000    
          30          29  0.671176612       3.28000635E-02 -0.500000000    
          30          30  0.958480597       2.69510113E-02 -0.500000000    
          30          31  0.840935349       3.92238311E-02 -0.500000000    
          30          32  0.535907567       6.02724962E-02 -0.500000000    
          30          33  0.277005345       7.13346452E-02 -0.500000000    
          31           1  0.537842095       5.47330789E-02 -0.500000000    
          31           2  0.656721056       5.65230735E-02 -0.500000000    
          31           3  0.789364398       5.10693416E-02 -0.500000000    
          31           4  0.755444407       4.70122695E-02 -0.500000000    
          31           5  0.677793324       5.27486652E-02 -0.500000000    
          31           6  0.631951451       5.16831316E-02 -0.500000000    
          31           7  0.451755822       3.67006063E-02 -0.500000000    
          31           8  0.140003711       3.42388041E-02 -0.500000000    
          31           9   6.85914978E-02   5.85166775E-02 -0.500000000    
          31          10   9.04164165E-02   7.35481903E-02 -0.500000000    
          31          11  0.127220646       8.03940445E-02 -0.500000000    
          31          12  0.159141079       8.48737136E-02 -0.500000000    
          31          13  0.182081744       8.83149058E-02 -0.500000000    
          31          14  0.197436154       9.08813030E-02 -0.500000000    
          31          15  0.206336603       9.26050171E-02 -0.500000000    
          31          16  0.210977525       9.35240239E-02 -0.500000000    
          31          17  0.211422339       9.36528668E-02 -0.500000000    
          31          18  0.208476961       9.30009708E-02 -0.500000000    
          31          19  0.200852126       9.15463120E-02 -0.500000000    
          31          20  0.188104510       8.92671347E-02 -0.500000000    
          31          21  0.167819560       8.61294195E-02 -0.500000000    
          31          22  0.138763845       8.21186826E-02 -0.500000000    
          31          23  0.101006940       7.71124139E-02 -0.500000000    
          31          24   6.18368648E-02   6.97048977E-02 -0.500000000    
          31          25   5.07467687E-02   5.32137379E-02 -0.500000000    
          31          26  0.181501433       2.67764796E-02 -0.500000000    
          31          27  0.555089772       3.18133868E-02 -0.500000000    
          31          28  0.720011652       4.59329635E-02 -0.500000000    
          31          29  0.752057791       4.63135429E-02 -0.500000000    
          31          30  0.840935886       3.92236561E-02 -0.500000000    
          31          31  0.802362502       4.49754260E-02 -0.500000000    
          31          32  0.618795335       4.98520583E-02 -0.500000000    
          31          33  0.476196438       4.85079773E-02 -0.500000000    
          32           1  0.656868875       3.22350860E-02 -0.500000000    
          32           2  0.627334595       4.68186773E-02 -0.500000000    
          32           3  0.603376091       6.06605299E-02 -0.500000000    
          32           4  0.477428228       7.27267563E-02 -0.500000000    
          32           5  0.428828299       8.44326243E-02 -0.500000000    
          32           6  0.633589208       6.06775098E-02 -0.500000000    
          32           7  0.297385007       4.10851166E-02 -0.500000000    
          32           8   8.17906111E-05   6.28187656E-02 -0.500000000    
          32           9   3.23939957E-02   8.83592889E-02 -0.500000000    
          32          10  0.115400948      0.100098632     -0.500000000    
          32          11  0.186987653      0.106665321     -0.500000000    
          32          12  0.238197073      0.111558452     -0.500000000    
          32          13  0.273315579      0.115342595     -0.500000000    
          32          14  0.296489775      0.118129879     -0.500000000    
          32          15  0.310832590      0.119990461     -0.500000000    
          32          16  0.318069488      0.120974995     -0.500000000    
          32          17  0.319051147      0.121114612     -0.500000000    
          32          18  0.313979238      0.120413952     -0.500000000    
          32          19  0.302169293      0.118850693     -0.500000000    
          32          20  0.282139778      0.116378367     -0.500000000    
          32          21  0.251541555      0.112937704     -0.500000000    
          32          22  0.206346303      0.108457029     -0.500000000    
          32          23  0.141594023      0.102827869     -0.500000000    
          32          24   5.41088469E-02   9.54576209E-02 -0.500000000    
          32          25  -3.64115350E-02   8.23865682E-02 -0.500000000    
          32          26  -1.90399345E-02   5.37053682E-02 -0.500000000    
          32          27  0.444876760       3.10786795E-02 -0.500000000    
          32          28  0.711884260       5.20178303E-02 -0.500000000    
          32          29  0.456846595       7.16962814E-02 -0.500000000    
          32          30  0.535907328       6.02721944E-02 -0.500000000    
          32          31  0.618795753       4.98519763E-02 -0.500000000    
          32          32  0.617843270       3.72733846E-02 -0.500000000    
          32          33  0.637971580       2.62386315E-02 -0.500000000    
          33           1  0.691400170       1.76996980E-02 -0.500000000    
          33           2  0.628356338       3.66818719E-02 -0.500000000    
          33           3  0.451056570       6.32731169E-02 -0.500000000    
          33           4  0.278295368       8.91909078E-02 -0.500000000    
          33           5  0.305413395      0.108323812     -0.500000000    
          33           6  0.610814989       7.04526603E-02 -0.500000000    
          33           7  0.256407440       4.45861183E-02 -0.500000000    
          33           8  -8.66592973E-02   8.30457658E-02 -0.500000000    
          33           9  -2.02961396E-02  0.103737161     -0.500000000    
          33          10   9.59041566E-02  0.113101475     -0.500000000    
          33          11  0.188627496      0.119524240     -0.500000000    
          33          12  0.255936146      0.124725781     -0.500000000    
          33          13  0.303916782      0.128881469     -0.500000000    
          33          14  0.337059647      0.132000580     -0.500000000    
          33          15  0.358258039      0.134104952     -0.500000000    
          33          16  0.369181246      0.135225341     -0.500000000    
          33          17  0.370733947      0.135384887     -0.500000000    
          33          18  0.362970442      0.134586483     -0.500000000    
          33          19  0.345359355      0.132813588     -0.500000000    
          33          20  0.316443473      0.130035922     -0.500000000    
          33          21  0.273821115      0.126227394     -0.500000000    
          33          22  0.213725701      0.121385038     -0.500000000    
          33          23  0.130897984      0.115522638     -0.500000000    
          33          24   2.03972906E-02  0.108440250     -0.500000000    
          33          25 -0.106207334       9.81001034E-02 -0.500000000    
          33          26 -0.133497506       7.47195408E-02 -0.500000000    
          33          27  0.404424161       3.22141200E-02 -0.500000000    
          33          28  0.624764800       6.14878759E-02 -0.500000000    
          33          29  0.305722445       8.96722153E-02 -0.500000000    
          33          30  0.277004272       7.13341981E-02 -0.500000000    
          33          31  0.476196319       4.85079288E-02 -0.500000000    
          33          32  0.637972414       2.62386929E-02 -0.500000000    
          33          33  0.694606543       1.29496185E-02 -0.500000000    
