           1           1  0.946043789      0.152019545     -0.500000000    
           1           2  0.893095315      0.156276777     -0.500000000    
           1           3  0.725235939      0.167262986     -0.500000000    
           1           4  0.334204733      0.176852703     -0.500000000    
           1           5  0.130370274      0.172792360     -0.500000000    
           1           6  0.138566345      0.183569133     -0.500000000    
           1           7  0.304668844      0.211778805     -0.500000000    
           1           8  0.962780893      0.160437942     -0.500000000    
           1           9  0.841727674      0.114095561     -0.500000000    
           1          10  0.572192192      0.130996600     -0.500000000    
           1          11  0.506412506      0.146479443     -0.500000000    
           1          12  0.498847365      0.150654927     -0.500000000    
           1          13  0.498577416      0.151292443     -0.500000000    
           1          14  0.496649504      0.151222140     -0.500000000    
           1          15  0.494165361      0.151024491     -0.500000000    
           1          16  0.492707759      0.150877640     -0.500000000    
           1          17  0.492339075      0.150852889     -0.500000000    
           1          18  0.493637681      0.150966048     -0.500000000    
           1          19  0.495754600      0.151159495     -0.500000000    
           1          20  0.498311758      0.151320532     -0.500000000    
           1          21  0.499568433      0.151233956     -0.500000000    
           1          22  0.497925818      0.150266230     -0.500000000    
           1          23  0.504071653      0.145315856     -0.500000000    
           1          24  0.578243911      0.127955824     -0.500000000    
           1          25  0.878121734      0.111401260     -0.500000000    
           1          26  0.894260228      0.164564207     -0.500000000    
           1          27  0.242433488      0.205850393     -0.500000000    
           1          28   9.87002850E-02  0.182860166     -0.500000000    
           1          29  0.146028921      0.179192051     -0.500000000    
           1          30  0.478437066      0.177456900     -0.500000000    
           1          31  0.784413576      0.163118646     -0.500000000    
           1          32  0.878090918      0.151428446     -0.500000000    
           1          33  0.903958619      0.146270975     -0.500000000    
           2           1  0.893096507      0.156276792     -0.500000000    
           2           2  0.774039447      0.158124641     -0.500000000    
           2           3  0.515991747      0.164918959     -0.500000000    
           2           4   7.25759566E-02  0.170129150     -0.500000000    
           2           5  -3.79923582E-02  0.162494764     -0.500000000    
           2           6   6.76643699E-02  0.161432400     -0.500000000    
           2           7  0.159704015      0.180519834     -0.500000000    
           2           8  0.719517231      0.146739468     -0.500000000    
           2           9  0.613123000      0.112946972     -0.500000000    
           2          10  0.387432754      0.109753348     -0.500000000    
           2          11  0.317167401      0.125029251     -0.500000000    
           2          12  0.289477021      0.132189274     -0.500000000    
           2          13  0.274392128      0.133763254     -0.500000000    
           2          14  0.264187872      0.133974835     -0.500000000    
           2          15  0.256562889      0.133908078     -0.500000000    
           2          16  0.252429605      0.133820206     -0.500000000    
           2          17  0.251824707      0.133807153     -0.500000000    
           2          18  0.254844844      0.133874223     -0.500000000    
           2          19  0.261230588      0.133970216     -0.500000000    
           2          20  0.270979047      0.133960322     -0.500000000    
           2          21  0.282711148      0.133548811     -0.500000000    
           2          22  0.298899502      0.131561905     -0.500000000    
           2          23  0.329631984      0.123241909     -0.500000000    
           2          24  0.412070751      0.106136613     -0.500000000    
           2          25  0.655925632      0.111550622     -0.500000000    
           2          26  0.694917679      0.147309691     -0.500000000    
           2          27  0.115733020      0.177008063     -0.500000000    
           2          28   5.08497395E-02  0.162708536     -0.500000000    
           2          29  -2.20504217E-02  0.168252259     -0.500000000    
           2          30  0.260280043      0.169896722     -0.500000000    
           2          31  0.627234936      0.160949722     -0.500000000    
           2          32  0.805854559      0.155302018     -0.500000000    
           2          33  0.898099720      0.154073149     -0.500000000    
           3           1  0.725240171      0.167263046     -0.500000000    
           3           2  0.515994906      0.164918914     -0.500000000    
           3           3  0.141919747      0.160812899     -0.500000000    
           3           4 -0.122059762      0.153630584     -0.500000000    
           3           5 -0.108255498      0.138311163     -0.500000000    
           3           6  -5.31885289E-02  0.125083238     -0.500000000    
           3           7  -9.60386172E-03  0.126472637     -0.500000000    
           3           8  0.242669478      0.118409239     -0.500000000    
           3           9  0.329921097       9.91913602E-02 -0.500000000    
           3          10  0.209226131       8.17064345E-02 -0.500000000    
           3          11  0.147103652       9.15663615E-02 -0.500000000    
           3          12  0.122826159      0.101677991     -0.500000000    
           3          13  0.108065635      0.104760677     -0.500000000    
           3          14   9.96139795E-02  0.105353460     -0.500000000    
           3          15   9.48638916E-02  0.105426714     -0.500000000    
           3          16   9.20818970E-02  0.105405495     -0.500000000    
           3          17   9.19692516E-02  0.105401218     -0.500000000    
           3          18   9.35290009E-02  0.105422191     -0.500000000    
           3          19   9.79011208E-02  0.105422139     -0.500000000    
           3          20  0.104533590      0.105250962     -0.500000000    
           3          21  0.115049042      0.104437828     -0.500000000    
           3          22  0.132991225      0.100771345     -0.500000000    
           3          23  0.162951231       8.89905542E-02 -0.500000000    
           3          24  0.242644131       7.80710056E-02 -0.500000000    
           3          25  0.374359518       9.86411199E-02 -0.500000000    
           3          26  0.262803555      0.117359653     -0.500000000    
           3          27  -1.96130052E-02  0.126106575     -0.500000000    
           3          28  -8.28646794E-02  0.127055824     -0.500000000    
           3          29  -9.37989950E-02  0.142965466     -0.500000000    
           3          30   2.50468366E-02  0.155488715     -0.500000000    
           3          31  0.355318695      0.160475492     -0.500000000    
           3          32  0.663942039      0.165055364     -0.500000000    
           3          33  0.810314834      0.167637989     -0.500000000    
           4           1  0.334213257      0.176852986     -0.500000000    
           4           2   7.25818127E-02  0.170129359     -0.500000000    
           4           3 -0.122056931      0.153630689     -0.500000000    
           4           4   3.18287648E-02  0.132253230     -0.500000000    
           4           5  0.165170684      0.102910295     -0.500000000    
           4           6  0.120989256       7.90798813E-02 -0.500000000    
           4           7   4.37385701E-02   6.99398816E-02 -0.500000000    
           4           8  -8.15219656E-02   7.68762678E-02 -0.500000000    
           4           9   6.24656379E-02   7.03057647E-02 -0.500000000    
           4          10   8.45967904E-02   5.19422181E-02 -0.500000000    
           4          11   6.62138239E-02   5.35898432E-02 -0.500000000    
           4          12   7.03933164E-02   6.50314838E-02 -0.500000000    
           4          13   7.26225078E-02   7.07470998E-02 -0.500000000    
           4          14   7.48684108E-02   7.25144520E-02 -0.500000000    
           4          15   7.67881945E-02   7.31630325E-02 -0.500000000    
           4          16   7.78386816E-02   7.34327435E-02 -0.500000000    
           4          17   7.80255720E-02   7.34709948E-02 -0.500000000    
           4          18   7.72417635E-02   7.32865557E-02 -0.500000000    
           4          19   7.55385682E-02   7.28462189E-02 -0.500000000    
           4          20   7.29735866E-02   7.19783008E-02 -0.500000000    
           4          21   7.00770691E-02   6.98635057E-02 -0.500000000    
           4          22   6.77127391E-02   6.32322058E-02 -0.500000000    
           4          23   6.51105195E-02   4.99369912E-02 -0.500000000    
           4          24   9.48757157E-02   4.85475212E-02 -0.500000000    
           4          25   7.28283003E-02   6.98711351E-02 -0.500000000    
           4          26  -8.39947090E-02   7.64860511E-02 -0.500000000    
           4          27   6.97173774E-02   7.05757067E-02 -0.500000000    
           4          28  0.218465939       7.97885805E-02 -0.500000000    
           4          29  0.225451425      0.105292745     -0.500000000    
           4          30   4.73128520E-02  0.135703683     -0.500000000    
           4          31   3.35053392E-02  0.159803599     -0.500000000    
           4          32  0.312145174      0.175718963     -0.500000000    
           4          33  0.502829969      0.181684628     -0.500000000    
           5           1  0.130366966      0.172792658     -0.500000000    
           5           2  -3.79946716E-02  0.162494838     -0.500000000    
           5           3 -0.108254895      0.138311267     -0.500000000    
           5           4  0.165173665      0.102910280     -0.500000000    
           5           5  0.491697133       6.28114790E-02 -0.500000000    
           5           6  0.416995704       3.67220230E-02 -0.500000000    
           5           7  0.125270113       3.23337764E-02 -0.500000000    
           5           8  -8.37040171E-02   3.75833660E-02 -0.500000000    
           5           9 -0.100185283       3.63201648E-02 -0.500000000    
           5          10  -2.99439635E-02   2.46557575E-02 -0.500000000    
           5          11   1.10524707E-03   1.88770182E-02 -0.500000000    
           5          12   3.41079161E-02   2.73554362E-02 -0.500000000    
           5          13   6.07176311E-02   3.50414850E-02 -0.500000000    
           5          14   7.79971704E-02   3.80560048E-02 -0.500000000    
           5          15   8.96230564E-02   3.92583348E-02 -0.500000000    
           5          16   9.54863057E-02   3.97966765E-02 -0.500000000    
           5          17   9.64695960E-02   3.98714058E-02 -0.500000000    
           5          18   9.20725316E-02   3.95067409E-02 -0.500000000    
           5          19   8.25014263E-02   3.86861190E-02 -0.500000000    
           5          20   6.67090416E-02   3.72089446E-02 -0.500000000    
           5          21   4.49549630E-02   3.37977335E-02 -0.500000000    
           5          22   1.41755156E-02   2.50277333E-02 -0.500000000    
           5          23  -2.02489998E-02   1.53136300E-02 -0.500000000    
           5          24  -4.46819589E-02   2.25454904E-02 -0.500000000    
           5          25 -0.114783950       3.64641920E-02 -0.500000000    
           5          26  -6.63607493E-02   3.78811806E-02 -0.500000000    
           5          27  0.198896468       3.30034606E-02 -0.500000000    
           5          28  0.537225068       3.97338904E-02 -0.500000000    
           5          29  0.516647577       6.77339137E-02 -0.500000000    
           5          30  0.146127388      0.108957864     -0.500000000    
           5          31  -8.67129862E-02  0.148873553     -0.500000000    
           5          32  -1.74018601E-03  0.174624681     -0.500000000    
           5          33   6.11223578E-02  0.183037788     -0.500000000    
           6           1  0.138557345      0.183568522     -0.500000000    
           6           2   6.76573813E-02  0.161431983     -0.500000000    
           6           3  -5.31912781E-02  0.125083059     -0.500000000    
           6           4  0.120992705       7.90796503E-02 -0.500000000    
           6           5  0.416999072       3.67218331E-02 -0.500000000    
           6           6  0.304972410       1.32876951E-02 -0.500000000    
           6           7  0.165476725       5.97789418E-03 -0.500000000    
           6           8   2.89908275E-02   6.57729199E-03 -0.500000000    
           6           9  -7.32024238E-02   6.69256784E-03 -0.500000000    
           6          10  -8.55614170E-02   3.77248926E-03 -0.500000000    
           6          11  -5.93468212E-02  -4.59879125E-03 -0.500000000    
           6          12  -3.38130295E-02  -1.89448963E-03 -0.500000000    
           6          13  -5.43149840E-03   5.78932511E-03 -0.500000000    
           6          14   1.57292467E-02   9.36908182E-03 -0.500000000    
           6          15   3.04796603E-02   1.05396379E-02 -0.500000000    
           6          16   3.84920798E-02   1.09610166E-02 -0.500000000    
           6          17   3.97952236E-02   1.10206148E-02 -0.500000000    
           6          18   3.38372737E-02   1.07589597E-02 -0.500000000    
           6          19   2.11818963E-02   1.01497015E-02 -0.500000000    
           6          20   2.30228156E-03   8.78230296E-03 -0.500000000    
           6          21  -2.18825936E-02   4.71917680E-03 -0.500000000    
           6          22  -5.08926064E-02  -4.24466887E-03 -0.500000000    
           6          23  -7.16516078E-02  -7.46121164E-03 -0.500000000    
           6          24  -8.96643326E-02   2.52155215E-03 -0.500000000    
           6          25  -6.62520751E-02   6.82775723E-03 -0.500000000    
           6          26   7.06322640E-02   7.26462575E-03 -0.500000000    
           6          27  0.228065446       7.23430607E-03 -0.500000000    
           6          28  0.381677568       1.81630161E-02 -0.500000000    
           6          29  0.442355454       4.57696244E-02 -0.500000000    
           6          30   6.38599843E-02   9.17255804E-02 -0.500000000    
           6          31 -0.137212619      0.140595332     -0.500000000    
           6          32  -2.59494241E-02  0.173311278     -0.500000000    
           6          33  -1.75309237E-02  0.189087346     -0.500000000    
           7           1  0.304660559      0.211777464     -0.500000000    
           7           2  0.159694344      0.180518568     -0.500000000    
           7           3  -9.60931368E-03  0.126471683     -0.500000000    
           7           4   4.37380746E-02   6.99393079E-02 -0.500000000    
           7           5  0.125271812       3.23333777E-02 -0.500000000    
           7           6  0.165478438       5.97771956E-03 -0.500000000    
           7           7  0.165768608      -1.02419574E-02 -0.500000000    
           7           8  0.168050945      -1.80869959E-02 -0.500000000    
           7           9   7.28437155E-02  -1.91349871E-02 -0.500000000    
           7          10  -2.18512472E-02  -1.56574082E-02 -0.500000000    
           7          11  -3.15466523E-02  -2.23280769E-02 -0.500000000    
           7          12  -3.77127603E-02  -2.48701833E-02 -0.500000000    
           7          13  -3.47211063E-02  -1.81121547E-02 -0.500000000    
           7          14  -3.03267054E-02  -1.35067664E-02 -0.500000000    
           7          15  -2.67664194E-02  -1.19495559E-02 -0.500000000    
           7          16  -2.39979737E-02  -1.14638228E-02 -0.500000000    
           7          17  -2.36757081E-02  -1.13987103E-02 -0.500000000    
           7          18  -2.55993009E-02  -1.16599714E-02 -0.500000000    
           7          19  -2.94429902E-02  -1.23376902E-02 -0.500000000    
           7          20  -3.27654891E-02  -1.41477101E-02 -0.500000000    
           7          21  -3.50809880E-02  -1.94567144E-02 -0.500000000    
           7          22  -3.41889672E-02  -2.74292696E-02 -0.500000000    
           7          23  -2.25739498E-02  -2.43254360E-02 -0.500000000    
           7          24  -9.10365675E-03  -1.60291269E-02 -0.500000000    
           7          25   9.96049196E-02  -1.83452684E-02 -0.500000000    
           7          26  0.203117117      -1.59987882E-02 -0.500000000    
           7          27  0.211414084      -6.78905100E-03 -0.500000000    
           7          28  0.215537876       1.32204937E-02 -0.500000000    
           7          29  0.128995702       4.39288765E-02 -0.500000000    
           7          30  -1.87332947E-02   8.49343315E-02 -0.500000000    
           7          31   3.48885655E-02  0.137864441     -0.500000000    
           7          32  0.167009383      0.183755025     -0.500000000    
           7          33  0.204881147      0.210006878     -0.500000000    
           8           1  0.962780118      0.160435915     -0.500000000    
           8           2  0.719507277      0.146737501     -0.500000000    
           8           3  0.242658570      0.118407503     -0.500000000    
           8           4  -8.15267190E-02   7.68753514E-02 -0.500000000    
           8           5  -8.37041810E-02   3.75829600E-02 -0.500000000    
           8           6   2.89930273E-02   6.57697255E-03 -0.500000000    
           8           7  0.168052867      -1.80872027E-02 -0.500000000    
           8           8  0.299092472      -3.24469581E-02 -0.500000000    
           8           9  0.251693338      -3.54602188E-02 -0.500000000    
           8          10  0.122751869      -3.03505175E-02 -0.500000000    
           8          11   7.73574114E-02  -3.46416421E-02 -0.500000000    
           8          12   5.29880673E-02  -4.20767702E-02 -0.500000000    
           8          13   3.41804400E-02  -3.85119319E-02 -0.500000000    
           8          14   2.13307980E-02  -3.37316096E-02 -0.500000000    
           8          15   1.17159355E-02  -3.19823623E-02 -0.500000000    
           8          16   7.04663387E-03  -3.15264761E-02 -0.500000000    
           8          17   6.30059745E-03  -3.14687081E-02 -0.500000000    
           8          18   9.64855682E-03  -3.16421315E-02 -0.500000000    
           8          19   1.73191726E-02  -3.21986005E-02 -0.500000000    
           8          20   3.06397844E-02  -3.41388583E-02 -0.500000000    
           8          21   4.76494096E-02  -3.96151878E-02 -0.500000000    
           8          22   7.02784061E-02  -4.37758714E-02 -0.500000000    
           8          23   9.54075679E-02  -3.46914828E-02 -0.500000000    
           8          24  0.144479662      -2.89857164E-02 -0.500000000    
           8          25  0.282989979      -3.31251323E-02 -0.500000000    
           8          26  0.312886357      -2.91116573E-02 -0.500000000    
           8          27  0.172930732      -1.32147130E-02 -0.500000000    
           8          28   2.59726848E-02   1.41695850E-02 -0.500000000    
           8          29  -9.30804834E-02   4.86288518E-02 -0.500000000    
           8          30  -4.71428176E-03   8.79253447E-02 -0.500000000    
           8          31  0.358129442      0.119020574     -0.500000000    
           8          32  0.753811240      0.133627549     -0.500000000    
           8          33  0.989499569      0.136852860     -0.500000000    
           9           1  0.841727674      0.114092499     -0.500000000    
           9           2  0.613116205      0.112944067     -0.500000000    
           9           3  0.329911649       9.91890281E-02 -0.500000000    
           9           4   6.24590591E-02   7.03044757E-02 -0.500000000    
           9           5 -0.100187965       3.63196731E-02 -0.500000000    
           9           6  -7.32010901E-02   6.69223815E-03 -0.500000000    
           9           7   7.28467777E-02  -1.91353373E-02 -0.500000000    
           9           8  0.251695901      -3.54604870E-02 -0.500000000    
           9           9  0.322499484      -4.10555042E-02 -0.500000000    
           9          10  0.245762214      -3.69589329E-02 -0.500000000    
           9          11  0.196345776      -3.83843444E-02 -0.500000000    
           9          12  0.184094802      -4.85423692E-02 -0.500000000    
           9          13  0.165727824      -4.93122563E-02 -0.500000000    
           9          14  0.150968477      -4.53755111E-02 -0.500000000    
           9          15  0.137604907      -4.37714010E-02 -0.500000000    
           9          16  0.129745066      -4.35253158E-02 -0.500000000    
           9          17  0.128619358      -4.34977300E-02 -0.500000000    
           9          18  0.134131446      -4.34359685E-02 -0.500000000    
           9          19  0.146049991      -4.35959324E-02 -0.500000000    
           9          20  0.162537038      -4.52966057E-02 -0.500000000    
           9          21  0.178213894      -4.98633049E-02 -0.500000000    
           9          22  0.194490850      -4.90007959E-02 -0.500000000    
           9          23  0.199007824      -3.67059484E-02 -0.500000000    
           9          24  0.249576911      -3.42248492E-02 -0.500000000    
           9          25  0.325465918      -3.73744257E-02 -0.500000000    
           9          26  0.236016408      -3.11336089E-02 -0.500000000    
           9          27   5.78901619E-02  -1.37068685E-02 -0.500000000    
           9          28  -7.48074949E-02   1.25563182E-02 -0.500000000    
           9          29  -5.19521609E-02   4.11481410E-02 -0.500000000    
           9          30  0.159455448       6.97071329E-02 -0.500000000    
           9          31  0.389595270       8.88504609E-02 -0.500000000    
           9          32  0.612555087       9.62134600E-02 -0.500000000    
           9          33  0.796320021       9.77075696E-02 -0.500000000    
          10           1  0.572203755      0.130992934     -0.500000000    
          10           2  0.387434393      0.109749876     -0.500000000    
          10           3  0.209222898       8.17034394E-02 -0.500000000    
          10           4   8.45929533E-02   5.19402735E-02 -0.500000000    
          10           5  -2.99478844E-02   2.46551242E-02 -0.500000000    
          10           6  -8.55619535E-02   3.77219706E-03 -0.500000000    
          10           7  -2.18487531E-02  -1.56577341E-02 -0.500000000    
          10           8  0.122754894      -3.03508453E-02 -0.500000000    
          10           9  0.245763734      -3.69591638E-02 -0.500000000    
          10          10  0.218018845      -3.44720781E-02 -0.500000000    
          10          11  0.172649696      -3.35474350E-02 -0.500000000    
          10          12  0.179407582      -4.42536138E-02 -0.500000000    
          10          13  0.178551421      -4.92142588E-02 -0.500000000    
          10          14  0.179338098      -4.67528552E-02 -0.500000000    
          10          15  0.177364245      -4.53637987E-02 -0.500000000    
          10          16  0.175215125      -4.52997275E-02 -0.500000000    
          10          17  0.174980178      -4.52926829E-02 -0.500000000    
          10          18  0.176313251      -4.50091250E-02 -0.500000000    
          10          19  0.179170966      -4.48071733E-02 -0.500000000    
          10          20  0.180937737      -4.61962223E-02 -0.500000000    
          10          21  0.178067386      -4.91111428E-02 -0.500000000    
          10          22  0.174981713      -4.33786102E-02 -0.500000000    
          10          23  0.162197664      -3.05518471E-02 -0.500000000    
          10          24  0.214183986      -3.10432669E-02 -0.500000000    
          10          25  0.244506940      -3.34120654E-02 -0.500000000    
          10          26  0.118924506      -2.75507849E-02 -0.500000000    
          10          27  -1.62163731E-02  -1.32529978E-02 -0.500000000    
          10          28  -7.96398446E-02   5.45501616E-03 -0.500000000    
          10          29  -2.19184496E-02   2.57338379E-02 -0.500000000    
          10          30  0.103699751       5.10731898E-02 -0.500000000    
          10          31  0.244527504       7.79905170E-02 -0.500000000    
          10          32  0.436717868      0.103234127     -0.500000000    
          10          33  0.606111407      0.120180517     -0.500000000    
          11           1  0.506431818      0.146475568     -0.500000000    
          11           2  0.317175478      0.125025287     -0.500000000    
          11           3  0.147104725       9.15627778E-02 -0.500000000    
          11           4   6.62126988E-02   5.35873882E-02 -0.500000000    
          11           5   1.10117020E-03   1.88759752E-02 -0.500000000    
          11           6  -5.93491867E-02  -4.59914282E-03 -0.500000000    
          11           7  -3.15448269E-02  -2.23284084E-02 -0.500000000    
          11           8   7.73604363E-02  -3.46419662E-02 -0.500000000    
          11           9  0.196346968      -3.83845493E-02 -0.500000000    
          11          10  0.172649071      -3.35473679E-02 -0.500000000    
          11          11  0.108805388      -2.75748614E-02 -0.500000000    
          11          12  0.106513783      -3.47137190E-02 -0.500000000    
          11          13  0.105760835      -4.11090329E-02 -0.500000000    
          11          14  0.108779252      -3.92850488E-02 -0.500000000    
          11          15  0.110250048      -3.75294723E-02 -0.500000000    
          11          16  0.110307604      -3.73042747E-02 -0.500000000    
          11          17  0.110294752      -3.72671969E-02 -0.500000000    
          11          18  0.110213026      -3.69981974E-02 -0.500000000    
          11          19  0.110013887      -3.70110422E-02 -0.500000000    
          11          20  0.108232222      -3.89805548E-02 -0.500000000    
          11          21  0.104342267      -4.14570421E-02 -0.500000000    
          11          22  0.103712894      -3.43226679E-02 -0.500000000    
          11          23  0.106797203      -2.59846449E-02 -0.500000000    
          11          24  0.184404790      -3.25539112E-02 -0.500000000    
          11          25  0.212855548      -3.80301252E-02 -0.500000000    
          11          26   9.01704952E-02  -3.49215232E-02 -0.500000000    
          11          27  -2.65493821E-02  -2.15930585E-02 -0.500000000    
          11          28  -7.06854388E-02  -1.81569764E-03 -0.500000000    
          11          29  -1.13427797E-02   2.40787398E-02 -0.500000000    
          11          30   7.59154111E-02   5.77471629E-02 -0.500000000    
          11          31  0.196357146       9.10858437E-02 -0.500000000    
          11          32  0.399355143      0.118184946     -0.500000000    
          11          33  0.578862667      0.133397818     -0.500000000    
          12           1  0.498873770      0.150650755     -0.500000000    
          12           2  0.289490342      0.132185012     -0.500000000    
          12           3  0.122830719      0.101674058     -0.500000000    
          12           4   7.03936219E-02   6.50285035E-02 -0.500000000    
          12           5   3.41040343E-02   2.73539890E-02 -0.500000000    
          12           6  -3.38168181E-02  -1.89489743E-03 -0.500000000    
          12           7  -3.77116650E-02  -2.48705465E-02 -0.500000000    
          12           8   5.29912598E-02  -4.20772098E-02 -0.500000000    
          12           9  0.184096530      -4.85426076E-02 -0.500000000    
          12          10  0.179407075      -4.42535095E-02 -0.500000000    
          12          11  0.106513150      -3.47135812E-02 -0.500000000    
          12          12   8.91610831E-02  -3.69836465E-02 -0.500000000    
          12          13   8.10831040E-02  -4.23988923E-02 -0.500000000    
          12          14   7.68314004E-02  -3.98214161E-02 -0.500000000    
          12          15   7.40892664E-02  -3.66512835E-02 -0.500000000    
          12          16   7.20383823E-02  -3.56027670E-02 -0.500000000    
          12          17   7.14866295E-02  -3.54385860E-02 -0.500000000    
          12          18   7.32763410E-02  -3.56617570E-02 -0.500000000    
          12          19   7.65978396E-02  -3.69025916E-02 -0.500000000    
          12          20   8.02484527E-02  -4.07472663E-02 -0.500000000    
          12          21   8.48603174E-02  -4.41992618E-02 -0.500000000    
          12          22   9.17095691E-02  -3.79303321E-02 -0.500000000    
          12          23  0.111385569      -3.46483439E-02 -0.500000000    
          12          24  0.196685493      -4.42492999E-02 -0.500000000    
          12          25  0.201172531      -4.79975305E-02 -0.500000000    
          12          26   6.54518232E-02  -4.03892882E-02 -0.500000000    
          12          27  -3.80946361E-02  -2.08109654E-02 -0.500000000    
          12          28  -5.14900237E-02   4.33280179E-03 -0.500000000    
          12          29   1.48715284E-02   3.42119373E-02 -0.500000000    
          12          30   7.33852014E-02   6.81233108E-02 -0.500000000    
          12          31  0.176571175       9.90057215E-02 -0.500000000    
          12          32  0.393730015      0.123639427     -0.500000000    
          12          33  0.594204366      0.137017936     -0.500000000    
          13           1  0.498610437      0.151287958     -0.500000000    
          13           2  0.274410576      0.133758813     -0.500000000    
          13           3  0.108072847      0.104756378     -0.500000000    
          13           4   7.26245940E-02   7.07437322E-02 -0.500000000    
          13           5   6.07145280E-02   3.50397341E-02 -0.500000000    
          13           6  -5.43613313E-03   5.78880403E-03 -0.500000000    
          13           7  -3.47209200E-02  -1.81125216E-02 -0.500000000    
          13           8   3.41839269E-02  -3.85124199E-02 -0.500000000    
          13           9  0.165730014      -4.93126139E-02 -0.500000000    
          13          10  0.178551227      -4.92143333E-02 -0.500000000    
          13          11  0.105760105      -4.11089472E-02 -0.500000000    
          13          12   8.10830146E-02  -4.23988700E-02 -0.500000000    
          13          13   7.37705752E-02  -4.89411540E-02 -0.500000000    
          13          14   6.85911253E-02  -4.74611819E-02 -0.500000000    
          13          15   6.63616061E-02  -4.41127867E-02 -0.500000000    
          13          16   6.42578825E-02  -4.28028442E-02 -0.500000000    
          13          17   6.38276860E-02  -4.25856560E-02 -0.500000000    
          13          18   6.54761344E-02  -4.29247282E-02 -0.500000000    
          13          19   6.88415021E-02  -4.44639325E-02 -0.500000000    
          13          20   7.18560740E-02  -4.84496728E-02 -0.500000000    
          13          21   7.74509907E-02  -5.04162535E-02 -0.500000000    
          13          22   8.38615447E-02  -4.24064025E-02 -0.500000000    
          13          23  0.113523267      -3.98555994E-02 -0.500000000    
          13          24  0.199356511      -4.75338958E-02 -0.500000000    
          13          25  0.184883401      -4.69225235E-02 -0.500000000    
          13          26   4.79122847E-02  -3.51455882E-02 -0.500000000    
          13          27  -3.89711857E-02  -1.32374652E-02 -0.500000000    
          13          28  -2.82051172E-02   1.16375508E-02 -0.500000000    
          13          29   3.56098451E-02   4.02856432E-02 -0.500000000    
          13          30   7.16969296E-02   7.18696937E-02 -0.500000000    
          13          31  0.166282341      0.101072289     -0.500000000    
          13          32  0.394603550      0.125217229     -0.500000000    
          13          33  0.608495474      0.138108909     -0.500000000    
          14           1  0.496688157      0.151217580     -0.500000000    
          14           2  0.264210612      0.133970320     -0.500000000    
          14           3   9.96240079E-02  0.105349019     -0.500000000    
          14           4   7.48717487E-02   7.25108162E-02 -0.500000000    
          14           5   7.79947415E-02   3.80539559E-02 -0.500000000    
          14           6   1.57238804E-02   9.36847925E-03 -0.500000000    
          14           7  -3.03274356E-02  -1.35071278E-02 -0.500000000    
          14           8   2.13339403E-02  -3.37321684E-02 -0.500000000    
          14           9  0.150971338      -4.53759320E-02 -0.500000000    
          14          10  0.179338202      -4.67529744E-02 -0.500000000    
          14          11  0.108778559      -3.92849408E-02 -0.500000000    
          14          12   7.68313482E-02  -3.98214981E-02 -0.500000000    
          14          13   6.85910434E-02  -4.74611633E-02 -0.500000000    
          14          14   6.18951470E-02  -4.75874841E-02 -0.500000000    
          14          15   5.91999367E-02  -4.47778627E-02 -0.500000000    
          14          16   5.68415932E-02  -4.36402634E-02 -0.500000000    
          14          17   5.64318486E-02  -4.34321836E-02 -0.500000000    
          14          18   5.82376346E-02  -4.35929298E-02 -0.500000000    
          14          19   6.20080084E-02  -4.48182523E-02 -0.500000000    
          14          20   6.57251552E-02  -4.81542684E-02 -0.500000000    
          14          21   7.30809271E-02  -4.82787862E-02 -0.500000000    
          14          22   8.05732086E-02  -3.90334614E-02 -0.500000000    
          14          23  0.119225048      -3.75478342E-02 -0.500000000    
          14          24  0.202096954      -4.48182523E-02 -0.500000000    
          14          25  0.169993803      -4.31288257E-02 -0.500000000    
          14          26   3.38629596E-02  -3.07600591E-02 -0.500000000    
          14          27  -3.82094719E-02  -9.30187292E-03 -0.500000000    
          14          28  -9.84925032E-03   1.43978111E-02 -0.500000000    
          14          29   5.07763922E-02   4.22760844E-02 -0.500000000    
          14          30   7.21986815E-02   7.28064254E-02 -0.500000000    
          14          31  0.160454348      0.101587713     -0.500000000    
          14          32  0.394574732      0.125871718     -0.500000000    
          14          33  0.617527187      0.138551131     -0.500000000    
          15           1  0.494208544      0.151020035     -0.500000000    
          15           2  0.256588727      0.133903682     -0.500000000    
          15           3   9.48754624E-02  0.105422251     -0.500000000    
          15           4   7.67924562E-02   7.31591433E-02 -0.500000000    
          15           5   8.96211267E-02   3.92560922E-02 -0.500000000    
          15           6   3.04741748E-02   1.05389599E-02 -0.500000000    
          15           7  -2.67676897E-02  -1.19499164E-02 -0.500000000    
          15           8   1.17190983E-02  -3.19828764E-02 -0.500000000    
          15           9  0.137608126      -4.37717959E-02 -0.500000000    
          15          10  0.177364424      -4.53639477E-02 -0.500000000    
          15          11  0.110249303      -3.75293940E-02 -0.500000000    
          15          12   7.40892291E-02  -3.66513468E-02 -0.500000000    
          15          13   6.63616583E-02  -4.41127978E-02 -0.500000000    
          15          14   5.92000447E-02  -4.47778888E-02 -0.500000000    
          15          15   5.66165000E-02  -4.19897512E-02 -0.500000000    
          15          16   5.44114970E-02  -4.07679304E-02 -0.500000000    
          15          17   5.39178923E-02  -4.05382887E-02 -0.500000000    
          15          18   5.57848997E-02  -4.07178514E-02 -0.500000000    
          15          19   5.94090782E-02  -4.20551226E-02 -0.500000000    
          15          20   6.29055128E-02  -4.54244390E-02 -0.500000000    
          15          21   7.08082691E-02  -4.49691825E-02 -0.500000000    
          15          22   7.79362172E-02  -3.59273143E-02 -0.500000000    
          15          23  0.121888310      -3.60863097E-02 -0.500000000    
          15          24  0.201055780      -4.37839404E-02 -0.500000000    
          15          25  0.156738847      -4.19434868E-02 -0.500000000    
          15          26   2.35494506E-02  -2.93373801E-02 -0.500000000    
          15          27  -3.64155211E-02  -8.03780649E-03 -0.500000000    
          15          28   3.82862426E-03   1.52778076E-02 -0.500000000    
          15          29   6.09198548E-02   4.30326685E-02 -0.500000000    
          15          30   7.29474872E-02   7.31072053E-02 -0.500000000    
          15          31  0.156350687      0.101758711     -0.500000000    
          15          32  0.394213855      0.126203820     -0.500000000    
          15          33  0.622939169      0.138730288     -0.500000000    
          16           1  0.492753267      0.150873065     -0.500000000    
          16           2  0.252457201      0.133815631     -0.500000000    
          16           3   9.20942947E-02  0.105400927     -0.500000000    
          16           4   7.78438225E-02   7.34287798E-02 -0.500000000    
          16           5   9.54847932E-02   3.97943258E-02 -0.500000000    
          16           6   3.84864099E-02   1.09602921E-02 -0.500000000    
          16           7  -2.39997506E-02  -1.14642261E-02 -0.500000000    
          16           8   7.04950560E-03  -3.15269530E-02 -0.500000000    
          16           9  0.129748493      -4.35256884E-02 -0.500000000    
          16          10  0.175215214      -4.52998653E-02 -0.500000000    
          16          11  0.110306807      -3.73041406E-02 -0.500000000    
          16          12   7.20381886E-02  -3.56027745E-02 -0.500000000    
          16          13   6.42581135E-02  -4.28028740E-02 -0.500000000    
          16          14   5.68417832E-02  -4.36402969E-02 -0.500000000    
          16          15   5.44115640E-02  -4.07678895E-02 -0.500000000    
          16          16   5.21025844E-02  -3.94376963E-02 -0.500000000    
          16          17   5.17930500E-02  -3.91840450E-02 -0.500000000    
          16          18   5.34707047E-02  -3.94243896E-02 -0.500000000    
          16          19   5.71606345E-02  -4.09154855E-02 -0.500000000    
          16          20   6.05680756E-02  -4.44124341E-02 -0.500000000    
          16          21   6.86763301E-02  -4.37557139E-02 -0.500000000    
          16          22   7.59992152E-02  -3.49683091E-02 -0.500000000    
          16          23  0.122743510      -3.60285789E-02 -0.500000000    
          16          24  0.199400440      -4.38699424E-02 -0.500000000    
          16          25  0.148987904      -4.18381765E-02 -0.500000000    
          16          26   1.85964964E-02  -2.89554782E-02 -0.500000000    
          16          27  -3.44919339E-02  -7.61536602E-03 -0.500000000    
          16          28   1.15311695E-02   1.56164393E-02 -0.500000000    
          16          29   6.66098222E-02   4.33730930E-02 -0.500000000    
          16          30   7.34544322E-02   7.32234344E-02 -0.500000000    
          16          31  0.154614002      0.101825505     -0.500000000    
          16          32  0.393741846      0.126351833     -0.500000000    
          16          33  0.625586033      0.138787881     -0.500000000    
          17           1  0.492384940      0.150848269     -0.500000000    
          17           2  0.251852691      0.133802623     -0.500000000    
          17           3   9.19819921E-02  0.105396651     -0.500000000    
          17           4   7.80305713E-02   7.34670535E-02 -0.500000000    
          17           5   9.64682177E-02   3.98689695E-02 -0.500000000    
          17           6   3.97894494E-02   1.10198017E-02 -0.500000000    
          17           7  -2.36774087E-02  -1.13991434E-02 -0.500000000    
          17           8   6.30367640E-03  -3.14692557E-02 -0.500000000    
          17           9  0.128622741      -4.34981696E-02 -0.500000000    
          17          10  0.174980521      -4.52928208E-02 -0.500000000    
          17          11  0.110294141      -3.72669846E-02 -0.500000000    
          17          12   7.14865327E-02  -3.54385898E-02 -0.500000000    
          17          13   6.38276562E-02  -4.25857045E-02 -0.500000000    
          17          14   5.64318337E-02  -4.34321873E-02 -0.500000000    
          17          15   5.39177917E-02  -4.05382551E-02 -0.500000000    
          17          16   5.17930016E-02  -3.91840301E-02 -0.500000000    
          17          17   5.13149351E-02  -3.89269143E-02 -0.500000000    
          17          18   5.31452000E-02  -3.91800851E-02 -0.500000000    
          17          19   5.66640832E-02  -4.07053903E-02 -0.500000000    
          17          20   6.00934513E-02  -4.42315638E-02 -0.500000000    
          17          21   6.82854578E-02  -4.35609221E-02 -0.500000000    
          17          22   7.54925162E-02  -3.48253697E-02 -0.500000000    
          17          23  0.122838423      -3.60209495E-02 -0.500000000    
          17          24  0.199354991      -4.38870564E-02 -0.500000000    
          17          25  0.147933915      -4.18319106E-02 -0.500000000    
          17          26   1.77159756E-02  -2.89075375E-02 -0.500000000    
          17          27  -3.43038701E-02  -7.55830528E-03 -0.500000000    
          17          28   1.26433093E-02   1.56622957E-02 -0.500000000    
          17          29   6.71785027E-02   4.34202626E-02 -0.500000000    
          17          30   7.35404938E-02   7.32404888E-02 -0.500000000    
          17          31  0.154034808      0.101830848     -0.500000000    
          17          32  0.393712461      0.126371011     -0.500000000    
          17          33  0.625997186      0.138794273     -0.500000000    
          18           1  0.493681103      0.150961459     -0.500000000    
          18           2  0.254871517      0.133869573     -0.500000000    
          18           3   9.35406685E-02  0.105417572     -0.500000000    
          18           4   7.72465169E-02   7.32827187E-02 -0.500000000    
          18           5   9.20708627E-02   3.95044386E-02 -0.500000000    
          18           6   3.38317603E-02   1.07582426E-02 -0.500000000    
          18           7  -2.56007835E-02  -1.16604194E-02 -0.500000000    
          18           8   9.65161901E-03  -3.16427201E-02 -0.500000000    
          18           9  0.134134725      -4.34364155E-02 -0.500000000    
          18          10  0.176313594      -4.50092368E-02 -0.500000000    
          18          11  0.110212140      -3.69980261E-02 -0.500000000    
          18          12   7.32762292E-02  -3.56617868E-02 -0.500000000    
          18          13   6.54761791E-02  -4.29247804E-02 -0.500000000    
          18          14   5.82377389E-02  -4.35929485E-02 -0.500000000    
          18          15   5.57848886E-02  -4.07178514E-02 -0.500000000    
          18          16   5.34705296E-02  -3.94243114E-02 -0.500000000    
          18          17   5.31451665E-02  -3.91800143E-02 -0.500000000    
          18          18   5.48391528E-02  -3.94048840E-02 -0.500000000    
          18          19   5.85339703E-02  -4.08483967E-02 -0.500000000    
          18          20   6.19623959E-02  -4.43384163E-02 -0.500000000    
          18          21   6.98720738E-02  -4.38817143E-02 -0.500000000    
          18          22   7.71342367E-02  -3.50440182E-02 -0.500000000    
          18          23  0.122196086      -3.56984921E-02 -0.500000000    
          18          24  0.200173602      -4.35620956E-02 -0.500000000    
          18          25  0.153291062      -4.17269990E-02 -0.500000000    
          18          26   2.14247964E-02  -2.90732365E-02 -0.500000000    
          18          27  -3.55958305E-02  -7.80452043E-03 -0.500000000    
          18          28   7.10793678E-03   1.54465232E-02 -0.500000000    
          18          29   6.34999946E-02   4.31886725E-02 -0.500000000    
          18          30   7.31802732E-02   7.31607080E-02 -0.500000000    
          18          31  0.155766830      0.101791695     -0.500000000    
          18          32  0.393980473      0.126269788     -0.500000000    
          18          33  0.624073088      0.138758108     -0.500000000    
          19           1  0.495793551      0.151154906     -0.500000000    
          19           2  0.261253506      0.133965552     -0.500000000    
          19           3   9.79110152E-02  0.105417587     -0.500000000    
          19           4   7.55424872E-02   7.28423968E-02 -0.500000000    
          19           5   8.24992061E-02   3.86839546E-02 -0.500000000    
          19           6   2.11765356E-02   1.01490645E-02 -0.500000000    
          19           7  -2.94439234E-02  -1.23380451E-02 -0.500000000    
          19           8   1.73226446E-02  -3.21991630E-02 -0.500000000    
          19           9  0.146052927      -4.35963683E-02 -0.500000000    
          19          10  0.179170892      -4.48072515E-02 -0.500000000    
          19          11  0.110013202      -3.70108709E-02 -0.500000000    
          19          12   7.65977427E-02  -3.69025767E-02 -0.500000000    
          19          13   6.88415617E-02  -4.44639660E-02 -0.500000000    
          19          14   6.20079488E-02  -4.48182411E-02 -0.500000000    
          19          15   5.94090000E-02  -4.20550406E-02 -0.500000000    
          19          16   5.71606383E-02  -4.09154817E-02 -0.500000000    
          19          17   5.66640459E-02  -4.07053679E-02 -0.500000000    
          19          18   5.85340187E-02  -4.08483930E-02 -0.500000000    
          19          19   6.22045323E-02  -4.20769043E-02 -0.500000000    
          19          20   6.57061115E-02  -4.53960150E-02 -0.500000000    
          19          21   7.32173026E-02  -4.53064069E-02 -0.500000000    
          19          22   8.02556798E-02  -3.61963362E-02 -0.500000000    
          19          23  0.120717987      -3.55033688E-02 -0.500000000    
          19          24  0.202138036      -4.31785546E-02 -0.500000000    
          19          25  0.165019810      -4.17126082E-02 -0.500000000    
          19          26   2.95229536E-02  -2.95519233E-02 -0.500000000    
          19          27  -3.80172394E-02  -8.41045845E-03 -0.500000000    
          19          28  -4.81626298E-03   1.49491793E-02 -0.500000000    
          19          29   5.45160919E-02   4.26647998E-02 -0.500000000    
          19          30   7.24174902E-02   7.29661286E-02 -0.500000000    
          19          31  0.158751175      0.101669826     -0.500000000    
          19          32  0.394594014      0.126011118     -0.500000000    
          19          33  0.619692028      0.138631552     -0.500000000    
          20           1  0.498344183      0.151315734     -0.500000000    
          20           2  0.270997494      0.133955583     -0.500000000    
          20           3  0.104540959      0.105246440     -0.500000000    
          20           4   7.29758888E-02   7.19746873E-02 -0.500000000    
          20           5   6.67063221E-02   3.72069962E-02 -0.500000000    
          20           6   2.29710154E-03   8.78174324E-03 -0.500000000    
          20           7  -3.27656195E-02  -1.41481226E-02 -0.500000000    
          20           8   3.06433253E-02  -3.41393836E-02 -0.500000000    
          20           9  0.162539601      -4.52970527E-02 -0.500000000    
          20          10  0.180937603      -4.61962856E-02 -0.500000000    
          20          11  0.108231500      -3.89804505E-02 -0.500000000    
          20          12   8.02482888E-02  -4.07473184E-02 -0.500000000    
          20          13   7.18560591E-02  -4.84497473E-02 -0.500000000    
          20          14   6.57251999E-02  -4.81543168E-02 -0.500000000    
          20          15   6.29054159E-02  -4.54244874E-02 -0.500000000    
          20          16   6.05679713E-02  -4.44124117E-02 -0.500000000    
          20          17   6.00934289E-02  -4.42315415E-02 -0.500000000    
          20          18   6.19622134E-02  -4.43384349E-02 -0.500000000    
          20          19   6.57061636E-02  -4.53959592E-02 -0.500000000    
          20          20   6.95408434E-02  -4.86018583E-02 -0.500000000    
          20          21   7.62751698E-02  -4.92091477E-02 -0.500000000    
          20          22   8.37666020E-02  -3.99523526E-02 -0.500000000    
          20          23  0.117321089      -3.70967723E-02 -0.500000000    
          20          24  0.202578813      -4.41272035E-02 -0.500000000    
          20          25  0.181305990      -4.29040194E-02 -0.500000000    
          20          26   4.34473827E-02  -3.11140735E-02 -0.500000000    
          20          27  -3.89238447E-02  -9.88893490E-03 -0.500000000    
          20          28  -2.20276099E-02   1.39130587E-02 -0.500000000    
          20          29   4.08174284E-02   4.17286828E-02 -0.500000000    
          20          30   7.15569481E-02   7.25578964E-02 -0.500000000    
          20          31  0.164101303      0.101406142     -0.500000000    
          20          32  0.394720137      0.125514850     -0.500000000    
          20          33  0.612151444      0.138308182     -0.500000000    
          21           1  0.499593705      0.151229098     -0.500000000    
          21           2  0.282724112      0.133544028     -0.500000000    
          21           3  0.115053356      0.104433365     -0.500000000    
          21           4   7.00780302E-02   6.98601454E-02 -0.500000000    
          21           5   4.49514091E-02   3.37960869E-02 -0.500000000    
          21           6  -2.18867566E-02   4.71868785E-03 -0.500000000    
          21           7  -3.50801311E-02  -1.94571242E-02 -0.500000000    
          21           8   4.76527624E-02  -3.96156870E-02 -0.500000000    
          21           9  0.178215921      -4.98636290E-02 -0.500000000    
          21          10  0.178066850      -4.91111651E-02 -0.500000000    
          21          11  0.104341589      -4.14569676E-02 -0.500000000    
          21          12   8.48601311E-02  -4.41992804E-02 -0.500000000    
          21          13   7.74509236E-02  -5.04163243E-02 -0.500000000    
          21          14   7.30810016E-02  -4.82788198E-02 -0.500000000    
          21          15   7.08082095E-02  -4.49691713E-02 -0.500000000    
          21          16   6.86761960E-02  -4.37557064E-02 -0.500000000    
          21          17   6.82854056E-02  -4.35609110E-02 -0.500000000    
          21          18   6.98720887E-02  -4.38816734E-02 -0.500000000    
          21          19   7.32171834E-02  -4.53063212E-02 -0.500000000    
          21          20   7.62752071E-02  -4.92090434E-02 -0.500000000    
          21          21   8.09002370E-02  -5.19098155E-02 -0.500000000    
          21          22   8.73012319E-02  -4.43185680E-02 -0.500000000    
          21          23  0.110300869      -4.01000641E-02 -0.500000000    
          21          24  0.197178021      -4.72759269E-02 -0.500000000    
          21          25  0.197079420      -4.72330600E-02 -0.500000000    
          21          26   6.15182035E-02  -3.60692814E-02 -0.500000000    
          21          27  -3.66821699E-02  -1.43821184E-02 -0.500000000    
          21          28  -4.20791134E-02   1.08103659E-02 -0.500000000    
          21          29   2.23241579E-02   3.94878685E-02 -0.500000000    
          21          30   7.10504279E-02   7.14470595E-02 -0.500000000    
          21          31  0.171326891      0.100747056     -0.500000000    
          21          32  0.393993407      0.124632820     -0.500000000    
          21          33  0.600275517      0.137615755     -0.500000000    
          22           1  0.497944474      0.150261596     -0.500000000    
          22           2  0.298907071      0.131557167     -0.500000000    
          22           3  0.132992402      0.100767158     -0.500000000    
          22           4   6.77112490E-02   6.32292628E-02 -0.500000000    
          22           5   1.41712110E-02   2.50264704E-02 -0.500000000    
          22           6  -5.08954152E-02  -4.24501393E-03 -0.500000000    
          22           7  -3.41869481E-02  -2.74296608E-02 -0.500000000    
          22           8   7.02813268E-02  -4.37762812E-02 -0.500000000    
          22           9  0.194492176      -4.90010269E-02 -0.500000000    
          22          10  0.174980760      -4.33785617E-02 -0.500000000    
          22          11  0.103712268      -3.43224891E-02 -0.500000000    
          22          12   9.17095840E-02  -3.79303694E-02 -0.500000000    
          22          13   8.38615596E-02  -4.24064100E-02 -0.500000000    
          22          14   8.05734247E-02  -3.90334688E-02 -0.500000000    
          22          15   7.79363289E-02  -3.59273143E-02 -0.500000000    
          22          16   7.59993941E-02  -3.49683128E-02 -0.500000000    
          22          17   7.54926354E-02  -3.48253772E-02 -0.500000000    
          22          18   7.71344155E-02  -3.50439996E-02 -0.500000000    
          22          19   8.02557319E-02  -3.61963287E-02 -0.500000000    
          22          20   8.37667212E-02  -3.99523377E-02 -0.500000000    
          22          21   8.73012692E-02  -4.43185493E-02 -0.500000000    
          22          22   9.39603597E-02  -3.92269529E-02 -0.500000000    
          22          23  0.106564417      -3.44475135E-02 -0.500000000    
          22          24  0.189980268      -4.35379781E-02 -0.500000000    
          22          25  0.211128026      -4.85294759E-02 -0.500000000    
          22          26   8.23745802E-02  -4.21330072E-02 -0.500000000    
          22          27  -3.09771318E-02  -2.32249685E-02 -0.500000000    
          22          28  -6.38646781E-02   2.36789230E-03 -0.500000000    
          22          29  -8.51463992E-04   3.26041467E-02 -0.500000000    
          22          30   7.33601749E-02   6.71711192E-02 -0.500000000    
          22          31  0.182928428       9.83777121E-02 -0.500000000    
          22          32  0.391642421      0.122744173     -0.500000000    
          22          33  0.582060099      0.136144385     -0.500000000    
          23           1  0.504084527      0.145311251     -0.500000000    
          23           2  0.329634905      0.123237386     -0.500000000    
          23           3  0.162948743       8.89867321E-02 -0.500000000    
          23           4   6.51069656E-02   4.99346033E-02 -0.500000000    
          23           5  -2.02534236E-02   1.53126977E-02 -0.500000000    
          23           6  -7.16527700E-02  -7.46151712E-03 -0.500000000    
          23           7  -2.25714613E-02  -2.43258905E-02 -0.500000000    
          23           8   9.54101607E-02  -3.46919000E-02 -0.500000000    
          23           9  0.199008435      -3.67061533E-02 -0.500000000    
          23          10  0.162196815      -3.05517856E-02 -0.500000000    
          23          11  0.106797375      -2.59846877E-02 -0.500000000    
          23          12  0.111386299      -3.46484482E-02 -0.500000000    
          23          13  0.113524087      -3.98557223E-02 -0.500000000    
          23          14  0.119225942      -3.75479273E-02 -0.500000000    
          23          15  0.121889085      -3.60863693E-02 -0.500000000    
          23          16  0.122744419      -3.60287204E-02 -0.500000000    
          23          17  0.122839384      -3.60210352E-02 -0.500000000    
          23          18  0.122196928      -3.56985815E-02 -0.500000000    
          23          19  0.120718852      -3.55034694E-02 -0.500000000    
          23          20  0.117321923      -3.70968021E-02 -0.500000000    
          23          21  0.110301569      -4.01001684E-02 -0.500000000    
          23          22  0.106564976      -3.44476365E-02 -0.500000000    
          23          23  0.101202570      -2.44771168E-02 -0.500000000    
          23          24  0.169845372      -2.96508204E-02 -0.500000000    
          23          25  0.214371249      -3.65621001E-02 -0.500000000    
          23          26  0.107883647      -3.53891104E-02 -0.500000000    
          23          27  -1.27577288E-02  -2.40368675E-02 -0.500000000    
          23          28  -7.53703564E-02  -4.85064834E-03 -0.500000000    
          23          29  -2.56864913E-02   2.09530592E-02 -0.500000000    
          23          30   7.83168152E-02   5.52330539E-02 -0.500000000    
          23          31  0.205923438       8.94046500E-02 -0.500000000    
          23          32  0.396154940      0.116611056     -0.500000000    
          23          33  0.562088013      0.131888509     -0.500000000    
          24           1  0.578251183      0.127951488     -0.500000000    
          24           2  0.412068218      0.106132641     -0.500000000    
          24           3  0.242637858       7.80678466E-02 -0.500000000    
          24           4   9.48703140E-02   4.85457070E-02 -0.500000000    
          24           5  -4.46855128E-02   2.25448962E-02 -0.500000000    
          24           6  -8.96634459E-02   2.52124690E-03 -0.500000000    
          24           7  -9.10072215E-03  -1.60295479E-02 -0.500000000    
          24           8  0.144482106      -2.89860647E-02 -0.500000000    
          24           9  0.249577552      -3.42249759E-02 -0.500000000    
          24          10  0.214183852      -3.10432110E-02 -0.500000000    
          24          11  0.184405655      -3.25539336E-02 -0.500000000    
          24          12  0.196686000      -4.42493111E-02 -0.500000000    
          24          13  0.199356705      -4.75338660E-02 -0.500000000    
          24          14  0.202096894      -4.48181480E-02 -0.500000000    
          24          15  0.201055750      -4.37839366E-02 -0.500000000    
          24          16  0.199400291      -4.38698567E-02 -0.500000000    
          24          17  0.199354559      -4.38870080E-02 -0.500000000    
          24          18  0.200173154      -4.35620770E-02 -0.500000000    
          24          19  0.202138036      -4.31784466E-02 -0.500000000    
          24          20  0.202579170      -4.41271737E-02 -0.500000000    
          24          21  0.197178572      -4.72759344E-02 -0.500000000    
          24          22  0.189981177      -4.35380675E-02 -0.500000000    
          24          23  0.169846386      -2.96508782E-02 -0.500000000    
          24          24  0.203440547      -2.75110062E-02 -0.500000000    
          24          25  0.242760316      -3.05949282E-02 -0.500000000    
          24          26  0.135930747      -2.62058973E-02 -0.500000000    
          24          27   4.35118563E-05  -1.38884000E-02 -0.500000000    
          24          28  -6.98826090E-02   3.80978291E-03 -0.500000000    
          24          29  -2.15087608E-02   2.33040340E-02 -0.500000000    
          24          30  0.119905353       4.80274484E-02 -0.500000000    
          24          31  0.267066270       7.50066862E-02 -0.500000000    
          24          32  0.438910276      0.100194938     -0.500000000    
          24          33  0.591459155      0.117255270     -0.500000000    
          25           1  0.878119767      0.111397900     -0.500000000    
          25           2  0.655916572      0.111547597     -0.500000000    
          25           3  0.374349505       9.86387953E-02 -0.500000000    
          25           4   7.28223771E-02   6.98699057E-02 -0.500000000    
          25           5 -0.114784434       3.64638418E-02 -0.500000000    
          25           6  -6.62492812E-02   6.82739168E-03 -0.500000000    
          25           7   9.96078700E-02  -1.83456559E-02 -0.500000000    
          25           8  0.282991737      -3.31254192E-02 -0.500000000    
          25           9  0.325465351      -3.73744220E-02 -0.500000000    
          25          10  0.244505614      -3.34118642E-02 -0.500000000    
          25          11  0.212854519      -3.80300097E-02 -0.500000000    
          25          12  0.201170728      -4.79972512E-02 -0.500000000    
          25          13  0.184881225      -4.69222069E-02 -0.500000000    
          25          14  0.169991210      -4.31284569E-02 -0.500000000    
          25          15  0.156735972      -4.19431441E-02 -0.500000000    
          25          16  0.148984909      -4.18378115E-02 -0.500000000    
          25          17  0.147930920      -4.18314934E-02 -0.500000000    
          25          18  0.153288096      -4.17267047E-02 -0.500000000    
          25          19  0.165017441      -4.17122953E-02 -0.500000000    
          25          20  0.181303814      -4.29036841E-02 -0.500000000    
          25          21  0.197077766      -4.72327694E-02 -0.500000000    
          25          22  0.211126924      -4.85292338E-02 -0.500000000    
          25          23  0.214370817      -3.65620330E-02 -0.500000000    
          25          24  0.242759675      -3.05948220E-02 -0.500000000    
          25          25  0.323321819      -3.36435512E-02 -0.500000000    
          25          26  0.261763811      -2.87129618E-02 -0.500000000    
          25          27   8.07805136E-02  -1.30319493E-02 -0.500000000    
          25          28  -5.73001951E-02   1.26414755E-02 -0.500000000    
          25          29  -3.48162055E-02   4.14033495E-02 -0.500000000    
          25          30  0.195426211       6.99712038E-02 -0.500000000    
          25          31  0.430488616       8.90083611E-02 -0.500000000    
          25          32  0.633333147       9.48046297E-02 -0.500000000    
          25          33  0.807079554       9.44901556E-02 -0.500000000    
          26           1  0.894251525      0.164562389     -0.500000000    
          26           2  0.694901943      0.147307828     -0.500000000    
          26           3  0.262791455      0.117358200     -0.500000000    
          26           4  -8.39989483E-02   7.64854774E-02 -0.500000000    
          26           5  -6.63586259E-02   3.78810093E-02 -0.500000000    
          26           6   7.06355795E-02   7.26441806E-03 -0.500000000    
          26           7  0.203118488      -1.59990098E-02 -0.500000000    
          26           8  0.312885761      -2.91117132E-02 -0.500000000    
          26           9  0.236013830      -3.11334711E-02 -0.500000000    
          26          10  0.118922085      -2.75505278E-02 -0.500000000    
          26          11   9.01678577E-02  -3.49212661E-02 -0.500000000    
          26          12   6.54488802E-02  -4.03889045E-02 -0.500000000    
          26          13   4.79092859E-02  -3.51451337E-02 -0.500000000    
          26          14   3.38598937E-02  -3.07596419E-02 -0.500000000    
          26          15   2.35464852E-02  -2.93370076E-02 -0.500000000    
          26          16   1.85934380E-02  -2.89550330E-02 -0.500000000    
          26          17   1.77128371E-02  -2.89070979E-02 -0.500000000    
          26          18   2.14215517E-02  -2.90728211E-02 -0.500000000    
          26          19   2.95196529E-02  -2.95515172E-02 -0.500000000    
          26          20   4.34441306E-02  -3.11137028E-02 -0.500000000    
          26          21   6.15152046E-02  -3.60688493E-02 -0.500000000    
          26          22   8.23718682E-02  -4.21326570E-02 -0.500000000    
          26          23  0.107881397      -3.53888646E-02 -0.500000000    
          26          24  0.135928690      -2.62055993E-02 -0.500000000    
          26          25  0.261761755      -2.87127439E-02 -0.500000000    
          26          26  0.324966103      -2.54788902E-02 -0.500000000    
          26          27  0.203692570      -1.10811032E-02 -0.500000000    
          26          28   6.66978210E-02   1.49588482E-02 -0.500000000    
          26          29  -6.15971498E-02   4.91718724E-02 -0.500000000    
          26          30   2.34718472E-02   8.81487951E-02 -0.500000000    
          26          31  0.362531364      0.119621463     -0.500000000    
          26          32  0.697617829      0.136145815     -0.500000000    
          26          33  0.899849176      0.141457945     -0.500000000    
          27           1  0.242417768      0.205848917     -0.500000000    
          27           2  0.115719110      0.177006841     -0.500000000    
          27           3  -1.96204185E-02  0.126105815     -0.500000000    
          27           4   6.97189048E-02   7.05754310E-02 -0.500000000    
          27           5  0.198901951       3.30033489E-02 -0.500000000    
          27           6  0.228068292       7.23419804E-03 -0.500000000    
          27           7  0.211413845      -6.78916276E-03 -0.500000000    
          27           8  0.172928259      -1.32145816E-02 -0.500000000    
          27           9   5.78875840E-02  -1.37066068E-02 -0.500000000    
          27          10  -1.62185114E-02  -1.32527174E-02 -0.500000000    
          27          11  -2.65515205E-02  -2.15928070E-02 -0.500000000    
          27          12  -3.80960703E-02  -2.08106227E-02 -0.500000000    
          27          13  -3.89717445E-02  -1.32371625E-02 -0.500000000    
          27          14  -3.82093824E-02  -9.30162333E-03 -0.500000000    
          27          15  -3.64148319E-02  -8.03751219E-03 -0.500000000    
          27          16  -3.44908908E-02  -7.61504751E-03 -0.500000000    
          27          17  -3.43029052E-02  -7.55798025E-03 -0.500000000    
          27          18  -3.55948471E-02  -7.80424429E-03 -0.500000000    
          27          19  -3.80167551E-02  -8.41017812E-03 -0.500000000    
          27          20  -3.89243476E-02  -9.88863129E-03 -0.500000000    
          27          21  -3.66834924E-02  -1.43818250E-02 -0.500000000    
          27          22  -3.09792925E-02  -2.32246313E-02 -0.500000000    
          27          23  -1.27602154E-02  -2.40365528E-02 -0.500000000    
          27          24   4.09148633E-05  -1.38881085E-02 -0.500000000    
          27          25   8.07770267E-02  -1.30316131E-02 -0.500000000    
          27          26  0.203689799      -1.10809105E-02 -0.500000000    
          27          27  0.247749284      -3.55369993E-03 -0.500000000    
          27          28  0.271647543       1.42967319E-02 -0.500000000    
          27          29  0.205859631       4.46126163E-02 -0.500000000    
          27          30   3.51554304E-02   8.58328268E-02 -0.500000000    
          27          31   3.29249911E-02  0.138280883     -0.500000000    
          27          32   8.18243995E-02  0.182037950     -0.500000000    
          27          33   9.76514667E-02  0.205667511     -0.500000000    
          28           1   9.86860320E-02  0.182859614     -0.500000000    
          28           2   5.08398041E-02  0.162708417     -0.500000000    
          28           3  -8.28665346E-02  0.127056018     -0.500000000    
          28           4  0.218475461       7.97884986E-02 -0.500000000    
          28           5  0.537231505       3.97338867E-02 -0.500000000    
          28           6  0.381679177       1.81630272E-02 -0.500000000    
          28           7  0.215536639       1.32206567E-02 -0.500000000    
          28           8   2.59698927E-02   1.41697638E-02 -0.500000000    
          28           9  -7.48086795E-02   1.25565240E-02 -0.500000000    
          28          10  -7.96398073E-02   5.45524480E-03 -0.500000000    
          28          11  -7.06837028E-02  -1.81544828E-03 -0.500000000    
          28          12  -5.14871366E-02   4.33310214E-03 -0.500000000    
          28          13  -2.82014888E-02   1.16379680E-02 -0.500000000    
          28          14  -9.84493550E-03   1.43982051E-02 -0.500000000    
          28          15   3.83333513E-03   1.52782984E-02 -0.500000000    
          28          16   1.15359873E-02   1.56168835E-02 -0.500000000    
          28          17   1.26480684E-02   1.56628508E-02 -0.500000000    
          28          18   7.11275265E-03   1.54469842E-02 -0.500000000    
          28          19  -4.81160078E-03   1.49496412E-02 -0.500000000    
          28          20  -2.20235381E-02   1.39134247E-02 -0.500000000    
          28          21  -4.20756713E-02   1.08106704E-02 -0.500000000    
          28          22  -6.38624281E-02   2.36813724E-03 -0.500000000    
          28          23  -7.53695592E-02  -4.85045975E-03 -0.500000000    
          28          24  -6.98837712E-02   3.80985509E-03 -0.500000000    
          28          25  -5.73038794E-02   1.26417009E-02 -0.500000000    
          28          26   6.66912571E-02   1.49589460E-02 -0.500000000    
          28          27  0.271642625       1.42966732E-02 -0.500000000    
          28          28  0.448026657       2.24906001E-02 -0.500000000    
          28          29  0.551458359       4.81264293E-02 -0.500000000    
          28          30  0.165977225       9.17306542E-02 -0.500000000    
          28          31  -8.85662511E-02  0.141578048     -0.500000000    
          28          32  -3.41593735E-02  0.174617425     -0.500000000    
          28          33  -7.19778538E-02  0.190571204     -0.500000000    
          29           1  0.146028250      0.179192588     -0.500000000    
          29           2  -2.20458955E-02  0.168252826     -0.500000000    
          29           3  -9.37890708E-02  0.142965719     -0.500000000    
          29           4  0.225459307      0.105292767     -0.500000000    
          29           5  0.516649365       6.77340627E-02 -0.500000000    
          29           6  0.442353398       4.57697436E-02 -0.500000000    
          29           7  0.128993049       4.39291224E-02 -0.500000000    
          29           8  -9.30807590E-02   4.86291461E-02 -0.500000000    
          29           9  -5.19495830E-02   4.11484428E-02 -0.500000000    
          29          10  -2.19149124E-02   2.57341638E-02 -0.500000000    
          29          11  -1.13385413E-02   2.40794253E-02 -0.500000000    
          29          12   1.48755070E-02   3.42129208E-02 -0.500000000    
          29          13   3.56133282E-02   4.02869508E-02 -0.500000000    
          29          14   5.07795364E-02   4.22774553E-02 -0.500000000    
          29          15   6.09226897E-02   4.30342481E-02 -0.500000000    
          29          16   6.66125566E-02   4.33747247E-02 -0.500000000    
          29          17   6.71811178E-02   4.34217937E-02 -0.500000000    
          29          18   6.35024831E-02   4.31902558E-02 -0.500000000    
          29          19   5.45192100E-02   4.26662751E-02 -0.500000000    
          29          20   4.08212058E-02   4.17301357E-02 -0.500000000    
          29          21   2.23284345E-02   3.94890122E-02 -0.500000000    
          29          22  -8.46482581E-04   3.26050520E-02 -0.500000000    
          29          23  -2.56814286E-02   2.09536608E-02 -0.500000000    
          29          24  -2.15052087E-02   2.33043283E-02 -0.500000000    
          29          25  -3.48176472E-02   4.14033793E-02 -0.500000000    
          29          26  -6.16041347E-02   4.91718315E-02 -0.500000000    
          29          27  0.205850065       4.46124077E-02 -0.500000000    
          29          28  0.551452577       4.81262133E-02 -0.500000000    
          29          29  0.526017785       7.16669932E-02 -0.500000000    
          29          30  0.198929206      0.110378660     -0.500000000    
          29          31   3.33585069E-02  0.150233790     -0.500000000    
          29          32  0.117759503      0.177022547     -0.500000000    
          29          33  0.174813673      0.188288271     -0.500000000    
          30           1  0.478453577      0.177457258     -0.500000000    
          30           2  0.260295212      0.169897020     -0.500000000    
          30           3   2.50562727E-02  0.155488938     -0.500000000    
          30           4   4.73153442E-02  0.135703892     -0.500000000    
          30           5  0.146125719      0.108957946     -0.500000000    
          30           6   6.38566390E-02   9.17257369E-02 -0.500000000    
          30           7  -1.87332742E-02   8.49345475E-02 -0.500000000    
          30           8  -4.70835203E-03   8.79259109E-02 -0.500000000    
          30           9  0.159462407       6.97079599E-02 -0.500000000    
          30          10  0.103704885       5.10744154E-02 -0.500000000    
          30          11   7.59193301E-02   5.77488430E-02 -0.500000000    
          30          12   7.33877346E-02   6.81255385E-02 -0.500000000    
          30          13   7.16985092E-02   7.18723089E-02 -0.500000000    
          30          14   7.21988752E-02   7.28091449E-02 -0.500000000    
          30          15   7.29472637E-02   7.31101260E-02 -0.500000000    
          30          16   7.34541938E-02   7.32265413E-02 -0.500000000    
          30          17   7.35400990E-02   7.32436627E-02 -0.500000000    
          30          18   7.31799081E-02   7.31638819E-02 -0.500000000    
          30          19   7.24178851E-02   7.29692057E-02 -0.500000000    
          30          20   7.15586841E-02   7.25607499E-02 -0.500000000    
          30          21   7.10531548E-02   7.14497343E-02 -0.500000000    
          30          22   7.33645484E-02   6.71733767E-02 -0.500000000    
          30          23   7.83230364E-02   5.52348234E-02 -0.500000000    
          30          24  0.119912267       4.80287857E-02 -0.500000000    
          30          25  0.195430204       6.99718446E-02 -0.500000000    
          30          26   2.34718993E-02   8.81487653E-02 -0.500000000    
          30          27   3.51494849E-02   8.58324766E-02 -0.500000000    
          30          28  0.165965423       9.17304456E-02 -0.500000000    
          30          29  0.198923454      0.110378496     -0.500000000    
          30          30  0.108991951      0.137600780     -0.500000000    
          30          31  0.211401269      0.157427952     -0.500000000    
          30          32  0.460031450      0.172577590     -0.500000000    
          30          33  0.625238001      0.180111557     -0.500000000    
          31           1  0.784421444      0.163118705     -0.500000000    
          31           2  0.627241731      0.160949901     -0.500000000    
          31           3  0.355322748      0.160475597     -0.500000000    
          31           4   3.35057750E-02  0.159803644     -0.500000000    
          31           5  -8.67149383E-02  0.148873553     -0.500000000    
          31           6 -0.137211487      0.140595362     -0.500000000    
          31           7   3.48951742E-02  0.137864947     -0.500000000    
          31           8  0.358140111      0.119021520     -0.500000000    
          31           9  0.389605641       8.88518766E-02 -0.500000000    
          31          10  0.244534403       7.79926479E-02 -0.500000000    
          31          11  0.196361214       9.10886452E-02 -0.500000000    
          31          12  0.176573068       9.90090072E-02 -0.500000000    
          31          13  0.166282550      0.101075992     -0.500000000    
          31          14  0.160452947      0.101591662     -0.500000000    
          31          15  0.156348363      0.101762928     -0.500000000    
          31          16  0.154610783      0.101829737     -0.500000000    
          31          17  0.154032394      0.101835251     -0.500000000    
          31          18  0.155765086      0.101796038     -0.500000000    
          31          19  0.158750802      0.101674236     -0.500000000    
          31          20  0.164102569      0.101410381     -0.500000000    
          31          21  0.171329856      0.100751072     -0.500000000    
          31          22  0.182933807       9.83814076E-02 -0.500000000    
          31          23  0.205931261       8.94078687E-02 -0.500000000    
          31          24  0.267076731       7.50092119E-02 -0.500000000    
          31          25  0.430499822       8.90099108E-02 -0.500000000    
          31          26  0.362544805      0.119621940     -0.500000000    
          31          27   3.29315141E-02  0.138280764     -0.500000000    
          31          28  -8.85716826E-02  0.141577408     -0.500000000    
          31          29   3.33445966E-02  0.150233462     -0.500000000    
          31          30  0.211395234      0.157427788     -0.500000000    
          31          31  0.483624905      0.157843858     -0.500000000    
          31          32  0.707027256      0.160129815     -0.500000000    
          31          33  0.831499755      0.162616000     -0.500000000    
          32           1  0.878094375      0.151428521     -0.500000000    
          32           2  0.805856764      0.155302152     -0.500000000    
          32           3  0.663942754      0.165055498     -0.500000000    
          32           4  0.312142223      0.175718918     -0.500000000    
          32           5  -1.74297299E-03  0.174624369     -0.500000000    
          32           6  -2.59439666E-02  0.173311189     -0.500000000    
          32           7  0.167019024      0.183755606     -0.500000000    
          32           8  0.753822386      0.133628860     -0.500000000    
          32           9  0.612563550       9.62155610E-02 -0.500000000    
          32          10  0.436721206      0.103237048     -0.500000000    
          32          11  0.399354428      0.118188433     -0.500000000    
          32          12  0.393726408      0.123643368     -0.500000000    
          32          13  0.394597560      0.125221550     -0.500000000    
          32          14  0.394566327      0.125876114     -0.500000000    
          32          15  0.394204021      0.126208559     -0.500000000    
          32          16  0.393731177      0.126356646     -0.500000000    
          32          17  0.393702358      0.126375899     -0.500000000    
          32          18  0.393971413      0.126274720     -0.500000000    
          32          19  0.394587010      0.126016065     -0.500000000    
          32          20  0.394716084      0.125519633     -0.500000000    
          32          21  0.393991619      0.124637589     -0.500000000    
          32          22  0.391643614      0.122748695     -0.500000000    
          32          23  0.396159559      0.116615221     -0.500000000    
          32          24  0.438918620      0.100198634     -0.500000000    
          32          25  0.633346677       9.48072299E-02 -0.500000000    
          32          26  0.697644472      0.136146814     -0.500000000    
          32          27   8.18462074E-02  0.182038277     -0.500000000    
          32          28  -3.41508314E-02  0.174616605     -0.500000000    
          32          29  0.117743477      0.177021906     -0.500000000    
          32          30  0.460020393      0.172577471     -0.500000000    
          32          31  0.707024276      0.160129637     -0.500000000    
          32          32  0.802711546      0.150563076     -0.500000000    
          32          33  0.863724351      0.146911964     -0.500000000    
          33           1  0.903960824      0.146271110     -0.500000000    
          33           2  0.898100615      0.154073298     -0.500000000    
          33           3  0.810314119      0.167638078     -0.500000000    
          33           4  0.502825260      0.181684613     -0.500000000    
          33           5   6.11199066E-02  0.183037400     -0.500000000    
          33           6  -1.75228287E-02  0.189087287     -0.500000000    
          33           7  0.204891264      0.210007519     -0.500000000    
          33           8  0.989505470      0.136854485     -0.500000000    
          33           9  0.796323895       9.77101922E-02 -0.500000000    
          33          10  0.606107652      0.120183781     -0.500000000    
          33          11  0.578854620      0.133401558     -0.500000000    
          33          12  0.594192922      0.137022018     -0.500000000    
          33          13  0.608481050      0.138113379     -0.500000000    
          33          14  0.617510200      0.138555780     -0.500000000    
          33          15  0.622920454      0.138735026     -0.500000000    
          33          16  0.625567019      0.138792843     -0.500000000    
          33          17  0.625978410      0.138799161     -0.500000000    
          33          18  0.624055862      0.138763249     -0.500000000    
          33          19  0.619676769      0.138636529     -0.500000000    
          33          20  0.612139165      0.138313264     -0.500000000    
          33          21  0.600265622      0.137620643     -0.500000000    
          33          22  0.582053542      0.136149213     -0.500000000    
          33          23  0.562084794      0.131893083     -0.500000000    
          33          24  0.591459990      0.117259592     -0.500000000    
          33          25  0.807086647       9.44933891E-02 -0.500000000    
          33          26  0.899876416      0.141459107     -0.500000000    
          33          27   9.76812690E-02  0.205668211     -0.500000000    
          33          28  -7.19608441E-02  0.190570429     -0.500000000    
          33          29  0.174800843      0.188287497     -0.500000000    
          33          30  0.625226021      0.180111378     -0.500000000    
          33          31  0.831495881      0.162615895     -0.500000000    
          33          32  0.863723636      0.146911785     -0.500000000    
          33          33  0.843258440      0.137677372     -0.500000000    
