           1           1  0.994521439      0.167509884     -0.500000000    
           1           2  0.913476765      0.167803302     -0.500000000    
           1           3  0.701573074      0.175337926     -0.500000000    
           1           4  0.299920231      0.179593563     -0.500000000    
           1           5  0.181896016      0.169610053     -0.500000000    
           1           6  0.188479975      0.176277041     -0.500000000    
           1           7  0.305190295      0.204356492     -0.500000000    
           1           8  0.840750396      0.177470922     -0.500000000    
           1           9  0.963178277      0.114280842     -0.500000000    
           1          10  0.616438627      0.121517405     -0.500000000    
           1          11  0.507317185      0.139227673     -0.500000000    
           1          12  0.486180633      0.144600242     -0.500000000    
           1          13  0.481049985      0.145034805     -0.500000000    
           1          14  0.475651324      0.144573987     -0.500000000    
           1          15  0.470969200      0.144087747     -0.500000000    
           1          16  0.467985779      0.143780857     -0.500000000    
           1          17  0.467595041      0.143735453     -0.500000000    
           1          18  0.469679862      0.143959597     -0.500000000    
           1          19  0.474083513      0.144403890     -0.500000000    
           1          20  0.479526937      0.144945264     -0.500000000    
           1          21  0.484768689      0.145340189     -0.500000000    
           1          22  0.488663197      0.144642398     -0.500000000    
           1          23  0.510199189      0.138381258     -0.500000000    
           1          24  0.634715855      0.118767537     -0.500000000    
           1          25   1.00506902      0.113693692     -0.500000000    
           1          26  0.761388242      0.182364732     -0.500000000    
           1          27  0.271270096      0.199407265     -0.500000000    
           1          28  0.166166380      0.178017318     -0.500000000    
           1          29  0.177234918      0.178742185     -0.500000000    
           1          30  0.438791662      0.183352575     -0.500000000    
           1          31  0.783743501      0.172868952     -0.500000000    
           1          32  0.916343689      0.165526420     -0.500000000    
           1          33  0.963904500      0.164281234     -0.500000000    
           2           1  0.913478255      0.167803288     -0.500000000    
           2           2  0.780323386      0.169860333     -0.500000000    
           2           3  0.456913948      0.174986839     -0.500000000    
           2           4   2.44422182E-02  0.173263043     -0.500000000    
           2           5  -8.56683683E-03  0.160418898     -0.500000000    
           2           6  0.116839692      0.157851055     -0.500000000    
           2           7  0.109794632      0.178142309     -0.500000000    
           2           8  0.666627586      0.156115651     -0.500000000    
           2           9  0.677567363      0.118871376     -0.500000000    
           2          10  0.398083627      0.105161719     -0.500000000    
           2          11  0.295343101      0.118080013     -0.500000000    
           2          12  0.259359151      0.126575798     -0.500000000    
           2          13  0.241268635      0.128231794     -0.500000000    
           2          14  0.229871586      0.128058136     -0.500000000    
           2          15  0.221752778      0.127648771     -0.500000000    
           2          16  0.217686698      0.127374768     -0.500000000    
           2          17  0.216800228      0.127329484     -0.500000000    
           2          18  0.220164970      0.127538592     -0.500000000    
           2          19  0.226717159      0.127928525     -0.500000000    
           2          20  0.237121880      0.128361568     -0.500000000    
           2          21  0.250707030      0.128423780     -0.500000000    
           2          22  0.270909876      0.126350358     -0.500000000    
           2          23  0.312182188      0.116470620     -0.500000000    
           2          24  0.434648156      0.102283955     -0.500000000    
           2          25  0.724518001      0.119023032     -0.500000000    
           2          26  0.637498081      0.157611907     -0.500000000    
           2          27  0.106598914      0.174886152     -0.500000000    
           2          28   9.12854448E-02  0.162001297     -0.500000000    
           2          29  -3.76241952E-02  0.170033857     -0.500000000    
           2          30  0.194093034      0.177795872     -0.500000000    
           2          31  0.610394180      0.172161713     -0.500000000    
           2          32  0.831142664      0.167552739     -0.500000000    
           2          33  0.924256861      0.166166097     -0.500000000    
           3           1  0.701579034      0.175338060     -0.500000000    
           3           2  0.456917852      0.174986929     -0.500000000    
           3           3   4.84897755E-02  0.168982580     -0.500000000    
           3           4 -0.147920907      0.157294124     -0.500000000    
           3           5  -7.53176212E-02  0.141754538     -0.500000000    
           3           6   4.48375121E-02  0.125537187     -0.500000000    
           3           7  -3.54679748E-02  0.129564166     -0.500000000    
           3           8  0.197880283      0.121431082     -0.500000000    
           3           9  0.297661453      0.107193947     -0.500000000    
           3          10  0.202663139       8.27417225E-02 -0.500000000    
           3          11  0.125222743       8.61108005E-02 -0.500000000    
           3          12  0.101217575       9.66762826E-02 -0.500000000    
           3          13   8.77524465E-02  0.100310802     -0.500000000    
           3          14   8.13251063E-02  0.100717008     -0.500000000    
           3          15   7.78173581E-02  0.100521982     -0.500000000    
           3          16   7.62458146E-02  0.100340806     -0.500000000    
           3          17   7.60007724E-02  0.100315459     -0.500000000    
           3          18   7.71809593E-02  0.100450635     -0.500000000    
           3          19   7.98341334E-02  0.100703798     -0.500000000    
           3          20   8.48723948E-02  0.100897193     -0.500000000    
           3          21   9.34117809E-02  0.100342102     -0.500000000    
           3          22  0.110546283       9.60428119E-02 -0.500000000    
           3          23  0.142528996       8.37088376E-02 -0.500000000    
           3          24  0.243427083       8.04122537E-02 -0.500000000    
           3          25  0.338490963      0.107785217     -0.500000000    
           3          26  0.217247248      0.121543504     -0.500000000    
           3          27  -5.48182540E-02  0.130135819     -0.500000000    
           3          28  -3.29763480E-02  0.130126074     -0.500000000    
           3          29 -0.143814594      0.149497002     -0.500000000    
           3          30  -7.35091940E-02  0.163440064     -0.500000000    
           3          31  0.288183749      0.171118364     -0.500000000    
           3          32  0.652925611      0.174741313     -0.500000000    
           3          33  0.812653661      0.175128073     -0.500000000    
           4           1  0.299927264      0.179593965     -0.500000000    
           4           2   2.44466998E-02  0.173263371     -0.500000000    
           4           3 -0.147918984      0.157294348     -0.500000000    
           4           4  -5.92444874E-02  0.140127063     -0.500000000    
           4           5   4.83941585E-02  0.115267493     -0.500000000    
           4           6   6.29810616E-02   8.76912996E-02 -0.500000000    
           4           7   7.45915771E-02   7.37444758E-02 -0.500000000    
           4           8  -4.44302112E-02   7.67375305E-02 -0.500000000    
           4           9   2.27738377E-02   7.69812912E-02 -0.500000000    
           4          10   9.43833366E-02   5.74331991E-02 -0.500000000    
           4          11   7.49399439E-02   5.22119291E-02 -0.500000000    
           4          12   7.66687915E-02   6.22250661E-02 -0.500000000    
           4          13   7.95852989E-02   6.88571632E-02 -0.500000000    
           4          14   8.14183280E-02   7.08046108E-02 -0.500000000    
           4          15   8.30137655E-02   7.13223889E-02 -0.500000000    
           4          16   8.41798410E-02   7.14912489E-02 -0.500000000    
           4          17   8.41748863E-02   7.15114698E-02 -0.500000000    
           4          18   8.36058035E-02   7.14103505E-02 -0.500000000    
           4          19   8.18488002E-02   7.11360723E-02 -0.500000000    
           4          20   7.96253383E-02   7.04596564E-02 -0.500000000    
           4          21   7.74787217E-02   6.81677312E-02 -0.500000000    
           4          22   7.45841414E-02   6.04330525E-02 -0.500000000    
           4          23   7.52568617E-02   4.87590693E-02 -0.500000000    
           4          24  0.104912914       5.53313643E-02 -0.500000000    
           4          25   1.48128411E-02   7.72157386E-02 -0.500000000    
           4          26  -6.55358806E-02   7.68724680E-02 -0.500000000    
           4          27   8.16087797E-02   7.48394653E-02 -0.500000000    
           4          28  0.129708096       8.94601494E-02 -0.500000000    
           4          29  0.113428220      0.118677333     -0.500000000    
           4          30  -2.69258544E-02  0.144850492     -0.500000000    
           4          31  -5.49835451E-02  0.167286113     -0.500000000    
           4          32  0.252526402      0.182036340     -0.500000000    
           4          33  0.471162409      0.185644954     -0.500000000    
           5           1  0.181890786      0.169610247     -0.500000000    
           5           2  -8.57174210E-03  0.160419002     -0.500000000    
           5           3  -7.53201842E-02  0.141754732     -0.500000000    
           5           4   4.83966023E-02  0.115267470     -0.500000000    
           5           5  0.353376627       7.55532384E-02 -0.500000000    
           5           6  0.369236678       4.47015129E-02 -0.500000000    
           5           7  0.116295882       3.37618254E-02 -0.500000000    
           5           8  -3.02644894E-02   3.77041399E-02 -0.500000000    
           5           9  -7.89894685E-02   3.98872197E-02 -0.500000000    
           5          10   5.91204595E-03   3.04078981E-02 -0.500000000    
           5          11   4.92348112E-02   2.10916530E-02 -0.500000000    
           5          12   7.81401992E-02   2.66268719E-02 -0.500000000    
           5          13  0.102349035       3.52653898E-02 -0.500000000    
           5          14  0.116516270       3.90569195E-02 -0.500000000    
           5          15  0.125120521       4.04374301E-02 -0.500000000    
           5          16  0.129538134       4.09950949E-02 -0.500000000    
           5          17  0.130177498       4.10726033E-02 -0.500000000    
           5          18  0.127032995       4.07081135E-02 -0.500000000    
           5          19  0.119707316       3.98618020E-02 -0.500000000    
           5          20  0.107590906       3.81715000E-02 -0.500000000    
           5          21   8.91314819E-02   3.38281021E-02 -0.500000000    
           5          22   5.95617034E-02   2.38581058E-02 -0.500000000    
           5          23   2.63562631E-02   1.75865367E-02 -0.500000000    
           5          24  -2.16598902E-02   2.89804265E-02 -0.500000000    
           5          25 -0.119363375       4.01997268E-02 -0.500000000    
           5          26  -3.03410124E-02   3.80215310E-02 -0.500000000    
           5          27  0.193096325       3.48107256E-02 -0.500000000    
           5          28  0.510565877       4.78771701E-02 -0.500000000    
           5          29  0.409630179       7.98371062E-02 -0.500000000    
           5          30   6.85477704E-02  0.120775692     -0.500000000    
           5          31 -0.119389713      0.153331667     -0.500000000    
           5          32  -2.34217085E-02  0.173461020     -0.500000000    
           5          33  0.112129107      0.178523093     -0.500000000    
           6           1  0.188471079      0.176276237     -0.500000000    
           6           2  0.116832368      0.157850459     -0.500000000    
           6           3   4.48329560E-02  0.125536993     -0.500000000    
           6           4   6.29824698E-02   8.76912028E-02 -0.500000000    
           6           5  0.369240493       4.47014011E-02 -0.500000000    
           6           6  0.291087776       1.74086541E-02 -0.500000000    
           6           7  0.124595523       7.24005653E-03 -0.500000000    
           6           8   2.85889823E-02   7.64205446E-03 -0.500000000    
           6           9  -5.61389700E-02   8.39860924E-03 -0.500000000    
           6          10  -6.21904507E-02   7.45964283E-03 -0.500000000    
           6          11  -1.88109875E-02  -9.23670828E-04 -0.500000000    
           6          12   1.46333762E-02  -2.02763057E-03 -0.500000000    
           6          13   4.68058959E-02   5.55687537E-03 -0.500000000    
           6          14   6.96044117E-02   1.01553369E-02 -0.500000000    
           6          15   8.37313086E-02   1.17286080E-02 -0.500000000    
           6          16   9.15781558E-02   1.22666303E-02 -0.500000000    
           6          17   9.24737826E-02   1.23395463E-02 -0.500000000    
           6          18   8.71920511E-02   1.20272562E-02 -0.500000000    
           6          19   7.47535378E-02   1.12629645E-02 -0.500000000    
           6          20   5.58636487E-02   9.42951255E-03 -0.500000000    
           6          21   2.84416396E-02   4.16584546E-03 -0.500000000    
           6          22  -7.90615007E-03  -4.72038938E-03 -0.500000000    
           6          23  -4.23850231E-02  -3.40896798E-03 -0.500000000    
           6          24  -8.48838985E-02   6.62927888E-03 -0.500000000    
           6          25  -6.40798882E-02   8.69126245E-03 -0.500000000    
           6          26   6.69578314E-02   7.95490388E-03 -0.500000000    
           6          27  0.200869232       8.49299785E-03 -0.500000000    
           6          28  0.390707344       2.23910231E-02 -0.500000000    
           6          29  0.399784833       5.31556644E-02 -0.500000000    
           6          30   2.23966427E-02   9.87496898E-02 -0.500000000    
           6          31  -6.24994412E-02  0.138473898     -0.500000000    
           6          32   3.29187363E-02  0.167265087     -0.500000000    
           6          33   5.69247454E-02  0.178642765     -0.500000000    
           7           1  0.305182546      0.204354987     -0.500000000    
           7           2  0.109785393      0.178140998     -0.500000000    
           7           3  -3.54733989E-02  0.129563004     -0.500000000    
           7           4   7.45901093E-02   7.37438276E-02 -0.500000000    
           7           5  0.116297252       3.37614752E-02 -0.500000000    
           7           6  0.124597199       7.23990006E-03 -0.500000000    
           7           7  0.115525305      -9.53934528E-03 -0.500000000    
           7           8  0.119136639      -1.70342065E-02 -0.500000000    
           7           9   6.42987192E-02  -1.92434005E-02 -0.500000000    
           7          10  -2.85438728E-02  -1.43892644E-02 -0.500000000    
           7          11  -4.00314555E-02  -1.80468317E-02 -0.500000000    
           7          12  -3.31032164E-02  -2.33977698E-02 -0.500000000    
           7          13  -2.18228363E-02  -1.79612190E-02 -0.500000000    
           7          14  -1.01859672E-02  -1.24567170E-02 -0.500000000    
           7          15  -2.33633700E-03  -1.03923036E-02 -0.500000000    
           7          16   2.41585635E-03  -9.77102481E-03 -0.500000000    
           7          17   2.98735267E-03  -9.69181210E-03 -0.500000000    
           7          18  -3.52729578E-04  -9.99220461E-03 -0.500000000    
           7          19  -7.42978696E-03  -1.08408183E-02 -0.500000000    
           7          20  -1.66973732E-02  -1.32591855E-02 -0.500000000    
           7          21  -2.82197222E-02  -1.96979921E-02 -0.500000000    
           7          22  -3.73891816E-02  -2.62074266E-02 -0.500000000    
           7          23  -4.09575850E-02  -1.98028255E-02 -0.500000000    
           7          24  -2.13878267E-02  -1.49439685E-02 -0.500000000    
           7          25   9.13068727E-02  -1.86987761E-02 -0.500000000    
           7          26  0.159596667      -1.57025401E-02 -0.500000000    
           7          27  0.173554778      -6.44506468E-03 -0.500000000    
           7          28  0.184579208       1.44732054E-02 -0.500000000    
           7          29  0.125482053       4.53074984E-02 -0.500000000    
           7          30  -8.90767388E-03   8.75989944E-02 -0.500000000    
           7          31  -6.09951504E-02  0.141906202     -0.500000000    
           7          32  0.115231447      0.184874430     -0.500000000    
           7          33  0.224026665      0.205642939     -0.500000000    
           8           1  0.840751946      0.177468970     -0.500000000    
           8           2  0.666619599      0.156113610     -0.500000000    
           8           3  0.197870389      0.121429145     -0.500000000    
           8           4  -4.44341078E-02   7.67364204E-02 -0.500000000    
           8           5  -3.02657969E-02   3.77036706E-02 -0.500000000    
           8           6   2.85903737E-02   7.64176762E-03 -0.500000000    
           8           7  0.119138367      -1.70343798E-02 -0.500000000    
           8           8  0.239712805      -3.33130769E-02 -0.500000000    
           8           9  0.232390836      -3.84819061E-02 -0.500000000    
           8          10  0.102221787      -3.29038203E-02 -0.500000000    
           8          11   3.51086594E-02  -3.27555165E-02 -0.500000000    
           8          12   1.61507018E-02  -4.08049338E-02 -0.500000000    
           8          13   3.93595546E-05  -3.91153023E-02 -0.500000000    
           8          14  -7.95925502E-03  -3.35091874E-02 -0.500000000    
           8          15  -1.37114022E-02  -3.09420638E-02 -0.500000000    
           8          16  -1.66790988E-02  -3.01989000E-02 -0.500000000    
           8          17  -1.69771872E-02  -3.01011838E-02 -0.500000000    
           8          18  -1.51997153E-02  -3.03975958E-02 -0.500000000    
           8          19  -1.01927146E-02  -3.13434452E-02 -0.500000000    
           8          20  -1.45671354E-03  -3.42960991E-02 -0.500000000    
           8          21   1.02086635E-02  -4.08491530E-02 -0.500000000    
           8          22   3.06794010E-02  -4.28178832E-02 -0.500000000    
           8          23   5.15080094E-02  -3.29021849E-02 -0.500000000    
           8          24  0.130308509      -3.20489071E-02 -0.500000000    
           8          25  0.273623914      -3.65032367E-02 -0.500000000    
           8          26  0.267088562      -3.03948037E-02 -0.500000000    
           8          27  0.143408865      -1.22653842E-02 -0.500000000    
           8          28   2.89101340E-02   1.54460827E-02 -0.500000000    
           8          29  -8.10955316E-02   4.94767390E-02 -0.500000000    
           8          30  -5.18645458E-02   8.91050696E-02 -0.500000000    
           8          31  0.315449327      0.123478889     -0.500000000    
           8          32  0.736073971      0.145493507     -0.500000000    
           8          33  0.908577681      0.158072159     -0.500000000    
           9           1  0.963179827      0.114277877     -0.500000000    
           9           2  0.677561522      0.118868470     -0.500000000    
           9           3  0.297652930      0.107191421     -0.500000000    
           9           4   2.27684099E-02   7.69797340E-02 -0.500000000    
           9           5  -7.89926946E-02   3.98866236E-02 -0.500000000    
           9           6  -5.61389886E-02   8.39824788E-03 -0.500000000    
           9           7   6.43014759E-02  -1.92437824E-02 -0.500000000    
           9           8  0.232393473      -3.84821370E-02 -0.500000000    
           9           9  0.332291543      -4.58871536E-02 -0.500000000    
           9          10  0.255840451      -4.23859581E-02 -0.500000000    
           9          11  0.170532852      -3.97388116E-02 -0.500000000    
           9          12  0.145421937      -4.87364903E-02 -0.500000000    
           9          13  0.117550939      -5.17930835E-02 -0.500000000    
           9          14   9.81480926E-02  -4.75978106E-02 -0.500000000    
           9          15   8.27639475E-02  -4.51086834E-02 -0.500000000    
           9          16   7.37192035E-02  -4.45025750E-02 -0.500000000    
           9          17   7.25471601E-02  -4.44179960E-02 -0.500000000    
           9          18   7.86927938E-02  -4.45048325E-02 -0.500000000    
           9          19   9.26872939E-02  -4.51361947E-02 -0.500000000    
           9          20  0.112651438      -4.79240268E-02 -0.500000000    
           9          21  0.134836391      -5.28771318E-02 -0.500000000    
           9          22  0.162808239      -4.92537022E-02 -0.500000000    
           9          23  0.183664501      -3.82139534E-02 -0.500000000    
           9          24  0.274935484      -4.01697978E-02 -0.500000000    
           9          25  0.346424788      -4.26938981E-02 -0.500000000    
           9          26  0.225872576      -3.44496109E-02 -0.500000000    
           9          27   4.96347770E-02  -1.35938246E-02 -0.500000000    
           9          28  -7.84864649E-02   1.50319552E-02 -0.500000000    
           9          29  -6.83855340E-02   4.63570356E-02 -0.500000000    
           9          30  0.120863415       7.76818618E-02 -0.500000000    
           9          31  0.397428632       9.64457244E-02 -0.500000000    
           9          32  0.710096359       9.94820222E-02 -0.500000000    
           9          33  0.935952783       9.48298424E-02 -0.500000000    
          10           1  0.616452813      0.121513829     -0.500000000    
          10           2  0.398088276      0.105158255     -0.500000000    
          10           3  0.202662289       8.27386081E-02 -0.500000000    
          10           4   9.43810269E-02   5.74310832E-02 -0.500000000    
          10           5   5.90848504E-03   3.04070376E-02 -0.500000000    
          10           6  -6.21924922E-02   7.45934248E-03 -0.500000000    
          10           7  -2.85418797E-02  -1.43896043E-02 -0.500000000    
          10           8  0.102225155      -3.29042040E-02 -0.500000000    
          10           9  0.255842686      -4.23862487E-02 -0.500000000    
          10          10  0.251208663      -4.19847481E-02 -0.500000000    
          10          11  0.185819045      -3.82807590E-02 -0.500000000    
          10          12  0.177748352      -4.64872532E-02 -0.500000000    
          10          13  0.169689938      -5.35369553E-02 -0.500000000    
          10          14  0.164561570      -5.14292829E-02 -0.500000000    
          10          15  0.159170941      -4.91746478E-02 -0.500000000    
          10          16  0.155110851      -4.86789569E-02 -0.500000000    
          10          17  0.154430315      -4.85994332E-02 -0.500000000    
          10          18  0.157408983      -4.84877191E-02 -0.500000000    
          10          19  0.163338050      -4.88475338E-02 -0.500000000    
          10          20  0.169559881      -5.13167493E-02 -0.500000000    
          10          21  0.173647761      -5.38668931E-02 -0.500000000    
          10          22  0.178122550      -4.54960056E-02 -0.500000000    
          10          23  0.183453172      -3.53721045E-02 -0.500000000    
          10          24  0.256379783      -3.86237912E-02 -0.500000000    
          10          25  0.256193310      -3.86329293E-02 -0.500000000    
          10          26   9.61546376E-02  -2.92990580E-02 -0.500000000    
          10          27  -3.70867439E-02  -1.07670194E-02 -0.500000000    
          10          28  -7.39472806E-02   1.01202503E-02 -0.500000000    
          10          29   4.86505916E-03   3.10820062E-02 -0.500000000    
          10          30  0.112136841       5.37856892E-02 -0.500000000    
          10          31  0.246315658       7.54915327E-02 -0.500000000    
          10          32  0.464692712       9.65039134E-02 -0.500000000    
          10          33  0.663281083      0.111155935     -0.500000000    
          11           1  0.507341444      0.139223859     -0.500000000    
          11           2  0.295355618      0.118076183     -0.500000000    
          11           3  0.125227019       8.61072317E-02 -0.500000000    
          11           4   7.49406964E-02   5.22092693E-02 -0.500000000    
          11           5   4.92319427E-02   2.10903101E-02 -0.500000000    
          11           6  -1.88145787E-02  -9.24030552E-04 -0.500000000    
          11           7  -4.00309674E-02  -1.80471670E-02 -0.500000000    
          11           8   3.51114497E-02  -3.27559151E-02 -0.500000000    
          11           9  0.170534939      -3.97390164E-02 -0.500000000    
          11          10  0.185819045      -3.82808149E-02 -0.500000000    
          11          11  0.121847682      -3.16418745E-02 -0.500000000    
          11          12  0.108444788      -3.63140628E-02 -0.500000000    
          11          13  0.108273692      -4.49036360E-02 -0.500000000    
          11          14  0.109126657      -4.44879644E-02 -0.500000000    
          11          15  0.110242143      -4.23029773E-02 -0.500000000    
          11          16  0.110047549      -4.17531952E-02 -0.500000000    
          11          17  0.109750003      -4.16531451E-02 -0.500000000    
          11          18  0.110249840      -4.14598621E-02 -0.500000000    
          11          19  0.110551082      -4.18410376E-02 -0.500000000    
          11          20  0.108953707      -4.43342850E-02 -0.500000000    
          11          21  0.107205063      -4.51309383E-02 -0.500000000    
          11          22  0.105295449      -3.51735316E-02 -0.500000000    
          11          23  0.122698493      -2.95478553E-02 -0.500000000    
          11          24  0.200578257      -3.66840549E-02 -0.500000000    
          11          25  0.186382651      -3.88798974E-02 -0.500000000    
          11          26   4.87064794E-02  -3.25663052E-02 -0.500000000    
          11          27  -4.18405309E-02  -1.74842943E-02 -0.500000000    
          11          28  -3.99675295E-02   7.19479343E-04 -0.500000000    
          11          29   2.59898957E-02   2.40294784E-02 -0.500000000    
          11          30   7.60331079E-02   5.39125167E-02 -0.500000000    
          11          31  0.179435477       8.49189609E-02 -0.500000000    
          11          32  0.399521142      0.112134971     -0.500000000    
          11          33  0.600773692      0.127501994     -0.500000000    
          12           1  0.486213058      0.144596234     -0.500000000    
          12           2  0.259377778      0.126571789     -0.500000000    
          12           3  0.101225570       9.66724083E-02 -0.500000000    
          12           4   7.66716301E-02   6.22219592E-02 -0.500000000    
          12           5   7.81380907E-02   2.66251676E-02 -0.500000000    
          12           6   1.46288425E-02  -2.02809600E-03 -0.500000000    
          12           7  -3.31039429E-02  -2.33980659E-02 -0.500000000    
          12           8   1.61533654E-02  -4.08053920E-02 -0.500000000    
          12           9  0.145424411      -4.87367734E-02 -0.500000000    
          12          10  0.177748382      -4.64872457E-02 -0.500000000    
          12          11  0.108444028      -3.63139249E-02 -0.500000000    
          12          12   7.56277218E-02  -3.53111699E-02 -0.500000000    
          12          13   6.81148544E-02  -4.20776494E-02 -0.500000000    
          12          14   6.17772117E-02  -4.13752161E-02 -0.500000000    
          12          15   5.98276705E-02  -3.80539037E-02 -0.500000000    
          12          16   5.79011515E-02  -3.67297269E-02 -0.500000000    
          12          17   5.75425215E-02  -3.64997499E-02 -0.500000000    
          12          18   5.90332560E-02  -3.67557667E-02 -0.500000000    
          12          19   6.22323081E-02  -3.82981636E-02 -0.500000000    
          12          20   6.51041642E-02  -4.23891619E-02 -0.500000000    
          12          21   7.22523928E-02  -4.36868258E-02 -0.500000000    
          12          22   7.93006495E-02  -3.57378796E-02 -0.500000000    
          12          23  0.119113557      -3.63474451E-02 -0.500000000    
          12          24  0.200417951      -4.67940457E-02 -0.500000000    
          12          25  0.163818330      -4.89293151E-02 -0.500000000    
          12          26   2.80259997E-02  -3.98512557E-02 -0.500000000    
          12          27  -4.13379557E-02  -2.02082638E-02 -0.500000000    
          12          28  -1.04157552E-02   3.36309383E-03 -0.500000000    
          12          29   5.17834239E-02   3.23617645E-02 -0.500000000    
          12          30   7.37402141E-02   6.43882677E-02 -0.500000000    
          12          31  0.158035129       9.42584202E-02 -0.500000000    
          12          32  0.385652900      0.119022444     -0.500000000    
          12          33  0.605420113      0.131878391     -0.500000000    
          13           1  0.481090218      0.145030603     -0.500000000    
          13           2  0.241293311      0.128227741     -0.500000000    
          13           3   8.77638459E-02  0.100306645     -0.500000000    
          13           4   7.95898810E-02   6.88537434E-02 -0.500000000    
          13           5  0.102347955       3.52632850E-02 -0.500000000    
          13           6   4.68009301E-02   5.55628724E-03 -0.500000000    
          13           7  -2.18248609E-02  -1.79614611E-02 -0.500000000    
          13           8   4.18454874E-05  -3.91157344E-02 -0.500000000    
          13           9  0.117553927      -5.17934933E-02 -0.500000000    
          13          10  0.169690296      -5.35370596E-02 -0.500000000    
          13          11  0.108272880      -4.49035652E-02 -0.500000000    
          13          12   6.81146905E-02  -4.20775823E-02 -0.500000000    
          13          13   6.10267259E-02  -4.85333428E-02 -0.500000000    
          13          14   5.37819192E-02  -4.85720858E-02 -0.500000000    
          13          15   5.16524762E-02  -4.48469855E-02 -0.500000000    
          13          16   4.95474786E-02  -4.30337004E-02 -0.500000000    
          13          17   4.92726639E-02  -4.27040830E-02 -0.500000000    
          13          18   5.08259833E-02  -4.32450175E-02 -0.500000000    
          13          19   5.41950352E-02  -4.54465039E-02 -0.500000000    
          13          20   5.71924746E-02  -5.00048399E-02 -0.500000000    
          13          21   6.50556162E-02  -5.02092019E-02 -0.500000000    
          13          22   7.17659369E-02  -4.21146266E-02 -0.500000000    
          13          23  0.121205278      -4.42350097E-02 -0.500000000    
          13          24  0.194405228      -5.23905382E-02 -0.500000000    
          13          25  0.137312010      -4.99746017E-02 -0.500000000    
          13          26   1.19219320E-02  -3.58966589E-02 -0.500000000    
          13          27  -3.22999991E-02  -1.31392935E-02 -0.500000000    
          13          28   2.00575218E-02   1.12696579E-02 -0.500000000    
          13          29   7.28051215E-02   3.96089926E-02 -0.500000000    
          13          30   7.33152777E-02   6.90342784E-02 -0.500000000    
          13          31  0.147734538       9.68086198E-02 -0.500000000    
          13          32  0.382895082      0.120631419     -0.500000000    
          13          33  0.616199017      0.132661685     -0.500000000    
          14           1  0.475698441      0.144569606     -0.500000000    
          14           2  0.229901060      0.128054008     -0.500000000    
          14           3   8.13389048E-02  0.100712873     -0.500000000    
          14           4   8.14244449E-02   7.08009452E-02 -0.500000000    
          14           5  0.116516262       3.90545540E-02 -0.500000000    
          14           6   6.95990697E-02   1.01545956E-02 -0.500000000    
          14           7  -1.01886177E-02  -1.24570308E-02 -0.500000000    
          14           8  -7.95696117E-03  -3.35097052E-02 -0.500000000    
          14           9   9.81514230E-02  -4.75983098E-02 -0.500000000    
          14          10  0.164562181      -5.14295287E-02 -0.500000000    
          14          11  0.109125800      -4.44878861E-02 -0.500000000    
          14          12   6.17769659E-02  -4.13752235E-02 -0.500000000    
          14          13   5.37819080E-02  -4.85720746E-02 -0.500000000    
          14          14   4.54724096E-02  -5.04109636E-02 -0.500000000    
          14          15   4.29868437E-02  -4.74066474E-02 -0.500000000    
          14          16   4.10481244E-02  -4.57553118E-02 -0.500000000    
          14          17   4.06409428E-02  -4.54242639E-02 -0.500000000    
          14          18   4.23630774E-02  -4.58016433E-02 -0.500000000    
          14          19   4.56520654E-02  -4.76932786E-02 -0.500000000    
          14          20   4.91219871E-02  -5.13565429E-02 -0.500000000    
          14          21   5.84222637E-02  -4.94051278E-02 -0.500000000    
          14          22   6.66672885E-02  -4.04253453E-02 -0.500000000    
          14          23  0.124815881      -4.30175588E-02 -0.500000000    
          14          24  0.191136867      -4.96334508E-02 -0.500000000    
          14          25  0.118201189      -4.55266275E-02 -0.500000000    
          14          26   1.81233441E-03  -3.04200146E-02 -0.500000000    
          14          27  -2.33974233E-02  -8.23630579E-03 -0.500000000    
          14          28   4.14342470E-02   1.49085512E-02 -0.500000000    
          14          29   8.56214389E-02   4.21107970E-02 -0.500000000    
          14          30   7.43334591E-02   7.00511709E-02 -0.500000000    
          14          31  0.142457962       9.71883088E-02 -0.500000000    
          14          32  0.381391734      0.121007740     -0.500000000    
          14          33  0.622750640      0.132723451     -0.500000000    
          15           1  0.471021444      0.144083500     -0.500000000    
          15           2  0.221785709      0.127644926     -0.500000000    
          15           3   7.78327957E-02  0.100517832     -0.500000000    
          15           4   8.30207616E-02   7.13185221E-02 -0.500000000    
          15           5  0.125120983       4.04348858E-02 -0.500000000    
          15           6   8.37262496E-02   1.17277233E-02 -0.500000000    
          15           7  -2.33964575E-03  -1.03926612E-02 -0.500000000    
          15           8  -1.37094809E-02  -3.09425425E-02 -0.500000000    
          15           9   8.27676356E-02  -4.51091304E-02 -0.500000000    
          15          10  0.159171805      -4.91748452E-02 -0.500000000    
          15          11  0.110241421      -4.23028767E-02 -0.500000000    
          15          12   5.98274954E-02  -3.80539037E-02 -0.500000000    
          15          13   5.16525842E-02  -4.48470376E-02 -0.500000000    
          15          14   4.29869145E-02  -4.74066846E-02 -0.500000000    
          15          15   4.05763760E-02  -4.46508154E-02 -0.500000000    
          15          16   3.85306142E-02  -4.29808460E-02 -0.500000000    
          15          17   3.83089520E-02  -4.26277183E-02 -0.500000000    
          15          18   3.98580059E-02  -4.29898016E-02 -0.500000000    
          15          19   4.32243757E-02  -4.48978655E-02 -0.500000000    
          15          20   4.66246977E-02  -4.83221225E-02 -0.500000000    
          15          21   5.61498366E-02  -4.55715321E-02 -0.500000000    
          15          22   6.49329796E-02  -3.70933563E-02 -0.500000000    
          15          23  0.126971096      -4.10577655E-02 -0.500000000    
          15          24  0.186018974      -4.77176048E-02 -0.500000000    
          15          25  0.102608532      -4.34783399E-02 -0.500000000    
          15          26  -5.44049125E-03  -2.82634534E-02 -0.500000000    
          15          27  -1.66732371E-02  -6.57650735E-03 -0.500000000    
          15          28   5.58645613E-02   1.60638858E-02 -0.500000000    
          15          29   9.42270234E-02   4.29250151E-02 -0.500000000    
          15          30   7.56690428E-02   7.02360272E-02 -0.500000000    
          15          31  0.139857188       9.71854106E-02 -0.500000000    
          15          32  0.380056739      0.121103689     -0.500000000    
          15          33  0.626233041      0.132627130     -0.500000000    
          16           1  0.468040586      0.143776610     -0.500000000    
          16           2  0.217721641      0.127370805     -0.500000000    
          16           3   7.62619376E-02  0.100336760     -0.500000000    
          16           4   8.41874033E-02   7.14874044E-02 -0.500000000    
          16           5  0.129539251       4.09924164E-02 -0.500000000    
          16           6   9.15733352E-02   1.22656776E-02 -0.500000000    
          16           7   2.41220300E-03  -9.77138709E-03 -0.500000000    
          16           8  -1.66777261E-02  -3.01993657E-02 -0.500000000    
          16           9   7.37229511E-02  -4.45030369E-02 -0.500000000    
          16          10  0.155111894      -4.86791730E-02 -0.500000000    
          16          11  0.110046826      -4.17530648E-02 -0.500000000    
          16          12   5.79010323E-02  -3.67296897E-02 -0.500000000    
          16          13   4.95476797E-02  -4.30337153E-02 -0.500000000    
          16          14   4.10481170E-02  -4.57553491E-02 -0.500000000    
          16          15   3.85306031E-02  -4.29808125E-02 -0.500000000    
          16          16   3.67940031E-02  -4.12034020E-02 -0.500000000    
          16          17   3.64334546E-02  -4.08229232E-02 -0.500000000    
          16          18   3.80764753E-02  -4.12496738E-02 -0.500000000    
          16          19   4.10722718E-02  -4.33146879E-02 -0.500000000    
          16          20   4.45574932E-02  -4.67936210E-02 -0.500000000    
          16          21   5.40094636E-02  -4.38485257E-02 -0.500000000    
          16          22   6.31265193E-02  -3.59012820E-02 -0.500000000    
          16          23  0.127365112      -4.07123454E-02 -0.500000000    
          16          24  0.182273224      -4.74198535E-02 -0.500000000    
          16          25   9.35854092E-02  -4.30521592E-02 -0.500000000    
          16          26  -9.16266814E-03  -2.76401248E-02 -0.500000000    
          16          27  -1.24150719E-02  -6.06112136E-03 -0.500000000    
          16          28   6.36051744E-02   1.64716113E-02 -0.500000000    
          16          29   9.86419693E-02   4.32502516E-02 -0.500000000    
          16          30   7.66510144E-02   7.02742487E-02 -0.500000000    
          16          31  0.138359740       9.71482396E-02 -0.500000000    
          16          32  0.378972173      0.121114969     -0.500000000    
          16          33  0.627949238      0.132537231     -0.500000000    
          17           1  0.467649996      0.143731087     -0.500000000    
          17           2  0.216835201      0.127325475     -0.500000000    
          17           3   7.60172755E-02  0.100311384     -0.500000000    
          17           4   8.41827095E-02   7.15075210E-02 -0.500000000    
          17           5  0.130178750       4.10698950E-02 -0.500000000    
          17           6   9.24685895E-02   1.23385526E-02 -0.500000000    
          17           7   2.98340362E-03  -9.69218183E-03 -0.500000000    
          17           8  -1.69757064E-02  -3.01016904E-02 -0.500000000    
          17           9   7.25508258E-02  -4.44185063E-02 -0.500000000    
          17          10  0.154431418      -4.85996269E-02 -0.500000000    
          17          11  0.109749518      -4.16530184E-02 -0.500000000    
          17          12   5.75423166E-02  -3.64996418E-02 -0.500000000    
          17          13   4.92727309E-02  -4.27040942E-02 -0.500000000    
          17          14   4.06410135E-02  -4.54243198E-02 -0.500000000    
          17          15   3.83089595E-02  -4.26276885E-02 -0.500000000    
          17          16   3.64336260E-02  -4.08229195E-02 -0.500000000    
          17          17   3.62155437E-02  -4.04372029E-02 -0.500000000    
          17          18   3.77040431E-02  -4.08814885E-02 -0.500000000    
          17          19   4.08436321E-02  -4.29864377E-02 -0.500000000    
          17          20   4.41334210E-02  -4.64967825E-02 -0.500000000    
          17          21   5.36435843E-02  -4.35487926E-02 -0.500000000    
          17          22   6.28145486E-02  -3.57051380E-02 -0.500000000    
          17          23  0.127163917      -4.06531170E-02 -0.500000000    
          17          24  0.181613386      -4.73758504E-02 -0.500000000    
          17          25   9.24883634E-02  -4.29961272E-02 -0.500000000    
          17          26  -9.51874908E-03  -2.75594275E-02 -0.500000000    
          17          27  -1.18380804E-02  -5.99436229E-03 -0.500000000    
          17          28   6.47584125E-02   1.65269282E-02 -0.500000000    
          17          29   9.92488042E-02   4.32913899E-02 -0.500000000    
          17          30   7.66692385E-02   7.02775344E-02 -0.500000000    
          17          31  0.138249159       9.71383676E-02 -0.500000000    
          17          32  0.379004061      0.121116906     -0.500000000    
          17          33  0.628125906      0.132521540     -0.500000000    
          18           1  0.469732016      0.143955216     -0.500000000    
          18           2  0.220198616      0.127534658     -0.500000000    
          18           3   7.71968663E-02  0.100446396     -0.500000000    
          18           4   8.36131647E-02   7.14065284E-02 -0.500000000    
          18           5  0.127033889       4.07054536E-02 -0.500000000    
          18           6   8.71868357E-02   1.20263388E-02 -0.500000000    
          18           7  -3.56296776E-04  -9.99262277E-03 -0.500000000    
          18           8  -1.51979234E-02  -3.03981360E-02 -0.500000000    
          18           9   7.86964893E-02  -4.45053205E-02 -0.500000000    
          18          10  0.157410040      -4.84879129E-02 -0.500000000    
          18          11  0.110249162      -4.14597131E-02 -0.500000000    
          18          12   5.90330958E-02  -3.67557406E-02 -0.500000000    
          18          13   5.08260503E-02  -4.32450399E-02 -0.500000000    
          18          14   4.23631594E-02  -4.58016917E-02 -0.500000000    
          18          15   3.98579724E-02  -4.29897793E-02 -0.500000000    
          18          16   3.80764641E-02  -4.12496068E-02 -0.500000000    
          18          17   3.77040170E-02  -4.08814363E-02 -0.500000000    
          18          18   3.93689238E-02  -4.12880294E-02 -0.500000000    
          18          19   4.24275920E-02  -4.33026217E-02 -0.500000000    
          18          20   4.58955131E-02  -4.68153208E-02 -0.500000000    
          18          21   5.53061180E-02  -4.40717451E-02 -0.500000000    
          18          22   6.41384572E-02  -3.59308794E-02 -0.500000000    
          18          23  0.127191737      -4.03910801E-02 -0.500000000    
          18          24  0.184400767      -4.72054742E-02 -0.500000000    
          18          25   9.85322520E-02  -4.30335291E-02 -0.500000000    
          18          26  -7.25178560E-03  -2.78351977E-02 -0.500000000    
          18          27  -1.49190780E-02  -6.26748009E-03 -0.500000000    
          18          28   5.91421723E-02   1.62794851E-02 -0.500000000    
          18          29   9.61155444E-02   4.30836938E-02 -0.500000000    
          18          30   7.61482567E-02   7.02600777E-02 -0.500000000    
          18          31  0.139127806       9.71740857E-02 -0.500000000    
          18          32  0.379519403      0.121110529     -0.500000000    
          18          33  0.627020955      0.132592261     -0.500000000    
          19           1  0.474130303      0.144399613     -0.500000000    
          19           2  0.226746753      0.127924353     -0.500000000    
          19           3   7.98483416E-02  0.100699566     -0.500000000    
          19           4   8.18552449E-02   7.11322501E-02 -0.500000000    
          19           5  0.119707309       3.98592949E-02 -0.500000000    
          19           6   7.47485012E-02   1.12621998E-02 -0.500000000    
          19           7  -7.43282400E-03  -1.08411768E-02 -0.500000000    
          19           8  -1.01905121E-02  -3.13439332E-02 -0.500000000    
          19           9   9.26906094E-02  -4.51366380E-02 -0.500000000    
          19          10  0.163338780      -4.88477163E-02 -0.500000000    
          19          11  0.110550486      -4.18409072E-02 -0.500000000    
          19          12   6.22320473E-02  -3.82980928E-02 -0.500000000    
          19          13   5.41951023E-02  -4.54464853E-02 -0.500000000    
          19          14   4.56520617E-02  -4.76932712E-02 -0.500000000    
          19          15   4.32244129E-02  -4.48978171E-02 -0.500000000    
          19          16   4.10722606E-02  -4.33146283E-02 -0.500000000    
          19          17   4.08435501E-02  -4.29864563E-02 -0.500000000    
          19          18   4.24275547E-02  -4.33026142E-02 -0.500000000    
          19          19   4.59290072E-02  -4.50921170E-02 -0.500000000    
          19          20   4.93580736E-02  -4.85400185E-02 -0.500000000    
          19          21   5.87312207E-02  -4.61698137E-02 -0.500000000    
          19          22   6.71083778E-02  -3.73245962E-02 -0.500000000    
          19          23  0.126504362      -4.05150168E-02 -0.500000000    
          19          24  0.189770982      -4.73232865E-02 -0.500000000    
          19          25  0.112420559      -4.34446000E-02 -0.500000000    
          19          26  -1.13612763E-03  -2.86472235E-02 -0.500000000    
          19          27  -2.11639740E-02  -6.99075870E-03 -0.500000000    
          19          28   4.68387976E-02   1.56912562E-02 -0.500000000    
          19          29   8.89539868E-02   4.25893776E-02 -0.500000000    
          19          30   7.47454017E-02   7.01944530E-02 -0.500000000    
          19          31  0.141602576       9.72171426E-02 -0.500000000    
          19          32  0.381018907      0.121061720     -0.500000000    
          19          33  0.624147177      0.132698536     -0.500000000    
          20           1  0.479566574      0.144940674     -0.500000000    
          20           2  0.237146258      0.128357127     -0.500000000    
          20           3   8.48838389E-02  0.100892812     -0.500000000    
          20           4   7.96303824E-02   7.04559907E-02 -0.500000000    
          20           5  0.107590243       3.81692350E-02 -0.500000000    
          20           6   5.58584481E-02   9.42885596E-03 -0.500000000    
          20           7  -1.66996308E-02  -1.32595375E-02 -0.500000000    
          20           8  -1.45418663E-03  -3.42966206E-02 -0.500000000    
          20           9  0.112654686      -4.79245149E-02 -0.500000000    
          20          10  0.169560328      -5.13169058E-02 -0.500000000    
          20          11  0.108952902      -4.43341769E-02 -0.500000000    
          20          12   6.51039332E-02  -4.23891880E-02 -0.500000000    
          20          13   5.71923852E-02  -5.00049144E-02 -0.500000000    
          20          14   4.91219051E-02  -5.13565578E-02 -0.500000000    
          20          15   4.66245785E-02  -4.83221412E-02 -0.500000000    
          20          16   4.45574708E-02  -4.67936210E-02 -0.500000000    
          20          17   4.41333279E-02  -4.64967526E-02 -0.500000000    
          20          18   4.58954424E-02  -4.68153097E-02 -0.500000000    
          20          19   4.93580550E-02  -4.85399999E-02 -0.500000000    
          20          20   5.28373010E-02  -5.21989055E-02 -0.500000000    
          20          21   6.18639998E-02  -5.08198179E-02 -0.500000000    
          20          22   6.97488487E-02  -4.14059199E-02 -0.500000000    
          20          23  0.123449683      -4.26968038E-02 -0.500000000    
          20          24  0.195436805      -4.93580215E-02 -0.500000000    
          20          25  0.132584438      -4.56821285E-02 -0.500000000    
          20          26   9.36421845E-03  -3.11133899E-02 -0.500000000    
          20          27  -2.87307836E-02  -8.93853884E-03 -0.500000000    
          20          28   2.78889127E-02   1.43425902E-02 -0.500000000    
          20          29   7.70276412E-02   4.15929705E-02 -0.500000000    
          20          30   7.30871633E-02   6.99553341E-02 -0.500000000    
          20          31  0.145303920       9.71849710E-02 -0.500000000    
          20          32  0.382595509      0.120867148     -0.500000000    
          20          33  0.619077802      0.132735223     -0.500000000    
          21           1  0.484800071      0.145335615     -0.500000000    
          21           2  0.250725359      0.128419280     -0.500000000    
          21           3   9.34200287E-02  0.100337766     -0.500000000    
          21           4   7.74821788E-02   6.81642368E-02 -0.500000000    
          21           5   8.91296417E-02   3.38261314E-02 -0.500000000    
          21           6   2.84368657E-02   4.16525500E-03 -0.500000000    
          21           7  -2.82209702E-02  -1.96983591E-02 -0.500000000    
          21           8   1.02114128E-02  -4.08496335E-02 -0.500000000    
          21           9  0.134839058      -5.28774932E-02 -0.500000000    
          21          10  0.173647746      -5.38669974E-02 -0.500000000    
          21          11  0.107204221      -4.51308303E-02 -0.500000000    
          21          12   7.22521394E-02  -4.36868221E-02 -0.500000000    
          21          13   6.50555789E-02  -5.02092503E-02 -0.500000000    
          21          14   5.84223270E-02  -4.94051203E-02 -0.500000000    
          21          15   5.61498180E-02  -4.55715321E-02 -0.500000000    
          21          16   5.40094525E-02  -4.38484997E-02 -0.500000000    
          21          17   5.36434576E-02  -4.35488261E-02 -0.500000000    
          21          18   5.53061403E-02  -4.40717228E-02 -0.500000000    
          21          19   5.87312430E-02  -4.61697094E-02 -0.500000000    
          21          20   6.18641153E-02  -5.08197173E-02 -0.500000000    
          21          21   6.90556690E-02  -5.20004071E-02 -0.500000000    
          21          22   7.55401626E-02  -4.38716300E-02 -0.500000000    
          21          23  0.118369997      -4.44011874E-02 -0.500000000    
          21          24  0.197175160      -5.26166819E-02 -0.500000000    
          21          25  0.154444292      -5.08523732E-02 -0.500000000    
          21          26   2.32504364E-02  -3.74460444E-02 -0.500000000    
          21          27  -3.65605094E-02  -1.46214301E-02 -0.500000000    
          21          28   2.62041320E-03   1.02189369E-02 -0.500000000    
          21          29   6.06398024E-02   3.87597382E-02 -0.500000000    
          21          30   7.21827820E-02   6.87925965E-02 -0.500000000    
          21          31  0.152023420       9.67101082E-02 -0.500000000    
          21          32  0.383722514      0.120311745     -0.500000000    
          21          33  0.610243440      0.132505342     -0.500000000    
          22           1  0.488686919      0.144637853     -0.500000000    
          22           2  0.270922184      0.126345828     -0.500000000    
          22           3  0.110550962       9.60385948E-02 -0.500000000    
          22           4   7.45854005E-02   6.04298636E-02 -0.500000000    
          22           5   5.95589913E-02   2.38565039E-02 -0.500000000    
          22           6  -7.91035313E-03  -4.72087460E-03 -0.500000000    
          22           7  -3.73891555E-02  -2.62077488E-02 -0.500000000    
          22           8   3.06823030E-02  -4.28182781E-02 -0.500000000    
          22           9  0.162810206      -4.92540151E-02 -0.500000000    
          22          10  0.178122044      -4.54960130E-02 -0.500000000    
          22          11  0.105294794      -3.51733640E-02 -0.500000000    
          22          12   7.93006271E-02  -3.57379243E-02 -0.500000000    
          22          13   7.17659444E-02  -4.21146639E-02 -0.500000000    
          22          14   6.66674897E-02  -4.04253826E-02 -0.500000000    
          22          15   6.49333000E-02  -3.70933861E-02 -0.500000000    
          22          16   6.31267279E-02  -3.59013267E-02 -0.500000000    
          22          17   6.28148392E-02  -3.57051343E-02 -0.500000000    
          22          18   6.41388148E-02  -3.59308496E-02 -0.500000000    
          22          19   6.71086386E-02  -3.73246185E-02 -0.500000000    
          22          20   6.97489381E-02  -4.14059199E-02 -0.500000000    
          22          21   7.55403042E-02  -4.38716151E-02 -0.500000000    
          22          22   8.25186968E-02  -3.64881419E-02 -0.500000000    
          22          23  0.113805793      -3.53660956E-02 -0.500000000    
          22          24  0.199117616      -4.60192673E-02 -0.500000000    
          22          25  0.181105301      -4.96128127E-02 -0.500000000    
          22          26   4.33907323E-02  -4.20527458E-02 -0.500000000    
          22          27  -4.22745422E-02  -2.29834151E-02 -0.500000000    
          22          28  -3.02123427E-02   1.02748966E-03 -0.500000000    
          22          29   3.58832963E-02   3.04512642E-02 -0.500000000    
          22          30   7.36108497E-02   6.34816587E-02 -0.500000000    
          22          31  0.164749399       9.38057676E-02 -0.500000000    
          22          32  0.385798633      0.118386455     -0.500000000    
          22          33  0.596008599      0.131400660     -0.500000000    
          23           1  0.510216177      0.138376802     -0.500000000    
          23           2  0.312188923      0.116466276     -0.500000000    
          23           3  0.142529711       8.37049112E-02 -0.500000000    
          23           4   7.52556771E-02   4.87563349E-02 -0.500000000    
          23           5   2.63524745E-02   1.75853856E-02 -0.500000000    
          23           6  -4.23877053E-02  -3.40927602E-03 -0.500000000    
          23           7  -4.09560800E-02  -1.98031962E-02 -0.500000000    
          23           8   5.15108965E-02  -3.29026058E-02 -0.500000000    
          23           9  0.183665976      -3.82142216E-02 -0.500000000    
          23          10  0.183452889      -3.53721343E-02 -0.500000000    
          23          11  0.122698687      -2.95478739E-02 -0.500000000    
          23          12  0.119114555      -3.63476053E-02 -0.500000000    
          23          13  0.121206149      -4.42351401E-02 -0.500000000    
          23          14  0.124816716      -4.30176593E-02 -0.500000000    
          23          15  0.126971811      -4.10578921E-02 -0.500000000    
          23          16  0.127365947      -4.07124124E-02 -0.500000000    
          23          17  0.127164826      -4.06532027E-02 -0.500000000    
          23          18  0.127192542      -4.03911546E-02 -0.500000000    
          23          19  0.126505017      -4.05151062E-02 -0.500000000    
          23          20  0.123450592      -4.26968671E-02 -0.500000000    
          23          21  0.118370838      -4.44012918E-02 -0.500000000    
          23          22  0.113806643      -3.53661925E-02 -0.500000000    
          23          23  0.119044691      -2.73943674E-02 -0.500000000    
          23          24  0.193840191      -3.37785780E-02 -0.500000000    
          23          25  0.198075041      -3.74469496E-02 -0.500000000    
          23          26   6.53106123E-02  -3.31067778E-02 -0.500000000    
          23          27  -3.73133495E-02  -1.97136123E-02 -0.500000000    
          23          28  -5.74544258E-02  -2.06876872E-03 -0.500000000    
          23          29   8.31837021E-03   2.08738204E-02 -0.500000000    
          23          30   7.94797614E-02   5.14103100E-02 -0.500000000    
          23          31  0.191376686       8.31833333E-02 -0.500000000    
          23          32  0.400658965      0.110601358     -0.500000000    
          23          33  0.588446915      0.126312479     -0.500000000    
          24           1  0.634725511      0.118763298     -0.500000000    
          24           2  0.434648305      0.102279983     -0.500000000    
          24           3  0.243423045       8.04088935E-02 -0.500000000    
          24           4  0.104909211       5.53293116E-02 -0.500000000    
          24           5  -2.16635913E-02   2.89797019E-02 -0.500000000    
          24           6  -8.48846883E-02   6.62897713E-03 -0.500000000    
          24           7  -2.13852935E-02  -1.49443559E-02 -0.500000000    
          24           8  0.130311549      -3.20493095E-02 -0.500000000    
          24           9  0.274936885      -4.01699394E-02 -0.500000000    
          24          10  0.256379604      -3.86237428E-02 -0.500000000    
          24          11  0.200578466      -3.66840065E-02 -0.500000000    
          24          12  0.200417966      -4.67940010E-02 -0.500000000    
          24          13  0.194404900      -5.23903742E-02 -0.500000000    
          24          14  0.191136256      -4.96333018E-02 -0.500000000    
          24          15  0.186018258      -4.77175377E-02 -0.500000000    
          24          16  0.182272390      -4.74196747E-02 -0.500000000    
          24          17  0.181612208      -4.73756827E-02 -0.500000000    
          24          18  0.184399605      -4.72053662E-02 -0.500000000    
          24          19  0.189770296      -4.73231524E-02 -0.500000000    
          24          20  0.195436701      -4.93579023E-02 -0.500000000    
          24          21  0.197175220      -5.26166297E-02 -0.500000000    
          24          22  0.199118122      -4.60191928E-02 -0.500000000    
          24          23  0.193840683      -3.37785669E-02 -0.500000000    
          24          24  0.255665243      -3.51794921E-02 -0.500000000    
          24          25  0.270809740      -3.63041759E-02 -0.500000000    
          24          26  0.118776992      -2.84798797E-02 -0.500000000    
          24          27  -2.75254976E-02  -1.14613734E-02 -0.500000000    
          24          28  -8.51763561E-02   9.06611700E-03 -0.500000000    
          24          29  -6.68596057E-03   2.95410994E-02 -0.500000000    
          24          30  0.132310987       5.18970005E-02 -0.500000000    
          24          31  0.277778715       7.32205510E-02 -0.500000000    
          24          32  0.477071643       9.35928747E-02 -0.500000000    
          24          33  0.659607053      0.108318456     -0.500000000    
          25           1   1.00506890      0.113690555     -0.500000000    
          25           2  0.724509656      0.119020022     -0.500000000    
          25           3  0.338481307      0.107782692     -0.500000000    
          25           4   1.48071079E-02   7.72143975E-02 -0.500000000    
          25           5 -0.119365938       4.01992612E-02 -0.500000000    
          25           6  -6.40781447E-02   8.69092997E-03 -0.500000000    
          25           7   9.13100466E-02  -1.86991934E-02 -0.500000000    
          25           8  0.273625612      -3.65035608E-02 -0.500000000    
          25           9  0.346424162      -4.26938981E-02 -0.500000000    
          25          10  0.256191105      -3.86327095E-02 -0.500000000    
          25          11  0.186380804      -3.88797112E-02 -0.500000000    
          25          12  0.163816020      -4.89290431E-02 -0.500000000    
          25          13  0.137309179      -4.99742553E-02 -0.500000000    
          25          14  0.118198179      -4.55262251E-02 -0.500000000    
          25          15  0.102605075      -4.34779488E-02 -0.500000000    
          25          16   9.35820416E-02  -4.30517383E-02 -0.500000000    
          25          17   9.24849883E-02  -4.29956764E-02 -0.500000000    
          25          18   9.85289365E-02  -4.30331863E-02 -0.500000000    
          25          19  0.112417638      -4.34442647E-02 -0.500000000    
          25          20  0.132581487      -4.56817634E-02 -0.500000000    
          25          21  0.154441893      -5.08520529E-02 -0.500000000    
          25          22  0.181103483      -4.96125817E-02 -0.500000000    
          25          23  0.198073715      -3.74467671E-02 -0.500000000    
          25          24  0.270808220      -3.63040343E-02 -0.500000000    
          25          25  0.357519388      -3.93846966E-02 -0.500000000    
          25          26  0.261252314      -3.24090645E-02 -0.500000000    
          25          27   7.37470388E-02  -1.30971670E-02 -0.500000000    
          25          28  -7.93592632E-02   1.54014342E-02 -0.500000000    
          25          29  -8.35063085E-02   4.71703410E-02 -0.500000000    
          25          30  0.143740639       7.90727064E-02 -0.500000000    
          25          31  0.437678367       9.79505181E-02 -0.500000000    
          25          32  0.739005923       9.95287076E-02 -0.500000000    
          25          33  0.962805271       9.32194963E-02 -0.500000000    
          26           1  0.761381984      0.182363033     -0.500000000    
          26           2  0.637483597      0.157610059     -0.500000000    
          26           3  0.217234060      0.121541850     -0.500000000    
          26           4  -6.55419976E-02   7.68716633E-02 -0.500000000    
          26           5  -3.03411186E-02   3.80212888E-02 -0.500000000    
          26           6   6.69609830E-02   7.95473717E-03 -0.500000000    
          26           7  0.159598440      -1.57026965E-02 -0.500000000    
          26           8  0.267087966      -3.03948205E-02 -0.500000000    
          26           9  0.225869611      -3.44494097E-02 -0.500000000    
          26          10   9.61517692E-02  -2.92987730E-02 -0.500000000    
          26          11   4.87040542E-02  -3.25660184E-02 -0.500000000    
          26          12   2.80234199E-02  -3.98508832E-02 -0.500000000    
          26          13   1.19195022E-02  -3.58962454E-02 -0.500000000    
          26          14   1.80993695E-03  -3.04196589E-02 -0.500000000    
          26          15  -5.44244051E-03  -2.82630920E-02 -0.500000000    
          26          16  -9.16459784E-03  -2.76397113E-02 -0.500000000    
          26          17  -9.52060334E-03  -2.75590625E-02 -0.500000000    
          26          18  -7.25403894E-03  -2.78348066E-02 -0.500000000    
          26          19  -1.13847363E-03  -2.86468007E-02 -0.500000000    
          26          20   9.36153531E-03  -3.11130192E-02 -0.500000000    
          26          21   2.32474487E-02  -3.74456681E-02 -0.500000000    
          26          22   4.33879308E-02  -4.20523994E-02 -0.500000000    
          26          23   6.53078705E-02  -3.31065170E-02 -0.500000000    
          26          24  0.118774101      -2.84795705E-02 -0.500000000    
          26          25  0.261249661      -3.24088261E-02 -0.500000000    
          26          26  0.290537030      -2.72258930E-02 -0.500000000    
          26          27  0.181847692      -1.08535476E-02 -0.500000000    
          26          28   7.24089816E-02   1.59460790E-02 -0.500000000    
          26          29  -6.88440427E-02   5.02048470E-02 -0.500000000    
          26          30  -4.17678207E-02   9.02255774E-02 -0.500000000    
          26          31  0.327654213      0.124717809     -0.500000000    
          26          32  0.669475496      0.148556903     -0.500000000    
          26          33  0.794239581      0.163927838     -0.500000000    
          27           1  0.271257192      0.199405655     -0.500000000    
          27           2  0.106586039      0.174884826     -0.500000000    
          27           3  -5.48278764E-02  0.130134940     -0.500000000    
          27           4   8.16069767E-02   7.48391300E-02 -0.500000000    
          27           5  0.193101376       3.48106399E-02 -0.500000000    
          27           6  0.200872988       8.49295594E-03 -0.500000000    
          27           7  0.173554927      -6.44510332E-03 -0.500000000    
          27           8  0.143406406      -1.22653069E-02 -0.500000000    
          27           9   4.96320203E-02  -1.35935694E-02 -0.500000000    
          27          10  -3.70884389E-02  -1.07667204E-02 -0.500000000    
          27          11  -4.18414250E-02  -1.74840912E-02 -0.500000000    
          27          12  -4.13376465E-02  -2.02079639E-02 -0.500000000    
          27          13  -3.22990417E-02  -1.31390290E-02 -0.500000000    
          27          14  -2.33952440E-02  -8.23608413E-03 -0.500000000    
          27          15  -1.66706145E-02  -6.57625217E-03 -0.500000000    
          27          16  -1.24122454E-02  -6.06087735E-03 -0.500000000    
          27          17  -1.18353907E-02  -5.99410664E-03 -0.500000000    
          27          18  -1.49164824E-02  -6.26722677E-03 -0.500000000    
          27          19  -2.11616624E-02  -6.99053891E-03 -0.500000000    
          27          20  -2.87292395E-02  -8.93827807E-03 -0.500000000    
          27          21  -3.65599915E-02  -1.46211479E-02 -0.500000000    
          27          22  -4.22751978E-02  -2.29831487E-02 -0.500000000    
          27          23  -3.73151414E-02  -1.97133776E-02 -0.500000000    
          27          24  -2.75281463E-02  -1.14610912E-02 -0.500000000    
          27          25   7.37429634E-02  -1.30969305E-02 -0.500000000    
          27          26  0.181844518      -1.08534023E-02 -0.500000000    
          27          27  0.224885136      -3.69922537E-03 -0.500000000    
          27          28  0.258924842       1.54228965E-02 -0.500000000    
          27          29  0.210164592       4.63301502E-02 -0.500000000    
          27          30   1.40244151E-02   8.96323994E-02 -0.500000000    
          27          31  -6.44308925E-02  0.143416941     -0.500000000    
          27          32   6.42038882E-02  0.182334557     -0.500000000    
          27          33  0.141102061      0.200665250     -0.500000000    
          28           1  0.166153386      0.178016350     -0.500000000    
          28           2   9.12739560E-02  0.162001029     -0.500000000    
          28           3  -3.29841040E-02  0.130126268     -0.500000000    
          28           4  0.129715785       8.94602090E-02 -0.500000000    
          28           5  0.510573626       4.78772894E-02 -0.500000000    
          28           6  0.390709221       2.23910511E-02 -0.500000000    
          28           7  0.184578076       1.44733107E-02 -0.500000000    
          28           8   2.89080944E-02   1.54462587E-02 -0.500000000    
          28           9  -7.84871951E-02   1.50321703E-02 -0.500000000    
          28          10  -7.39456117E-02   1.01204440E-02 -0.500000000    
          28          11  -3.99647243E-02   7.19690172E-04 -0.500000000    
          28          12  -1.04120662E-02   3.36348498E-03 -0.500000000    
          28          13   2.00618692E-02   1.12701366E-02 -0.500000000    
          28          14   4.14385088E-02   1.49090877E-02 -0.500000000    
          28          15   5.58693931E-02   1.60644520E-02 -0.500000000    
          28          16   6.36098832E-02   1.64722409E-02 -0.500000000    
          28          17   6.47630617E-02   1.65274832E-02 -0.500000000    
          28          18   5.91466799E-02   1.62800588E-02 -0.500000000    
          28          19   4.68434729E-02   1.56918038E-02 -0.500000000    
          28          20   2.78932657E-02   1.43430782E-02 -0.500000000    
          28          21   2.62474176E-03   1.02193393E-02 -0.500000000    
          28          22  -3.02086845E-02   1.02782901E-03 -0.500000000    
          28          23  -5.74519597E-02  -2.06866302E-03 -0.500000000    
          28          24  -8.51757824E-02   9.06619523E-03 -0.500000000    
          28          25  -7.93624520E-02   1.54016074E-02 -0.500000000    
          28          26   7.24026784E-02   1.59460362E-02 -0.500000000    
          28          27  0.258919805       1.54227959E-02 -0.500000000    
          28          28  0.485900849       2.68099625E-02 -0.500000000    
          28          29  0.532312393       5.55693358E-02 -0.500000000    
          28          30   9.33921561E-02  0.100043684     -0.500000000    
          28          31  -7.94816539E-02  0.143562734     -0.500000000    
          28          32   1.04774507E-02  0.172276080     -0.500000000    
          28          33  -2.10571103E-04  0.182837427     -0.500000000    
          29           1  0.177230045      0.178742662     -0.500000000    
          29           2  -3.76264453E-02  0.170034558     -0.500000000    
          29           3 -0.143810600      0.149497464     -0.500000000    
          29           4  0.113437004      0.118677527     -0.500000000    
          29           5  0.409633011       7.98372328E-02 -0.500000000    
          29           6  0.399782717       5.31558059E-02 -0.500000000    
          29           7  0.125479862       4.53076921E-02 -0.500000000    
          29           8  -8.10955241E-02   4.94770370E-02 -0.500000000    
          29           9  -6.83819056E-02   4.63574007E-02 -0.500000000    
          29          10   4.86888224E-03   3.10824569E-02 -0.500000000    
          29          11   2.59933472E-02   2.40302961E-02 -0.500000000    
          29          12   5.17863818E-02   3.23629640E-02 -0.500000000    
          29          13   7.28070587E-02   3.96105014E-02 -0.500000000    
          29          14   8.56226385E-02   4.21124212E-02 -0.500000000    
          29          15   9.42281187E-02   4.29267809E-02 -0.500000000    
          29          16   9.86428335E-02   4.32521887E-02 -0.500000000    
          29          17   9.92491394E-02   4.32932861E-02 -0.500000000    
          29          18   9.61162522E-02   4.30855490E-02 -0.500000000    
          29          19   8.89552161E-02   4.25911359E-02 -0.500000000    
          29          20   7.70296231E-02   4.15945947E-02 -0.500000000    
          29          21   6.06425144E-02   3.87611799E-02 -0.500000000    
          29          22   3.58869210E-02   3.04523781E-02 -0.500000000    
          29          23   8.32268409E-03   2.08746232E-02 -0.500000000    
          29          24  -6.68183435E-03   2.95415092E-02 -0.500000000    
          29          25  -8.35057423E-02   4.71704602E-02 -0.500000000    
          29          26  -6.88478649E-02   5.02046943E-02 -0.500000000    
          29          27  0.210156083       4.63298075E-02 -0.500000000    
          29          28  0.532305777       5.55690676E-02 -0.500000000    
          29          29  0.444705665       8.32835808E-02 -0.500000000    
          29          30  0.113222532      0.123491324     -0.500000000    
          29          31  -7.38988295E-02  0.159245923     -0.500000000    
          29          32   5.44542186E-02  0.181294873     -0.500000000    
          29          33  0.187941313      0.188694939     -0.500000000    
          30           1  0.438808709      0.183352858     -0.500000000    
          30           2  0.194109336      0.177796394     -0.500000000    
          30           3  -7.34993592E-02  0.163440436     -0.500000000    
          30           4  -2.69229002E-02  0.144850776     -0.500000000    
          30           5   6.85459003E-02  0.120775811     -0.500000000    
          30           6   2.23946385E-02   9.87497345E-02 -0.500000000    
          30           7  -8.90684500E-03   8.75993297E-02 -0.500000000    
          30           8  -5.18590361E-02   8.91057625E-02 -0.500000000    
          30           9  0.120870590       7.76829123E-02 -0.500000000    
          30          10  0.112141058       5.37870824E-02 -0.500000000    
          30          11   7.60351866E-02   5.39144278E-02 -0.500000000    
          30          12   7.37404972E-02   6.43907562E-02 -0.500000000    
          30          13   7.33144358E-02   6.90371320E-02 -0.500000000    
          30          14   7.43316114E-02   7.00540692E-02 -0.500000000    
          30          15   7.56665543E-02   7.02390745E-02 -0.500000000    
          30          16   7.66478553E-02   7.02774972E-02 -0.500000000    
          30          17   7.66661987E-02   7.02809542E-02 -0.500000000    
          30          18   7.61457607E-02   7.02634603E-02 -0.500000000    
          30          19   7.47435093E-02   7.01977164E-02 -0.500000000    
          30          20   7.30862841E-02   6.99584112E-02 -0.500000000    
          30          21   7.21832365E-02   6.87955096E-02 -0.500000000    
          30          22   7.36128539E-02   6.34842217E-02 -0.500000000    
          30          23   7.94838443E-02   5.14123887E-02 -0.500000000    
          30          24  0.132316336       5.18986024E-02 -0.500000000    
          30          25  0.143745616       7.90734738E-02 -0.500000000    
          30          26  -4.17632163E-02   9.02256221E-02 -0.500000000    
          30          27   1.40231289E-02   8.96321535E-02 -0.500000000    
          30          28   9.33803320E-02  0.100043356     -0.500000000    
          30          29  0.113213368      0.123491235     -0.500000000    
          30          30   6.24869857E-03  0.148379430     -0.500000000    
          30          31  0.112731755      0.168257445     -0.500000000    
          30          32  0.430310369      0.181500241     -0.500000000    
          30          33  0.612075329      0.186293125     -0.500000000    
          31           1  0.783752918      0.172868952     -0.500000000    
          31           2  0.610402942      0.172161788     -0.500000000    
          31           3  0.288189173      0.171118587     -0.500000000    
          31           4  -5.49834818E-02  0.167286202     -0.500000000    
          31           5 -0.119390726      0.153331518     -0.500000000    
          31           6  -6.24965839E-02  0.138473883     -0.500000000    
          31           7  -6.09882250E-02  0.141906783     -0.500000000    
          31           8  0.315460742      0.123480015     -0.500000000    
          31           9  0.397439241       9.64473411E-02 -0.500000000    
          31          10  0.246320918       7.54939318E-02 -0.500000000    
          31          11  0.179436773       8.49219933E-02 -0.500000000    
          31          12  0.158033639       9.42619219E-02 -0.500000000    
          31          13  0.147731230       9.68123749E-02 -0.500000000    
          31          14  0.142452821       9.71923247E-02 -0.500000000    
          31          15  0.139850751       9.71896276E-02 -0.500000000    
          31          16  0.138352573       9.71524268E-02 -0.500000000    
          31          17  0.138242453       9.71427411E-02 -0.500000000    
          31          18  0.139121890       9.71784815E-02 -0.500000000    
          31          19  0.141597807       9.72216278E-02 -0.500000000    
          31          20  0.145301327       9.71892998E-02 -0.500000000    
          31          21  0.152023107       9.67143700E-02 -0.500000000    
          31          22  0.164751247       9.38097462E-02 -0.500000000    
          31          23  0.191382170       8.31868127E-02 -0.500000000    
          31          24  0.277787060       7.32233673E-02 -0.500000000    
          31          25  0.437690347       9.79523212E-02 -0.500000000    
          31          26  0.327670872      0.124718554     -0.500000000    
          31          27  -6.44195229E-02  0.143416867     -0.500000000    
          31          28  -7.94781074E-02  0.143561929     -0.500000000    
          31          29  -7.39110559E-02  0.159245402     -0.500000000    
          31          30  0.112723999      0.168257326     -0.500000000    
          31          31  0.458255142      0.169283628     -0.500000000    
          31          32  0.717110395      0.171046719     -0.500000000    
          31          33  0.846294522      0.172161326     -0.500000000    
          32           1  0.916347325      0.165526450     -0.500000000    
          32           2  0.831145465      0.167552829     -0.500000000    
          32           3  0.652926385      0.174741238     -0.500000000    
          32           4  0.252523214      0.182036355     -0.500000000    
          32           5  -2.34213471E-02  0.173460558     -0.500000000    
          32           6   3.29257399E-02  0.167264953     -0.500000000    
          32           7  0.115241855      0.184875220     -0.500000000    
          32           8  0.736083746      0.145494923     -0.500000000    
          32           9  0.710104465       9.94843543E-02 -0.500000000    
          32          10  0.464694083       9.65070426E-02 -0.500000000    
          32          11  0.399517447      0.112138584     -0.500000000    
          32          12  0.385645509      0.119026452     -0.500000000    
          32          13  0.382884830      0.120635696     -0.500000000    
          32          14  0.381378621      0.121012166     -0.500000000    
          32          15  0.380041629      0.121108346     -0.500000000    
          32          16  0.378956497      0.121119671     -0.500000000    
          32          17  0.378988653      0.121121697     -0.500000000    
          32          18  0.379505217      0.121115379     -0.500000000    
          32          19  0.381007165      0.121066459     -0.500000000    
          32          20  0.382587254      0.120872065     -0.500000000    
          32          21  0.383717120      0.120316535     -0.500000000    
          32          22  0.385796458      0.118391156     -0.500000000    
          32          23  0.400660694      0.110605761     -0.500000000    
          32          24  0.477078140       9.35967043E-02 -0.500000000    
          32          25  0.739018440       9.95313749E-02 -0.500000000    
          32          26  0.669502437      0.148558035     -0.500000000    
          32          27   6.42262325E-02  0.182335198     -0.500000000    
          32          28   1.04921944E-02  0.172275364     -0.500000000    
          32          29   5.44429645E-02  0.181294024     -0.500000000    
          32          30  0.430295825      0.181500062     -0.500000000    
          32          31  0.717106402      0.171046659     -0.500000000    
          32          32  0.836457253      0.164179370     -0.500000000    
          32          33  0.904193282      0.162065640     -0.500000000    
          33           1  0.963906884      0.164281353     -0.500000000    
          33           2  0.924257994      0.166166246     -0.500000000    
          33           3  0.812652767      0.175128162     -0.500000000    
          33           4  0.471157044      0.185644880     -0.500000000    
          33           5  0.112130284      0.178522661     -0.500000000    
          33           6   5.69340661E-02  0.178642824     -0.500000000    
          33           7  0.224036574      0.205643758     -0.500000000    
          33           8  0.908580065      0.158073723     -0.500000000    
          33           9  0.935955763       9.48325172E-02 -0.500000000    
          33          10  0.663275778      0.111159265     -0.500000000    
          33          11  0.600763261      0.127505690     -0.500000000    
          33          12  0.605405569      0.131882474     -0.500000000    
          33          13  0.616181314      0.132666215     -0.500000000    
          33          14  0.622730136      0.132728025     -0.500000000    
          33          15  0.626210809      0.132631898     -0.500000000    
          33          16  0.627926528      0.132542059     -0.500000000    
          33          17  0.628103852      0.132526338     -0.500000000    
          33          18  0.627000213      0.132597223     -0.500000000    
          33          19  0.624129057      0.132703498     -0.500000000    
          33          20  0.619062662      0.132740229     -0.500000000    
          33          21  0.610231161      0.132510200     -0.500000000    
          33          22  0.595999479      0.131405577     -0.500000000    
          33          23  0.588441491      0.126317143     -0.500000000    
          33          24  0.659605563      0.108322844     -0.500000000    
          33          25  0.962810218       9.32226107E-02 -0.500000000    
          33          26  0.794265509      0.163929015     -0.500000000    
          33          27  0.141129062      0.200666368     -0.500000000    
          33          28  -1.89336948E-04  0.182836980     -0.500000000    
          33          29  0.187933981      0.188694075     -0.500000000    
          33          30  0.612060130      0.186293006     -0.500000000    
          33          31  0.846289814      0.172161236     -0.500000000    
          33          32  0.904192448      0.162065506     -0.500000000    
          33          33  0.914185405      0.158331037     -0.500000000    
