           1           1 -0.226097971      0.109251849     -0.500000000    
           1           2  -6.33691326E-02   7.15321973E-02 -0.500000000    
           1           3   1.22623136E-02   6.19278438E-02 -0.500000000    
           1           4   3.71219330E-02   5.38481362E-02 -0.500000000    
           1           5  -4.19608690E-02   3.33848037E-02 -0.500000000    
           1           6 -0.104671709       9.37152002E-03 -0.500000000    
           1           7  -9.66745168E-02  -1.06024332E-02 -0.500000000    
           1           8  -3.20590772E-02  -2.77068540E-02 -0.500000000    
           1           9  -1.80449244E-02  -3.40725482E-02 -0.500000000    
           1          10 -0.257082880       1.38822827E-03 -0.500000000    
           1          11 -0.239130005       1.65308323E-02 -0.500000000    
           1          12  0.132241607      -5.10255285E-02 -0.500000000    
           1          13   5.77884279E-02  -7.89718628E-02 -0.500000000    
           1          14   4.97053340E-02  -7.39877373E-02 -0.500000000    
           1          15   6.05149902E-02  -6.94884807E-02 -0.500000000    
           1          16   6.85261190E-02  -6.91478029E-02 -0.500000000    
           1          17   6.95141256E-02  -6.91156015E-02 -0.500000000    
           1          18   6.30265698E-02  -6.82538152E-02 -0.500000000    
           1          19   4.99879830E-02  -6.78570420E-02 -0.500000000    
           1          20   3.62170152E-02  -7.23055229E-02 -0.500000000    
           1          21   5.48486151E-02  -7.70995468E-02 -0.500000000    
           1          22  0.153863296      -4.49443981E-02 -0.500000000    
           1          23 -0.237438351       2.57495530E-02 -0.500000000    
           1          24 -0.237119198       5.99615555E-03 -0.500000000    
           1          25  -4.15961556E-02  -1.95209850E-02 -0.500000000    
           1          26  -5.93511499E-02  -1.01384139E-02 -0.500000000    
           1          27 -0.103542998       6.56749913E-03 -0.500000000    
           1          28  -6.46856576E-02   2.76989918E-02 -0.500000000    
           1          29   4.86505926E-02   5.41837364E-02 -0.500000000    
           1          30  0.124797851       7.50739351E-02 -0.500000000    
           1          31   5.62638007E-02   8.32208470E-02 -0.500000000    
           1          32  -7.44750127E-02   9.98601317E-02 -0.500000000    
           1          33   5.21195531E-02  0.129110992     -0.500000000    
           2           1  -6.33729175E-02   7.15315044E-02 -0.500000000    
           2           2  0.124928847       6.15957677E-02 -0.500000000    
           2           3  0.162630275       5.83928525E-02 -0.500000000    
           2           4  0.116068155       5.06649688E-02 -0.500000000    
           2           5   1.28973033E-02   3.51863578E-02 -0.500000000    
           2           6  -6.73458576E-02   1.70870498E-02 -0.500000000    
           2           7  -5.27761430E-02   1.11814414E-03 -0.500000000    
           2           8  -1.12353768E-02  -1.32351900E-02 -0.500000000    
           2           9   6.36468232E-02  -2.03588847E-02 -0.500000000    
           2          10  -3.61952260E-02  -3.44691612E-03 -0.500000000    
           2          11  -6.97225779E-02   2.72091734E-03 -0.500000000    
           2          12  0.147128537      -2.97436379E-02 -0.500000000    
           2          13   2.05126628E-02  -5.53750210E-02 -0.500000000    
           2          14  -2.28793193E-02  -5.95817268E-02 -0.500000000    
           2          15  -2.62319669E-02  -5.48910983E-02 -0.500000000    
           2          16  -2.51097847E-02  -5.30914664E-02 -0.500000000    
           2          17  -2.51291972E-02  -5.27396500E-02 -0.500000000    
           2          18  -2.59303581E-02  -5.25088534E-02 -0.500000000    
           2          19  -2.73824222E-02  -5.40305041E-02 -0.500000000    
           2          20  -2.22251955E-02  -5.89549989E-02 -0.500000000    
           2          21   3.63063142E-02  -5.31303920E-02 -0.500000000    
           2          22  0.186105669      -2.41016708E-02 -0.500000000    
           2          23  -9.41843018E-02   9.76785179E-03 -0.500000000    
           2          24   1.14311697E-03  -1.12706202E-03 -0.500000000    
           2          25   6.64743483E-02  -1.04469415E-02 -0.500000000    
           2          26   1.80303063E-02  -9.10868053E-04 -0.500000000    
           2          27  -7.76882609E-03   1.48937898E-02 -0.500000000    
           2          28   3.22258635E-03   3.37781794E-02 -0.500000000    
           2          29   9.70172137E-02   5.41432463E-02 -0.500000000    
           2          30  0.176521406       6.63297921E-02 -0.500000000    
           2          31  0.177418634       6.81745633E-02 -0.500000000    
           2          32   6.03800714E-02   7.18461201E-02 -0.500000000    
           2          33 -0.204374313       9.29174200E-02 -0.500000000    
           3           1   1.22579066E-02   6.19260818E-02 -0.500000000    
           3           2  0.162627921       5.83917350E-02 -0.500000000    
           3           3  0.254513502       5.17319068E-02 -0.500000000    
           3           4  0.260786772       4.30506803E-02 -0.500000000    
           3           5  0.217581853       3.06279492E-02 -0.500000000    
           3           6  0.109469287       1.78329945E-02 -0.500000000    
           3           7   1.23811541E-02   1.07118199E-02 -0.500000000    
           3           8  -4.68574464E-02   7.67858466E-03 -0.500000000    
           3           9   4.93097305E-02   5.75575745E-04 -0.500000000    
           3          10   1.21328291E-02   8.64391774E-03 -0.500000000    
           3          11  0.185576960      -3.07408604E-03 -0.500000000    
           3          12   9.38594714E-02  -1.01529201E-02 -0.500000000    
           3          13   2.86503490E-02  -3.12904418E-02 -0.500000000    
           3          14  -1.05102814E-03  -4.45777960E-02 -0.500000000    
           3          15  -9.30932164E-03  -4.20777686E-02 -0.500000000    
           3          16  -1.05810817E-02  -3.88624333E-02 -0.500000000    
           3          17  -1.10299056E-02  -3.80379483E-02 -0.500000000    
           3          18  -9.34354775E-03  -3.85182686E-02 -0.500000000    
           3          19  -6.73276465E-03  -4.18544263E-02 -0.500000000    
           3          20   4.06856462E-03  -4.44223918E-02 -0.500000000    
           3          21   4.04153094E-02  -2.82428805E-02 -0.500000000    
           3          22  0.111039475      -4.78132442E-03 -0.500000000    
           3          23  0.189033374       1.90861837E-03 -0.500000000    
           3          24   4.49677929E-02   1.16976807E-02 -0.500000000    
           3          25   6.02903627E-02   9.05796513E-03 -0.500000000    
           3          26  -1.59038939E-02   1.66552644E-02 -0.500000000    
           3          27   4.42542806E-02   2.20657252E-02 -0.500000000    
           3          28  0.126152426       3.16693410E-02 -0.500000000    
           3          29  0.222137257       4.20492552E-02 -0.500000000    
           3          30  0.272327572       4.72414754E-02 -0.500000000    
           3          31  0.259618580       4.99356352E-02 -0.500000000    
           3          32  0.138696104       5.64527549E-02 -0.500000000    
           3          33   2.14839093E-02   6.03473224E-02 -0.500000000    
           4           1   3.71184461E-02   5.38459681E-02 -0.500000000    
           4           2  0.116067089       5.06629869E-02 -0.500000000    
           4           3  0.260787219       4.30495068E-02 -0.500000000    
           4           4  0.347904772       3.64787765E-02 -0.500000000    
           4           5  0.407683760       2.94295475E-02 -0.500000000    
           4           6  0.353389472       2.18512528E-02 -0.500000000    
           4           7  0.116699696       2.45594811E-02 -0.500000000    
           4           8  -5.12789115E-02   3.31170484E-02 -0.500000000    
           4           9   2.41886564E-02   2.29922570E-02 -0.500000000    
           4          10   5.70892580E-02   1.93039868E-02 -0.500000000    
           4          11  0.188787490       3.20180156E-03 -0.500000000    
           4          12   4.48108427E-02   2.93873833E-03 -0.500000000    
           4          13   1.55536598E-02  -9.99329984E-03 -0.500000000    
           4          14   9.87064652E-03  -2.62417756E-02 -0.500000000    
           4          15   3.13869445E-03  -2.81172898E-02 -0.500000000    
           4          16   2.88209296E-03  -2.43816450E-02 -0.500000000    
           4          17   3.10484110E-03  -2.30028853E-02 -0.500000000    
           4          18   3.58597562E-03  -2.42715534E-02 -0.500000000    
           4          19   4.47262544E-03  -2.83886846E-02 -0.500000000    
           4          20   1.28329135E-02  -2.59991791E-02 -0.500000000    
           4          21   1.85753275E-02  -6.63532736E-03 -0.500000000    
           4          22   5.29237390E-02   7.46883452E-03 -0.500000000    
           4          23  0.220496193       7.46623520E-03 -0.500000000    
           4          24   7.66283050E-02   2.35789306E-02 -0.500000000    
           4          25   4.20788676E-02   2.94485781E-02 -0.500000000    
           4          26  -3.32782939E-02   3.96753699E-02 -0.500000000    
           4          27  0.131103411       3.21657844E-02 -0.500000000    
           4          28  0.340735763       2.91464888E-02 -0.500000000    
           4          29  0.384019941       3.12649682E-02 -0.500000000    
           4          30  0.342547894       3.26420702E-02 -0.500000000    
           4          31  0.264409006       3.72597612E-02 -0.500000000    
           4          32  0.130068913       4.72924411E-02 -0.500000000    
           4          33  0.116567984       4.84552272E-02 -0.500000000    
           5           1  -4.19596918E-02   3.33827846E-02 -0.500000000    
           5           2   1.29003190E-02   3.51844355E-02 -0.500000000    
           5           3  0.217587009       3.06264423E-02 -0.500000000    
           5           4  0.407687575       2.94287242E-02 -0.500000000    
           5           5  0.556788206       3.07966638E-02 -0.500000000    
           5           6  0.548826516       3.32313776E-02 -0.500000000    
           5           7  0.273957640       4.36993577E-02 -0.500000000    
           5           8   2.23318450E-02   5.08611947E-02 -0.500000000    
           5           9  -4.01496030E-02   4.09055762E-02 -0.500000000    
           5          10   1.36766117E-02   2.19504498E-02 -0.500000000    
           5          11   6.88052401E-02   1.10829240E-02 -0.500000000    
           5          12   1.77665725E-02   1.17779644E-02 -0.500000000    
           5          13  -4.40274179E-03   6.37449138E-03 -0.500000000    
           5          14  -3.91549338E-03  -6.69107959E-03 -0.500000000    
           5          15  -7.07189506E-03  -1.30333612E-02 -0.500000000    
           5          16  -6.63999049E-03  -1.01457555E-02 -0.500000000    
           5          17  -5.96675137E-03  -8.34795274E-03 -0.500000000    
           5          18  -6.91843033E-03  -1.03479344E-02 -0.500000000    
           5          19  -7.51006650E-03  -1.36815831E-02 -0.500000000    
           5          20  -3.92526947E-03  -6.16179407E-03 -0.500000000    
           5          21  -4.09289356E-03   9.37367138E-03 -0.500000000    
           5          22   2.67859697E-02   1.54496077E-02 -0.500000000    
           5          23   9.40719545E-02   1.42826391E-02 -0.500000000    
           5          24   3.88837270E-02   2.61420161E-02 -0.500000000    
           5          25  -3.83376442E-02   4.59755212E-02 -0.500000000    
           5          26   2.30246335E-02   5.52907549E-02 -0.500000000    
           5          27  0.302932948       4.53659035E-02 -0.500000000    
           5          28  0.558485925       3.19096483E-02 -0.500000000    
           5          29  0.538134992       2.49935947E-02 -0.500000000    
           5          30  0.388677835       2.16911808E-02 -0.500000000    
           5          31  0.210884273       2.64804475E-02 -0.500000000    
           5          32   6.22832514E-02   3.36302482E-02 -0.500000000    
           5          33   7.52504393E-02   2.88063921E-02 -0.500000000    
           6           1 -0.104669414       9.37007461E-03 -0.500000000    
           6           2  -6.73426390E-02   1.70857087E-02 -0.500000000    
           6           3  0.109475948       1.78317297E-02 -0.500000000    
           6           4  0.353398204       2.18500551E-02 -0.500000000    
           6           5  0.548831165       3.32305878E-02 -0.500000000    
           6           6  0.579136372       4.79624234E-02 -0.500000000    
           6           7  0.343978614       6.21520877E-02 -0.500000000    
           6           8   4.26479653E-02   6.18888587E-02 -0.500000000    
           6           9  -2.50532608E-02   4.53901999E-02 -0.500000000    
           6          10  -3.11985686E-02   2.43971739E-02 -0.500000000    
           6          11  -2.28150748E-02   1.95488911E-02 -0.500000000    
           6          12  -5.30662108E-03   1.81872658E-02 -0.500000000    
           6          13  -1.67712308E-02   1.78848021E-02 -0.500000000    
           6          14  -2.54124124E-02   1.12217618E-02 -0.500000000    
           6          15  -2.53996737E-02   2.30354560E-03 -0.500000000    
           6          16  -2.60837637E-02   3.05284909E-03 -0.500000000    
           6          17  -2.52226107E-02   4.86116158E-03 -0.500000000    
           6          18  -2.67439038E-02   2.50549382E-03 -0.500000000    
           6          19  -2.62141991E-02   1.47699076E-03 -0.500000000    
           6          20  -2.59845220E-02   1.19845411E-02 -0.500000000    
           6          21  -1.31790116E-02   2.00863630E-02 -0.500000000    
           6          22   6.98496960E-03   2.08256841E-02 -0.500000000    
           6          23  -3.97158088E-03   2.14065332E-02 -0.500000000    
           6          24  -9.88308620E-03   2.70889681E-02 -0.500000000    
           6          25  -2.60181148E-02   4.93941680E-02 -0.500000000    
           6          26   2.99787056E-02   6.40519336E-02 -0.500000000    
           6          27  0.378091693       6.00027218E-02 -0.500000000    
           6          28  0.588112772       4.10514064E-02 -0.500000000    
           6          29  0.513459563       2.40187664E-02 -0.500000000    
           6          30  0.301631302       1.58662014E-02 -0.500000000    
           6          31  0.108806685       1.74237471E-02 -0.500000000    
           6          32   7.45668495E-03   1.67697724E-02 -0.500000000    
           6          33  -5.70721505E-03   7.26109510E-03 -0.500000000    
           7           1  -9.66717005E-02  -1.06034782E-02 -0.500000000    
           7           2  -5.27732037E-02   1.11736939E-03 -0.500000000    
           7           3   1.23855816E-02   1.07111549E-02 -0.500000000    
           7           4  0.116707392       2.45585870E-02 -0.500000000    
           7           5  0.273965508       4.36983146E-02 -0.500000000    
           7           6  0.343982846       6.21513464E-02 -0.500000000    
           7           7  0.196947455       6.91266358E-02 -0.500000000    
           7           8  0.113756031       5.91318756E-02 -0.500000000    
           7           9  0.124196045       4.12134752E-02 -0.500000000    
           7          10   2.02941615E-02   2.92414576E-02 -0.500000000    
           7          11  -3.16356085E-02   2.39939094E-02 -0.500000000    
           7          12   1.23440176E-02   2.05353387E-02 -0.500000000    
           7          13   1.22593148E-02   2.39215847E-02 -0.500000000    
           7          14  -1.41199473E-02   2.43474003E-02 -0.500000000    
           7          15  -1.77864004E-02   1.56475455E-02 -0.500000000    
           7          16  -2.21390426E-02   1.37291206E-02 -0.500000000    
           7          17  -2.19856724E-02   1.49968807E-02 -0.500000000    
           7          18  -2.13240664E-02   1.28114894E-02 -0.500000000    
           7          19  -1.54248048E-02   1.47079173E-02 -0.500000000    
           7          20  -9.29927547E-03   2.49531623E-02 -0.500000000    
           7          21   2.56854109E-02   2.48580910E-02 -0.500000000    
           7          22   3.08261290E-02   2.15129312E-02 -0.500000000    
           7          23  -1.35411490E-02   2.39009410E-02 -0.500000000    
           7          24   3.17729339E-02   2.95748878E-02 -0.500000000    
           7          25  0.128418773       4.26465422E-02 -0.500000000    
           7          26   9.13394466E-02   5.94593436E-02 -0.500000000    
           7          27  0.196975499       6.48722947E-02 -0.500000000    
           7          28  0.307189405       5.40756583E-02 -0.500000000    
           7          29  0.206541687       3.66974324E-02 -0.500000000    
           7          30   9.16495100E-02   2.10950151E-02 -0.500000000    
           7          31   5.41821420E-02   9.80911497E-03 -0.500000000    
           7          32   1.76136959E-02   3.07294569E-04 -0.500000000    
           7          33  -5.99379465E-02  -1.10999271E-02 -0.500000000    
           8           1  -3.20556238E-02  -2.77073402E-02 -0.500000000    
           8           2  -1.12323221E-02  -1.32351443E-02 -0.500000000    
           8           3  -4.68535870E-02   7.67869502E-03 -0.500000000    
           8           4  -5.12726642E-02   3.31167467E-02 -0.500000000    
           8           5   2.23374702E-02   5.08604273E-02 -0.500000000    
           8           6   4.26519848E-02   6.18878156E-02 -0.500000000    
           8           7  0.113759354       5.91312088E-02 -0.500000000    
           8           8  0.268607408       4.48117368E-02 -0.500000000    
           8           9  0.242900893       3.68799344E-02 -0.500000000    
           8          10  0.150075302       2.90888939E-02 -0.500000000    
           8          11   3.52400094E-02   2.03674436E-02 -0.500000000    
           8          12   9.15683210E-02   1.49708474E-02 -0.500000000    
           8          13  0.118321031       2.06308346E-02 -0.500000000    
           8          14   8.63593444E-02   2.71621291E-02 -0.500000000    
           8          15   7.74163008E-02   2.09994297E-02 -0.500000000    
           8          16   7.05416352E-02   1.66485552E-02 -0.500000000    
           8          17   6.92197755E-02   1.68345794E-02 -0.500000000    
           8          18   7.29222074E-02   1.53981987E-02 -0.500000000    
           8          19   8.24280977E-02   1.99725106E-02 -0.500000000    
           8          20   9.51149464E-02   2.72731464E-02 -0.500000000    
           8          21  0.134438217       2.01919731E-02 -0.500000000    
           8          22  0.102515452       1.42033128E-02 -0.500000000    
           8          23   3.74209583E-02   1.88336447E-02 -0.500000000    
           8          24  0.141632110       2.77908556E-02 -0.500000000    
           8          25  0.224502891       3.64487618E-02 -0.500000000    
           8          26  0.242685586       4.42952439E-02 -0.500000000    
           8          27   8.58466327E-02   5.42510301E-02 -0.500000000    
           8          28   3.59255895E-02   5.20747751E-02 -0.500000000    
           8          29   3.56153175E-02   4.17842306E-02 -0.500000000    
           8          30   1.06589720E-02   2.65027694E-02 -0.500000000    
           8          31   3.46339308E-02   3.08747194E-03 -0.500000000    
           8          32   5.27854301E-02  -1.58531070E-02 -0.500000000    
           8          33  -2.60298476E-02  -2.77005862E-02 -0.500000000    
           9           1  -1.80405080E-02  -3.40720825E-02 -0.500000000    
           9           2   6.36520237E-02  -2.03580055E-02 -0.500000000    
           9           3   4.93189618E-02   5.76471561E-04 -0.500000000    
           9           4   2.41986793E-02   2.29927283E-02 -0.500000000    
           9           5  -4.01445776E-02   4.09051478E-02 -0.500000000    
           9           6  -2.50489265E-02   4.53890003E-02 -0.500000000    
           9           7  0.124201573       4.12123650E-02 -0.500000000    
           9           8  0.242904112       3.68795432E-02 -0.500000000    
           9           9  0.293123245       3.49427499E-02 -0.500000000    
           9          10  0.228332728       2.90208180E-02 -0.500000000    
           9          11   9.77349654E-02   1.58527102E-02 -0.500000000    
           9          12  0.134958848       8.06330703E-03 -0.500000000    
           9          13  0.197915122       1.30473133E-02 -0.500000000    
           9          14  0.186569706       2.27778647E-02 -0.500000000    
           9          15  0.180359170       1.97084062E-02 -0.500000000    
           9          16  0.177592307       1.32943047E-02 -0.500000000    
           9          17  0.175356299       1.19991377E-02 -0.500000000    
           9          18  0.178451955       1.20749995E-02 -0.500000000    
           9          19  0.181967422       1.91051625E-02 -0.500000000    
           9          20  0.190795317       2.29031779E-02 -0.500000000    
           9          21  0.203671157       1.22117586E-02 -0.500000000    
           9          22  0.127352938       6.58710999E-03 -0.500000000    
           9          23   7.92272761E-02   1.39722452E-02 -0.500000000    
           9          24  0.203010425       2.72107963E-02 -0.500000000    
           9          25  0.257935375       3.31461243E-02 -0.500000000    
           9          26  0.203963250       3.45694311E-02 -0.500000000    
           9          27   9.73985940E-02   3.51610780E-02 -0.500000000    
           9          28  -1.37149179E-02   3.53671126E-02 -0.500000000    
           9          29   2.09610481E-02   3.17004360E-02 -0.500000000    
           9          30  0.120658271       1.76192969E-02 -0.500000000    
           9          31  0.151650965      -2.84915790E-03 -0.500000000    
           9          32  0.119000755      -2.02370789E-02 -0.500000000    
           9          33  -9.67544839E-02  -2.48204768E-02 -0.500000000    
          10           1 -0.257073522       1.39052968E-03 -0.500000000    
          10           2  -3.61876749E-02  -3.44466465E-03 -0.500000000    
          10           3   1.21517889E-02   8.64564162E-03 -0.500000000    
          10           4   5.71081713E-02   1.93048846E-02 -0.500000000    
          10           5   1.36828534E-02   2.19501555E-02 -0.500000000    
          10           6  -3.11947931E-02   2.43960600E-02 -0.500000000    
          10           7   2.02995352E-02   2.92402618E-02 -0.500000000    
          10           8  0.150080189       2.90884152E-02 -0.500000000    
          10           9  0.228335351       2.90209334E-02 -0.500000000    
          10          10  0.214270651       2.38861609E-02 -0.500000000    
          10          11  0.127511725       1.12843849E-02 -0.500000000    
          10          12  0.120642453       3.12176673E-03 -0.500000000    
          10          13  0.198712558       6.62662787E-03 -0.500000000    
          10          14  0.214166284       1.79211721E-02 -0.500000000    
          10          15  0.211746812       1.83453895E-02 -0.500000000    
          10          16  0.214108586       1.09547749E-02 -0.500000000    
          10          17  0.211958095       8.18826165E-03 -0.500000000    
          10          18  0.213071138       9.88710858E-03 -0.500000000    
          10          19  0.209467962       1.80930365E-02 -0.500000000    
          10          20  0.213014185       1.78057626E-02 -0.500000000    
          10          21  0.193085864       5.19667007E-03 -0.500000000    
          10          22   9.81203243E-02   5.99752937E-04 -0.500000000    
          10          23   9.60274413E-02   8.31726566E-03 -0.500000000    
          10          24  0.176191851       2.09789127E-02 -0.500000000    
          10          25  0.188357428       2.56658252E-02 -0.500000000    
          10          26  0.112594195       2.51264181E-02 -0.500000000    
          10          27   2.92965397E-03   2.28898749E-02 -0.500000000    
          10          28  -6.53339596E-03   1.66614279E-02 -0.500000000    
          10          29   9.05406401E-02   1.55510511E-02 -0.500000000    
          10          30  0.178338498       1.75443124E-02 -0.500000000    
          10          31   7.04215243E-02   1.49891526E-02 -0.500000000    
          10          32  -9.72717479E-02   1.51727553E-02 -0.500000000    
          10          33 -0.262040317       2.88351849E-02 -0.500000000    
          11           1 -0.239063561       1.65344533E-02 -0.500000000    
          11           2  -6.96676895E-02   2.72368081E-03 -0.500000000    
          11           3  0.185611665      -3.07199196E-03 -0.500000000    
          11           4  0.188799202       3.20323068E-03 -0.500000000    
          11           5   6.88078105E-02   1.10831130E-02 -0.500000000    
          11           6  -2.28127316E-02   1.95479821E-02 -0.500000000    
          11           7  -3.16314399E-02   2.39925440E-02 -0.500000000    
          11           8   3.52439694E-02   2.03666408E-02 -0.500000000    
          11           9   9.77368206E-02   1.58529021E-02 -0.500000000    
          11          10  0.127512291       1.12846689E-02 -0.500000000    
          11          11   8.78090933E-02   1.81838521E-03 -0.500000000    
          11          12   5.30426614E-02  -6.36604149E-03 -0.500000000    
          11          13  0.127450153      -4.72115306E-03 -0.500000000    
          11          14  0.165550694       6.99589262E-03 -0.500000000    
          11          15  0.167691559       1.08257867E-02 -0.500000000    
          11          16  0.174198478       3.62879015E-03 -0.500000000    
          11          17  0.173059836      -2.94837431E-04 -0.500000000    
          11          18  0.171456859       2.66753859E-03 -0.500000000    
          11          19  0.161910772       1.06246341E-02 -0.500000000    
          11          20  0.158870801       6.33634441E-03 -0.500000000    
          11          21  0.111585610      -6.83398731E-03 -0.500000000    
          11          22   1.99238360E-02  -9.66345333E-03 -0.500000000    
          11          23   4.93671112E-02  -1.68409373E-03 -0.500000000    
          11          24   8.94623622E-02   8.16718023E-03 -0.500000000    
          11          25   7.76148736E-02   1.28497221E-02 -0.500000000    
          11          26   4.00272794E-02   1.65574402E-02 -0.500000000    
          11          27  -4.51373495E-03   1.81246288E-02 -0.500000000    
          11          28   1.37556493E-02   1.42146712E-02 -0.500000000    
          11          29  0.104128234       9.08223167E-03 -0.500000000    
          11          30  0.239628181       5.15704742E-03 -0.500000000    
          11          31  0.278584212       3.15536954E-03 -0.500000000    
          11          32  0.170396745       1.27390726E-02 -0.500000000    
          11          33  0.154677868       2.33533438E-02 -0.500000000    
          12           1  0.132212833      -5.10196425E-02 -0.500000000    
          12           2  0.147148505      -2.97395643E-02 -0.500000000    
          12           3   9.38728377E-02  -1.01498300E-02 -0.500000000    
          12           4   4.48130220E-02   2.94093485E-03 -0.500000000    
          12           5   1.77660547E-02   1.17787216E-02 -0.500000000    
          12           6  -5.30577125E-03   1.81865189E-02 -0.500000000    
          12           7   1.23489043E-02   2.05338467E-02 -0.500000000    
          12           8   9.15724412E-02   1.49697233E-02 -0.500000000    
          12           9  0.134958968       8.06329213E-03 -0.500000000    
          12          10  0.120640382       3.12206522E-03 -0.500000000    
          12          11   5.30401208E-02  -6.36606757E-03 -0.500000000    
          12          12  -2.48404723E-02  -1.62887201E-02 -0.500000000    
          12          13   2.09602918E-02  -1.76274441E-02 -0.500000000    
          12          14   5.93190715E-02  -7.30025396E-03 -0.500000000    
          12          15   5.76333441E-02  -1.45572773E-03 -0.500000000    
          12          16   6.33557662E-02  -8.15093331E-03 -0.500000000    
          12          17   6.26053661E-02  -1.28934663E-02 -0.500000000    
          12          18   6.11986108E-02  -8.85903183E-03 -0.500000000    
          12          19   5.37371412E-02  -1.39446789E-03 -0.500000000    
          12          20   5.68038449E-02  -7.93446414E-03 -0.500000000    
          12          21   1.24265784E-02  -1.94646399E-02 -0.500000000    
          12          22  -4.31507602E-02  -1.89752094E-02 -0.500000000    
          12          23   3.98877449E-02  -8.69653374E-03 -0.500000000    
          12          24  0.117483631       1.54000509E-03 -0.500000000    
          12          25  0.145541936       6.70108898E-03 -0.500000000    
          12          26  0.110451981       1.20678106E-02 -0.500000000    
          12          27   3.90262753E-02   1.48572316E-02 -0.500000000    
          12          28   2.08113063E-02   1.32213607E-02 -0.500000000    
          12          29   3.67121547E-02   1.04989158E-02 -0.500000000    
          12          30   8.29796642E-02   4.49333759E-03 -0.500000000    
          12          31  0.210962594      -9.61619057E-03 -0.500000000    
          12          32  0.309391797      -3.15358154E-02 -0.500000000    
          12          33  0.216065228      -4.95843068E-02 -0.500000000    
          13           1   5.76999597E-02  -7.89627880E-02 -0.500000000    
          13           2   2.04864368E-02  -5.53690866E-02 -0.500000000    
          13           3   2.86485776E-02  -3.12863663E-02 -0.500000000    
          13           4   1.55525804E-02  -9.99034476E-03 -0.500000000    
          13           5  -4.40503005E-03   6.37586555E-03 -0.500000000    
          13           6  -1.67715270E-02   1.78844631E-02 -0.500000000    
          13           7   1.22642871E-02   2.39200946E-02 -0.500000000    
          13           8  0.118326865       2.06294190E-02 -0.500000000    
          13           9  0.197916761       1.30469548E-02 -0.500000000    
          13          10  0.198710576       6.62673218E-03 -0.500000000    
          13          11  0.127446637      -4.72124387E-03 -0.500000000    
          13          12   2.09586248E-02  -1.76276602E-02 -0.500000000    
          13          13   4.30170186E-02  -2.25830320E-02 -0.500000000    
          13          14   7.48647898E-02  -1.47784539E-02 -0.500000000    
          13          15   6.37387186E-02  -8.38908181E-03 -0.500000000    
          13          16   6.38119355E-02  -1.48280216E-02 -0.500000000    
          13          17   6.26448318E-02  -2.01600082E-02 -0.500000000    
          13          18   6.46809191E-02  -1.50967753E-02 -0.500000000    
          13          19   6.59593642E-02  -7.71162566E-03 -0.500000000    
          13          20   8.05496722E-02  -1.47285424E-02 -0.500000000    
          13          21   4.24770936E-02  -2.33319867E-02 -0.500000000    
          13          22   1.19254859E-02  -1.87937133E-02 -0.500000000    
          13          23  0.122430906      -5.09456359E-03 -0.500000000    
          13          24  0.197826326       7.00084260E-03 -0.500000000    
          13          25  0.200028658       1.32471891E-02 -0.500000000    
          13          26  0.120302886       1.83923095E-02 -0.500000000    
          13          27   2.10611150E-02   1.81177426E-02 -0.500000000    
          13          28  -3.09654349E-03   1.16010848E-02 -0.500000000    
          13          29   1.69701576E-02   1.75644539E-03 -0.500000000    
          13          30   5.27010225E-02  -1.33583946E-02 -0.500000000    
          13          31   7.19007552E-02  -3.32596712E-02 -0.500000000    
          13          32   1.25936354E-02  -5.21348715E-02 -0.500000000    
          13          33  -9.59839523E-02  -6.47545457E-02 -0.500000000    
          14           1   4.95995022E-02  -7.39764720E-02 -0.500000000    
          14           2  -2.29215734E-02  -5.95743693E-02 -0.500000000    
          14           3  -1.05869223E-03  -4.45728749E-02 -0.500000000    
          14           4   9.86779388E-03  -2.62382310E-02 -0.500000000    
          14           5  -3.91873298E-03  -6.68924488E-03 -0.500000000    
          14           6  -2.54139341E-02   1.12217264E-02 -0.500000000    
          14           7  -1.41158849E-02   2.43459493E-02 -0.500000000    
          14           8   8.63661990E-02   2.71605831E-02 -0.500000000    
          14           9  0.186572567       2.27774233E-02 -0.500000000    
          14          10  0.214165539       1.79211404E-02 -0.500000000    
          14          11  0.165547922       6.99561415E-03 -0.500000000    
          14          12   5.93176968E-02  -7.30077736E-03 -0.500000000    
          14          13   7.48654976E-02  -1.47787323E-02 -0.500000000    
          14          14  0.115534782      -9.14064702E-03 -0.500000000    
          14          15  0.107642494      -2.65493407E-03 -0.500000000    
          14          16  0.107864775      -8.82663485E-03 -0.500000000    
          14          17  0.107366204      -1.45099852E-02 -0.500000000    
          14          18  0.108379997      -8.65686405E-03 -0.500000000    
          14          19  0.109057628      -1.39779656E-03 -0.500000000    
          14          20  0.118716441      -8.48276354E-03 -0.500000000    
          14          21   6.88699335E-02  -1.47867706E-02 -0.500000000    
          14          22   4.52147201E-02  -7.72672659E-03 -0.500000000    
          14          23  0.154406965       7.09398044E-03 -0.500000000    
          14          24  0.207135037       1.79577079E-02 -0.500000000    
          14          25  0.184229821       2.14562044E-02 -0.500000000    
          14          26   8.88584927E-02   2.20517907E-02 -0.500000000    
          14          27  -1.12568750E-03   1.51850786E-02 -0.500000000    
          14          28  -9.69461631E-03   2.20080186E-03 -0.500000000    
          14          29   1.32880900E-02  -1.19854705E-02 -0.500000000    
          14          30   3.34432311E-02  -2.67279930E-02 -0.500000000    
          14          31   1.77395921E-02  -3.98256145E-02 -0.500000000    
          14          32  -7.32866004E-02  -4.78788875E-02 -0.500000000    
          14          33 -0.165726855      -5.26009575E-02 -0.500000000    
          15           1   6.04022481E-02  -6.94760010E-02 -0.500000000    
          15           2  -2.62807384E-02  -5.48829958E-02 -0.500000000    
          15           3  -9.31957271E-03  -4.20723706E-02 -0.500000000    
          15           4   3.13498685E-03  -2.81134471E-02 -0.500000000    
          15           5  -7.07558822E-03  -1.30312154E-02 -0.500000000    
          15           6  -2.54020393E-02   2.30374909E-03 -0.500000000    
          15           7  -1.77830234E-02   1.56462342E-02 -0.500000000    
          15           8   7.74233639E-02   2.09979471E-02 -0.500000000    
          15           9  0.180362225       1.97080299E-02 -0.500000000    
          15          10  0.211746156       1.83455609E-02 -0.500000000    
          15          11  0.167688847       1.08255865E-02 -0.500000000    
          15          12   5.76318093E-02  -1.45605765E-03 -0.500000000    
          15          13   6.37395233E-02  -8.38937890E-03 -0.500000000    
          15          14  0.107642941      -2.65491754E-03 -0.500000000    
          15          15  0.102152400       4.89075854E-03 -0.500000000    
          15          16  0.102816783      -4.22396261E-04 -0.500000000    
          15          17  0.102696083      -6.17721071E-03 -0.500000000    
          15          18  0.102934465      -2.61886802E-04 -0.500000000    
          15          19  0.103075370       5.87626826E-03 -0.500000000    
          15          20  0.109800383      -2.61867396E-03 -0.500000000    
          15          21   5.66644073E-02  -9.33475792E-03 -0.500000000    
          15          22   4.46151569E-02  -3.17907007E-03 -0.500000000    
          15          23  0.158759430       9.21116024E-03 -0.500000000    
          15          24  0.208571047       1.62805021E-02 -0.500000000    
          15          25  0.181450561       1.62455868E-02 -0.500000000    
          15          26   8.15975592E-02   1.43032307E-02 -0.500000000    
          15          27  -5.84834395E-03   6.52143452E-03 -0.500000000    
          15          28  -1.32866334E-02  -4.56524268E-03 -0.500000000    
          15          29   7.42524397E-03  -1.46037806E-02 -0.500000000    
          15          30   2.54688039E-02  -2.47535836E-02 -0.500000000    
          15          31   6.10090978E-03  -3.47315371E-02 -0.500000000    
          15          32  -8.87325704E-02  -4.21548374E-02 -0.500000000    
          15          33 -0.174390689      -4.76814583E-02 -0.500000000    
          16           1   6.84108883E-02  -6.91348836E-02 -0.500000000    
          16           2  -2.51615345E-02  -5.30828647E-02 -0.500000000    
          16           3  -1.05920602E-02  -3.88567820E-02 -0.500000000    
          16           4   2.87814694E-03  -2.43775919E-02 -0.500000000    
          16           5  -6.64422428E-03  -1.01434542E-02 -0.500000000    
          16           6  -2.60865036E-02   3.05311847E-03 -0.500000000    
          16           7  -2.21362878E-02   1.37279099E-02 -0.500000000    
          16           8   7.05489665E-02   1.66470557E-02 -0.500000000    
          16           9  0.177595720       1.32938670E-02 -0.500000000    
          16          10  0.214108095       1.09549407E-02 -0.500000000    
          16          11  0.174195930       3.62864556E-03 -0.500000000    
          16          12   6.33540228E-02  -8.15126672E-03 -0.500000000    
          16          13   6.38126582E-02  -1.48282228E-02 -0.500000000    
          16          14  0.107865170      -8.82655568E-03 -0.500000000    
          16          15  0.102816820      -4.22325509E-04 -0.500000000    
          16          16  0.102713995      -5.02332533E-03 -0.500000000    
          16          17  0.102933131      -1.07507762E-02 -0.500000000    
          16          18  0.103036836      -5.00086136E-03 -0.500000000    
          16          19  0.104190513       1.95056433E-04 -0.500000000    
          16          20  0.110296972      -9.32078809E-03 -0.500000000    
          16          21   5.66573292E-02  -1.62886232E-02 -0.500000000    
          16          22   5.09877428E-02  -1.02046998E-02 -0.500000000    
          16          23  0.165546089       2.03993754E-03 -0.500000000    
          16          24  0.210921377       9.43719316E-03 -0.500000000    
          16          25  0.178396642       1.10017657E-02 -0.500000000    
          16          26   7.48440400E-02   1.16332900E-02 -0.500000000    
          16          27  -9.79871675E-03   6.63092593E-03 -0.500000000    
          16          28  -1.40010277E-02  -1.94262830E-03 -0.500000000    
          16          29   7.23778363E-03  -1.05865467E-02 -0.500000000    
          16          30   2.39198692E-02  -2.08525192E-02 -0.500000000    
          16          31   2.08035624E-03  -3.19682844E-02 -0.500000000    
          16          32  -9.33221579E-02  -4.08026241E-02 -0.500000000    
          16          33 -0.172652885      -4.73778099E-02 -0.500000000    
          17           1   6.93992153E-02  -6.91027716E-02 -0.500000000    
          17           2  -2.51811631E-02  -5.27311973E-02 -0.500000000    
          17           3  -1.10407770E-02  -3.80323902E-02 -0.500000000    
          17           4   3.10110697E-03  -2.29988880E-02 -0.500000000    
          17           5  -5.97076770E-03  -8.34562257E-03 -0.500000000    
          17           6  -2.52252724E-02   4.86147264E-03 -0.500000000    
          17           7  -2.19828058E-02   1.49956606E-02 -0.500000000    
          17           8   6.92270175E-02   1.68330278E-02 -0.500000000    
          17           9  0.175359845       1.19986497E-02 -0.500000000    
          17          10  0.211957484       8.18840694E-03 -0.500000000    
          17          11  0.173057169      -2.94951984E-04 -0.500000000    
          17          12   6.26038462E-02  -1.28939431E-02 -0.500000000    
          17          13   6.26456067E-02  -2.01602988E-02 -0.500000000    
          17          14  0.107366599      -1.45099740E-02 -0.500000000    
          17          15  0.102695979      -6.17714785E-03 -0.500000000    
          17          16  0.102933198      -1.07507510E-02 -0.500000000    
          17          17  0.103064090      -1.64809451E-02 -0.500000000    
          17          18  0.103139140      -1.07049337E-02 -0.500000000    
          17          19  0.103853971      -5.50171500E-03 -0.500000000    
          17          20  0.109425679      -1.48546109E-02 -0.500000000    
          17          21   5.51233143E-02  -2.13030037E-02 -0.500000000    
          17          22   4.99563664E-02  -1.44133065E-02 -0.500000000    
          17          23  0.164316639      -1.12205336E-03 -0.500000000    
          17          24  0.209175289       7.60187488E-03 -0.500000000    
          17          25  0.176840886       1.06606027E-02 -0.500000000    
          17          26   7.41619542E-02   1.25918603E-02 -0.500000000    
          17          27  -9.37830377E-03   8.35342146E-03 -0.500000000    
          17          28  -1.32437190E-02  -3.65786764E-05 -0.500000000    
          17          29   7.78124295E-03  -8.97616334E-03 -0.500000000    
          17          30   2.37909909E-02  -1.97840929E-02 -0.500000000    
          17          31   1.36440166E-03  -3.14076915E-02 -0.500000000    
          17          32  -9.36487466E-02  -4.06013057E-02 -0.500000000    
          17          33 -0.172140718      -4.73660491E-02 -0.500000000    
          18           1   6.29150495E-02  -6.82412684E-02 -0.500000000    
          18           2  -2.59795263E-02  -5.25007062E-02 -0.500000000    
          18           3  -9.35370103E-03  -3.85128446E-02 -0.500000000    
          18           4   3.58232693E-03  -2.42677629E-02 -0.500000000    
          18           5  -6.92209322E-03  -1.03458203E-02 -0.500000000    
          18           6  -2.67463662E-02   2.50569941E-03 -0.500000000    
          18           7  -2.13208813E-02   1.28101883E-02 -0.500000000    
          18           8   7.29296654E-02   1.53967245E-02 -0.500000000    
          18           9  0.178455487       1.20745590E-02 -0.500000000    
          18          10  0.213070571       9.88721848E-03 -0.500000000    
          18          11  0.171454281       2.66741659E-03 -0.500000000    
          18          12   6.11969419E-02  -8.85942113E-03 -0.500000000    
          18          13   6.46816939E-02  -1.50970239E-02 -0.500000000    
          18          14  0.108380519      -8.65685754E-03 -0.500000000    
          18          15  0.102934539      -2.61786277E-04 -0.500000000    
          18          16  0.103036813      -5.00087673E-03 -0.500000000    
          18          17  0.103139147      -1.07049709E-02 -0.500000000    
          18          18  0.103332996      -5.05484641E-03 -0.500000000    
          18          19  0.104202203       2.71621917E-04 -0.500000000    
          18          20  0.110838406      -9.24551580E-03 -0.500000000    
          18          21   5.76477163E-02  -1.66910440E-02 -0.500000000    
          18          22   4.84487154E-02  -1.10790692E-02 -0.500000000    
          18          23  0.162401840       9.10272414E-04 -0.500000000    
          18          24  0.209336251       8.25446565E-03 -0.500000000    
          18          25  0.178873315       9.76187643E-03 -0.500000000    
          18          26   7.70078823E-02   1.04811350E-02 -0.500000000    
          18          27  -8.82252771E-03   5.80020202E-03 -0.500000000    
          18          28  -1.39313107E-02  -2.46750819E-03 -0.500000000    
          18          29   7.76853180E-03  -1.08090090E-02 -0.500000000    
          18          30   2.53377911E-02  -2.07775198E-02 -0.500000000    
          18          31   4.36646538E-03  -3.16933170E-02 -0.500000000    
          18          32  -9.14865732E-02  -4.03703041E-02 -0.500000000    
          18          33 -0.174631074      -4.67666797E-02 -0.500000000    
          19           1   4.98828292E-02  -6.78455979E-02 -0.500000000    
          19           2  -2.74260044E-02  -5.40229604E-02 -0.500000000    
          19           3  -6.74165320E-03  -4.18494642E-02 -0.500000000    
          19           4   4.46923636E-03  -2.83852108E-02 -0.500000000    
          19           5  -7.51364511E-03  -1.36797382E-02 -0.500000000    
          19           6  -2.62159910E-02   1.47695409E-03 -0.500000000    
          19           7  -1.54209770E-02   1.47065362E-02 -0.500000000    
          19           8   8.24351087E-02   1.99710336E-02 -0.500000000    
          19           9  0.181970641       1.91047639E-02 -0.500000000    
          19          10  0.209467262       1.80930924E-02 -0.500000000    
          19          11  0.161907941       1.06244534E-02 -0.500000000    
          19          12   5.37356026E-02  -1.39494089E-03 -0.500000000    
          19          13   6.59600496E-02  -7.71192601E-03 -0.500000000    
          19          14  0.109058082      -1.39777362E-03 -0.500000000    
          19          15  0.103075363       5.87624824E-03 -0.500000000    
          19          16  0.104190454       1.94954438E-04 -0.500000000    
          19          17  0.103853904      -5.50181698E-03 -0.500000000    
          19          18  0.104202256       2.71502882E-04 -0.500000000    
          19          19  0.103701264       6.82005007E-03 -0.500000000    
          19          20  0.111112729      -1.36977085E-03 -0.500000000    
          19          21   5.90177178E-02  -8.72214418E-03 -0.500000000    
          19          22   3.99293266E-02  -3.26669146E-03 -0.500000000    
          19          23  0.152141958       8.78122263E-03 -0.500000000    
          19          24  0.205228269       1.57755762E-02 -0.500000000    
          19          25  0.182394296       1.54081946E-02 -0.500000000    
          19          26   8.62253308E-02   1.31300949E-02 -0.500000000    
          19          27  -3.33043770E-03   5.35047008E-03 -0.500000000    
          19          28  -1.29179107E-02  -5.70316147E-03 -0.500000000    
          19          29   8.39591585E-03  -1.54960817E-02 -0.500000000    
          19          30   2.82257926E-02  -2.51161288E-02 -0.500000000    
          19          31   1.07512791E-02  -3.45519744E-02 -0.500000000    
          19          32  -8.46307576E-02  -4.14827317E-02 -0.500000000    
          19          33 -0.177692562      -4.65465188E-02 -0.500000000    
          20           1   3.61222439E-02  -7.22954422E-02 -0.500000000    
          20           2  -2.22610384E-02  -5.89485429E-02 -0.500000000    
          20           3   4.06220695E-03  -4.44181114E-02 -0.500000000    
          20           4   1.28303654E-02  -2.59960201E-02 -0.500000000    
          20           5  -3.92796099E-03  -6.16029743E-03 -0.500000000    
          20           6  -2.59855185E-02   1.19842021E-02 -0.500000000    
          20           7  -9.29488428E-03   2.49517076E-02 -0.500000000    
          20           8   9.51215774E-02   2.72716321E-02 -0.500000000    
          20           9  0.190798029       2.29028072E-02 -0.500000000    
          20          10  0.213013366       1.78057235E-02 -0.500000000    
          20          11  0.158867970       6.33603102E-03 -0.500000000    
          20          12   5.68025671E-02  -7.93492328E-03 -0.500000000    
          20          13   8.05504322E-02  -1.47288423E-02 -0.500000000    
          20          14  0.118716463      -8.48275330E-03 -0.500000000    
          20          15  0.109799996      -2.61868956E-03 -0.500000000    
          20          16  0.110296585      -9.32088587E-03 -0.500000000    
          20          17  0.109425135      -1.48546984E-02 -0.500000000    
          20          18  0.110838041      -9.24560986E-03 -0.500000000    
          20          19  0.111112311      -1.36978389E-03 -0.500000000    
          20          20  0.122135729      -7.71704316E-03 -0.500000000    
          20          21   7.52518699E-02  -1.46408277E-02 -0.500000000    
          20          22   4.19598743E-02  -8.29826575E-03 -0.500000000    
          20          23  0.146560371       6.45889249E-03 -0.500000000    
          20          24  0.203989550       1.78989265E-02 -0.500000000    
          20          25  0.186664507       2.16542128E-02 -0.500000000    
          20          26   9.62878764E-02   2.22433787E-02 -0.500000000    
          20          27   3.46248969E-03   1.54988728E-02 -0.500000000    
          20          28  -8.42314679E-03   2.19738809E-03 -0.500000000    
          20          29   1.56308804E-02  -1.24255046E-02 -0.500000000    
          20          30   3.85087356E-02  -2.72763781E-02 -0.500000000    
          20          31   2.59890202E-02  -4.01513986E-02 -0.500000000    
          20          32  -6.43525794E-02  -4.76139635E-02 -0.500000000    
          20          33 -0.165886134      -5.15619181E-02 -0.500000000    
          21           1   5.47770448E-02  -7.70918205E-02 -0.500000000    
          21           2   3.62891220E-02  -5.31253628E-02 -0.500000000    
          21           3   4.04154994E-02  -2.82392893E-02 -0.500000000    
          21           4   1.85745433E-02  -6.63287845E-03 -0.500000000    
          21           5  -4.09451220E-03   9.37453657E-03 -0.500000000    
          21           6  -1.31785003E-02   2.00855676E-02 -0.500000000    
          21           7   2.56906748E-02   2.48563979E-02 -0.500000000    
          21           8  0.134444058       2.01906227E-02 -0.500000000    
          21           9  0.203672409       1.22114467E-02 -0.500000000    
          21          10  0.193083435       5.19670965E-03 -0.500000000    
          21          11  0.111582048      -6.83418196E-03 -0.500000000    
          21          12   1.24251070E-02  -1.94648448E-02 -0.500000000    
          21          13   4.24772166E-02  -2.33320408E-02 -0.500000000    
          21          14   6.88691810E-02  -1.47864772E-02 -0.500000000    
          21          15   5.66634908E-02  -9.33450181E-03 -0.500000000    
          21          16   5.66564351E-02  -1.62884668E-02 -0.500000000    
          21          17   5.51225506E-02  -2.13028397E-02 -0.500000000    
          21          18   5.76469265E-02  -1.66908838E-02 -0.500000000    
          21          19   5.90166934E-02  -8.72197840E-03 -0.500000000    
          21          20   7.52509981E-02  -1.46405967E-02 -0.500000000    
          21          21   4.38974127E-02  -2.40105372E-02 -0.500000000    
          21          22   4.28717211E-03  -2.05980148E-02 -0.500000000    
          21          23  0.106849328      -7.22995633E-03 -0.500000000    
          21          24  0.191601902       5.65493712E-03 -0.500000000    
          21          25  0.205248907       1.26470421E-02 -0.500000000    
          21          26  0.135391206       1.84003115E-02 -0.500000000    
          21          27   3.31171900E-02   1.92323923E-02 -0.500000000    
          21          28   1.11868349E-03   1.34079885E-02 -0.500000000    
          21          29   1.96902845E-02   3.85372480E-03 -0.500000000    
          21          30   6.09057359E-02  -1.12516684E-02 -0.500000000    
          21          31   9.25152376E-02  -3.17352526E-02 -0.500000000    
          21          32   4.50762361E-02  -5.14835753E-02 -0.500000000    
          21          33  -6.96197748E-02  -6.44638091E-02 -0.500000000    
          22           1  0.153860986      -4.49393764E-02 -0.500000000    
          22           2  0.186134815      -2.40982585E-02 -0.500000000    
          22           3  0.111054510      -4.77860868E-03 -0.500000000    
          22           4   5.29262237E-02   7.47055933E-03 -0.500000000    
          22           5   2.67857146E-02   1.54499244E-02 -0.500000000    
          22           6   6.98691048E-03   2.08246708E-02 -0.500000000    
          22           7   3.08313966E-02   2.15112772E-02 -0.500000000    
          22           8  0.102519169       1.42022939E-02 -0.500000000    
          22           9  0.127352178       6.58710813E-03 -0.500000000    
          22          10   9.81177241E-02   5.99941181E-04 -0.500000000    
          22          11   1.99215263E-02  -9.66347288E-03 -0.500000000    
          22          12  -4.31503654E-02  -1.89752784E-02 -0.500000000    
          22          13   1.19272470E-02  -1.87934432E-02 -0.500000000    
          22          14   4.52160239E-02  -7.72629445E-03 -0.500000000    
          22          15   4.46166806E-02  -3.17870360E-03 -0.500000000    
          22          16   5.09894937E-02  -1.02043180E-02 -0.500000000    
          22          17   4.99579385E-02  -1.44129256E-02 -0.500000000    
          22          18   4.84501161E-02  -1.10787284E-02 -0.500000000    
          22          19   3.99306379E-02  -3.26633803E-03 -0.500000000    
          22          20   4.19608206E-02  -8.29784386E-03 -0.500000000    
          22          21   4.28827200E-03  -2.05977987E-02 -0.500000000    
          22          22  -6.08987883E-02  -2.16532778E-02 -0.500000000    
          22          23   6.46393187E-03  -1.20624034E-02 -0.500000000    
          22          24   9.47864354E-02  -8.94614612E-04 -0.500000000    
          22          25  0.139315784       5.51941385E-03 -0.500000000    
          22          26  0.123369001       1.18828360E-02 -0.500000000    
          22          27   5.82765080E-02   1.62414722E-02 -0.500000000    
          22          28   3.36146019E-02   1.57263875E-02 -0.500000000    
          22          29   4.35757935E-02   1.37117524E-02 -0.500000000    
          22          30   8.92470777E-02   8.64482857E-03 -0.500000000    
          22          31  0.244246691      -4.78092907E-03 -0.500000000    
          22          32  0.383158594      -2.70941649E-02 -0.500000000    
          22          33  0.299527884      -4.53637280E-02 -0.500000000    
          23           1 -0.237368375       2.57527120E-02 -0.500000000    
          23           2  -9.41376239E-02   9.77042969E-03 -0.500000000    
          23           3  0.189062253       1.91055983E-03 -0.500000000    
          23           4  0.220506012       7.46722100E-03 -0.500000000    
          23           5   9.40742567E-02   1.42823504E-02 -0.500000000    
          23           6  -3.96905746E-03   2.14053355E-02 -0.500000000    
          23           7  -1.35368546E-02   2.38994230E-02 -0.500000000    
          23           8   3.74239460E-02   1.88329481E-02 -0.500000000    
          23           9   7.92280510E-02   1.39723802E-02 -0.500000000    
          23          10   9.60275903E-02   8.31744540E-03 -0.500000000    
          23          11   4.93672490E-02  -1.68418721E-03 -0.500000000    
          23          12   3.98904830E-02  -8.69665202E-03 -0.500000000    
          23          13  0.122434005      -5.09443739E-03 -0.500000000    
          23          14  0.154409260       7.09421793E-03 -0.500000000    
          23          15  0.158761963       9.21122264E-03 -0.500000000    
          23          16  0.165548488       2.04004673E-03 -0.500000000    
          23          17  0.164319038      -1.12190028E-03 -0.500000000    
          23          18  0.162404522       9.10453033E-04 -0.500000000    
          23          19  0.152144432       8.78136046E-03 -0.500000000    
          23          20  0.146562800       6.45908248E-03 -0.500000000    
          23          21  0.106852509      -7.22983479E-03 -0.500000000    
          23          22   6.46665227E-03  -1.20623549E-02 -0.500000000    
          23          23   7.56393606E-03  -5.41532412E-03 -0.500000000    
          23          24   5.35231233E-02   5.10603841E-03 -0.500000000    
          23          25   5.68393283E-02   1.11352261E-02 -0.500000000    
          23          26   4.32759002E-02   1.56596843E-02 -0.500000000    
          23          27   1.59812793E-02   1.87332109E-02 -0.500000000    
          23          28   3.57041657E-02   1.60374939E-02 -0.500000000    
          23          29  0.131168589       1.14071108E-02 -0.500000000    
          23          30  0.267846376       8.19716975E-03 -0.500000000    
          23          31  0.265976787       7.40880938E-03 -0.500000000    
          23          32  0.136828199       1.95598155E-02 -0.500000000    
          23          33  0.152060002       3.16420235E-02 -0.500000000    
          24           1 -0.237102777       5.99738769E-03 -0.500000000    
          24           2   1.15177315E-03  -1.12553639E-03 -0.500000000    
          24           3   4.49846573E-02   1.16988784E-02 -0.500000000    
          24           4   7.66454563E-02   2.35792417E-02 -0.500000000    
          24           5   3.88892740E-02   2.61411704E-02 -0.500000000    
          24           6  -9.87939630E-03   2.70874258E-02 -0.500000000    
          24           7   3.17775719E-02   2.95735840E-02 -0.500000000    
          24           8  0.141635299       2.77903955E-02 -0.500000000    
          24           9  0.203011692       2.72109807E-02 -0.500000000    
          24          10  0.176191494       2.09788755E-02 -0.500000000    
          24          11   8.94626677E-02   8.16684216E-03 -0.500000000    
          24          12  0.117486335       1.53974397E-03 -0.500000000    
          24          13  0.197828189       7.00080767E-03 -0.500000000    
          24          14  0.207135886       1.79576688E-02 -0.500000000    
          24          15  0.208571747       1.62803624E-02 -0.500000000    
          24          16  0.210922077       9.43704136E-03 -0.500000000    
          24          17  0.209175974       7.60175800E-03 -0.500000000    
          24          18  0.209336922       8.25432502E-03 -0.500000000    
          24          19  0.205229312       1.57754421E-02 -0.500000000    
          24          20  0.203990564       1.78988744E-02 -0.500000000    
          24          21  0.191604272       5.65494271E-03 -0.500000000    
          24          22   9.47895125E-02  -8.94790515E-04 -0.500000000    
          24          23   5.35239391E-02   5.10581117E-03 -0.500000000    
          24          24  0.132537350       1.80291068E-02 -0.500000000    
          24          25  0.159173831       2.39821319E-02 -0.500000000    
          24          26  0.104833603       2.43497975E-02 -0.500000000    
          24          27   1.71917323E-02   2.38379482E-02 -0.500000000    
          24          28   1.71343889E-02   1.91428307E-02 -0.500000000    
          24          29  0.113258988       1.86628830E-02 -0.500000000    
          24          30  0.188154206       2.05813758E-02 -0.500000000    
          24          31   8.52692872E-02   1.68130118E-02 -0.500000000    
          24          32  -8.03910643E-02   1.61514655E-02 -0.500000000    
          24          33 -0.219197810       2.99514625E-02 -0.500000000    
          25           1  -4.15894538E-02  -1.95213724E-02 -0.500000000    
          25           2   6.64816499E-02  -1.04466891E-02 -0.500000000    
          25           3   6.03009537E-02   9.05822590E-03 -0.500000000    
          25           4   4.20908555E-02   2.94483583E-02 -0.500000000    
          25           5  -3.83313894E-02   4.59744558E-02 -0.500000000    
          25           6  -2.60145292E-02   4.93925437E-02 -0.500000000    
          25           7  0.128422737       4.26454395E-02 -0.500000000    
          25           8  0.224504709       3.64484489E-02 -0.500000000    
          25           9  0.257934779       3.31461355E-02 -0.500000000    
          25          10  0.188355237       2.56656371E-02 -0.500000000    
          25          11   7.76141435E-02   1.28494212E-02 -0.500000000    
          25          12  0.145542398       6.70102518E-03 -0.500000000    
          25          13  0.200027242       1.32473987E-02 -0.500000000    
          25          14  0.184227541       2.14563832E-02 -0.500000000    
          25          15  0.181448042       1.62457600E-02 -0.500000000    
          25          16  0.178394109       1.10020237E-02 -0.500000000    
          25          17  0.176838264       1.06609007E-02 -0.500000000    
          25          18  0.178870603       9.76205710E-03 -0.500000000    
          25          19  0.182391822       1.54083632E-02 -0.500000000    
          25          20  0.186662510       2.16544066E-02 -0.500000000    
          25          21  0.205248058       1.26471901E-02 -0.500000000    
          25          22  0.139316857       5.51934680E-03 -0.500000000    
          25          23   5.68395928E-02   1.11349933E-02 -0.500000000    
          25          24  0.159172982       2.39819288E-02 -0.500000000    
          25          25  0.217674822       3.16040218E-02 -0.500000000    
          25          26  0.182454765       3.48016359E-02 -0.500000000    
          25          27   9.99472216E-02   3.77010964E-02 -0.500000000    
          25          28  -1.35351121E-02   3.96751352E-02 -0.500000000    
          25          29   3.18125971E-02   3.54976319E-02 -0.500000000    
          25          30  0.146877676       2.17788015E-02 -0.500000000    
          25          31  0.162850499       3.55194835E-03 -0.500000000    
          25          32  0.114713162      -1.12124486E-02 -0.500000000    
          25          33 -0.111511894      -1.06991353E-02 -0.500000000    
          26           1  -5.93454652E-02  -1.01393173E-02 -0.500000000    
          26           2   1.80369578E-02  -9.11367009E-04 -0.500000000    
          26           3  -1.58968419E-02   1.66547298E-02 -0.500000000    
          26           4  -3.32699567E-02   3.96745019E-02 -0.500000000    
          26           5   2.30310988E-02   5.52893579E-02 -0.500000000    
          26           6   2.99831219E-02   6.40505478E-02 -0.500000000    
          26           7   9.13412124E-02   5.94585352E-02 -0.500000000    
          26           8  0.242684096       4.42951992E-02 -0.500000000    
          26           9  0.203959703       3.45696546E-02 -0.500000000    
          26          10  0.112590954       2.51266845E-02 -0.500000000    
          26          11   4.00251634E-02   1.65578183E-02 -0.500000000    
          26          12  0.110448666       1.20685091E-02 -0.500000000    
          26          13  0.120297723       1.83932763E-02 -0.500000000    
          26          14   8.88531804E-02   2.20527705E-02 -0.500000000    
          26          15   8.15920457E-02   1.43042570E-02 -0.500000000    
          26          16   7.48384148E-02   1.16344662E-02 -0.500000000    
          26          17   7.41562098E-02   1.25930961E-02 -0.500000000    
          26          18   7.70023987E-02   1.04823280E-02 -0.500000000    
          26          19   8.62201750E-02   1.31311575E-02 -0.500000000    
          26          20   9.62825418E-02   2.22444870E-02 -0.500000000    
          26          21  0.135386065       1.84013154E-02 -0.500000000    
          26          22  0.123365879       1.18836565E-02 -0.500000000    
          26          23   4.32742387E-02   1.56600922E-02 -0.500000000    
          26          24  0.104831494       2.43500546E-02 -0.500000000    
          26          25  0.182452738       3.48018147E-02 -0.500000000    
          26          26  0.210680902       4.48095873E-02 -0.500000000    
          26          27   4.87738252E-02   5.62246703E-02 -0.500000000    
          26          28   7.14016519E-03   5.55219501E-02 -0.500000000    
          26          29   2.93749161E-02   4.63399626E-02 -0.500000000    
          26          30   3.11863180E-02   3.22442763E-02 -0.500000000    
          26          31   6.80320635E-02   1.11451894E-02 -0.500000000    
          26          32   8.37640166E-02  -3.66709707E-03 -0.500000000    
          26          33  -5.62007092E-02  -8.94939620E-03 -0.500000000    
          27           1 -0.103538267       6.56628329E-03 -0.500000000    
          27           2  -7.76124746E-03   1.48927784E-02 -0.500000000    
          27           3   4.42621335E-02   2.20644306E-02 -0.500000000    
          27           4  0.131112561       3.21643017E-02 -0.500000000    
          27           5  0.302942157       4.53642644E-02 -0.500000000    
          27           6  0.378095746       6.00017011E-02 -0.500000000    
          27           7  0.196973369       6.48721978E-02 -0.500000000    
          27           8   8.58423933E-02   5.42515516E-02 -0.500000000    
          27           9   9.73942429E-02   3.51619311E-02 -0.500000000    
          27          10   2.92619178E-03   2.28907969E-02 -0.500000000    
          27          11  -4.51692753E-03   1.81257837E-02 -0.500000000    
          27          12   3.90220620E-02   1.48585513E-02 -0.500000000    
          27          13   2.10566707E-02   1.81191918E-02 -0.500000000    
          27          14  -1.12932338E-03   1.51864123E-02 -0.500000000    
          27          15  -5.85175958E-03   6.52285479E-03 -0.500000000    
          27          16  -9.80166439E-03   6.63244491E-03 -0.500000000    
          27          17  -9.38135572E-03   8.35498236E-03 -0.500000000    
          27          18  -8.82573891E-03   5.80182392E-03 -0.500000000    
          27          19  -3.33397603E-03   5.35210036E-03 -0.500000000    
          27          20   3.45845590E-03   1.55004039E-02 -0.500000000    
          27          21   3.31123918E-02   1.92340650E-02 -0.500000000    
          27          22   5.82715757E-02   1.62430648E-02 -0.500000000    
          27          23   1.59786306E-02   1.87344942E-02 -0.500000000    
          27          24   1.71899218E-02   2.38389112E-02 -0.500000000    
          27          25   9.99443755E-02   3.77020985E-02 -0.500000000    
          27          26   4.87697013E-02   5.62254563E-02 -0.500000000    
          27          27  0.178943545       6.33613691E-02 -0.500000000    
          27          28  0.322224289       5.45202754E-02 -0.500000000    
          27          29  0.217781946       3.99693772E-02 -0.500000000    
          27          30  0.117625155       2.83578541E-02 -0.500000000    
          27          31  0.111479543       1.95764732E-02 -0.500000000    
          27          32   8.43072683E-02   1.30042387E-02 -0.500000000    
          27          33  -5.65030798E-02   5.93220675E-03 -0.500000000    
          28           1  -6.46794066E-02   2.76975054E-02 -0.500000000    
          28           2   3.23143648E-03   3.37766148E-02 -0.500000000    
          28           3  0.126162484       3.16674262E-02 -0.500000000    
          28           4  0.340747476       2.91444398E-02 -0.500000000    
          28           5  0.558493912       3.19081061E-02 -0.500000000    
          28           6  0.588112831       4.10510488E-02 -0.500000000    
          28           7  0.307182014       5.40762283E-02 -0.500000000    
          28           8   3.59203182E-02   5.20758592E-02 -0.500000000    
          28           9  -1.37175675E-02   3.53684947E-02 -0.500000000    
          28          10  -6.53605862E-03   1.66627225E-02 -0.500000000    
          28          11   1.37531143E-02   1.42159211E-02 -0.500000000    
          28          12   2.08086222E-02   1.32226832E-02 -0.500000000    
          28          13  -3.09823290E-03   1.16022490E-02 -0.500000000    
          28          14  -9.69573762E-03   2.20183120E-03 -0.500000000    
          28          15  -1.32872351E-02  -4.56416793E-03 -0.500000000    
          28          16  -1.40012242E-02  -1.94162247E-03 -0.500000000    
          28          17  -1.32440757E-02  -3.55008815E-05 -0.500000000    
          28          18  -1.39317540E-02  -2.46644439E-03 -0.500000000    
          28          19  -1.29188262E-02  -5.70194097E-03 -0.500000000    
          28          20  -8.42439756E-03   2.19876855E-03 -0.500000000    
          28          21   1.11605786E-03   1.34096621E-02 -0.500000000    
          28          22   3.36115919E-02   1.57279819E-02 -0.500000000    
          28          23   3.57028767E-02   1.60390399E-02 -0.500000000    
          28          24   1.71336588E-02   1.91445686E-02 -0.500000000    
          28          25  -1.35372719E-02   3.96769829E-02 -0.500000000    
          28          26   7.13294279E-03   5.55237085E-02 -0.500000000    
          28          27  0.322213560       5.45215942E-02 -0.500000000    
          28          28  0.579294384       3.77508551E-02 -0.500000000    
          28          29  0.497803390       2.66469419E-02 -0.500000000    
          28          30  0.285544932       2.54869591E-02 -0.500000000    
          28          31  0.156044647       3.00310813E-02 -0.500000000    
          28          32  0.106424212       3.08497306E-02 -0.500000000    
          28          33   3.84723581E-02   2.35388111E-02 -0.500000000    
          29           1   4.86546867E-02   5.41817397E-02 -0.500000000    
          29           2   9.70226824E-02   5.41408993E-02 -0.500000000    
          29           3  0.222145319       4.20468226E-02 -0.500000000    
          29           4  0.384026736       3.12630609E-02 -0.500000000    
          29           5  0.538136005       2.49929596E-02 -0.500000000    
          29           6  0.513452053       2.40193252E-02 -0.500000000    
          29           7  0.206531763       3.66987139E-02 -0.500000000    
          29           8   3.56099196E-02   4.17856872E-02 -0.500000000    
          29           9   2.09561102E-02   3.17017473E-02 -0.500000000    
          29          10   9.05353501E-02   1.55522870E-02 -0.500000000    
          29          11  0.104123421       9.08324029E-03 -0.500000000    
          29          12   3.67089622E-02   1.04996702E-02 -0.500000000    
          29          13   1.69677772E-02   1.75675168E-03 -0.500000000    
          29          14   1.32861929E-02  -1.19853523E-02 -0.500000000    
          29          15   7.42348377E-03  -1.46037759E-02 -0.500000000    
          29          16   7.23625859E-03  -1.05865821E-02 -0.500000000    
          29          17   7.77965132E-03  -8.97617638E-03 -0.500000000    
          29          18   7.76717160E-03  -1.08089484E-02 -0.500000000    
          29          19   8.39423388E-03  -1.54958097E-02 -0.500000000    
          29          20   1.56286228E-02  -1.24249896E-02 -0.500000000    
          29          21   1.96878817E-02   3.85456113E-03 -0.500000000    
          29          22   4.35729846E-02   1.37128560E-02 -0.500000000    
          29          23  0.131166771       1.14084780E-02 -0.500000000    
          29          24  0.113257006       1.86647475E-02 -0.500000000    
          29          25   3.18065509E-02   3.54997814E-02 -0.500000000    
          29          26   2.93656960E-02   4.63424847E-02 -0.500000000    
          29          27  0.217765853       3.99720930E-02 -0.500000000    
          29          28  0.497787952       2.66490057E-02 -0.500000000    
          29          29  0.492529780       2.45084763E-02 -0.500000000    
          29          30  0.348599583       2.85730064E-02 -0.500000000    
          29          31  0.222414538       4.03642133E-02 -0.500000000    
          29          32  0.163858980       5.05415015E-02 -0.500000000    
          29          33  0.131603763       4.66813259E-02 -0.500000000    
          30           1  0.124792054       7.50714093E-02 -0.500000000    
          30           2  0.176518500       6.63270503E-02 -0.500000000    
          30           3  0.272328436       4.72393818E-02 -0.500000000    
          30           4  0.342548490       3.26413400E-02 -0.500000000    
          30           5  0.388672441       2.16917992E-02 -0.500000000    
          30           6  0.301619560       1.58679578E-02 -0.500000000    
          30           7   9.16412622E-02   2.10967455E-02 -0.500000000    
          30           8   1.06515894E-02   2.65039969E-02 -0.500000000    
          30           9  0.120646253       1.76201537E-02 -0.500000000    
          30          10  0.178319499       1.75449513E-02 -0.500000000    
          30          11  0.239612117       5.15751773E-03 -0.500000000    
          30          12   8.29691440E-02   4.49358113E-03 -0.500000000    
          30          13   5.26925735E-02  -1.33586377E-02 -0.500000000    
          30          14   3.34358513E-02  -2.67285071E-02 -0.500000000    
          30          15   2.54612491E-02  -2.47543622E-02 -0.500000000    
          30          16   2.39123814E-02  -2.08533742E-02 -0.500000000    
          30          17   2.37841718E-02  -1.97850410E-02 -0.500000000    
          30          18   2.53311023E-02  -2.07782313E-02 -0.500000000    
          30          19   2.82189455E-02  -2.51166523E-02 -0.500000000    
          30          20   3.85022350E-02  -2.72766277E-02 -0.500000000    
          30          21   6.08980991E-02  -1.12515418E-02 -0.500000000    
          30          22   8.92382339E-02   8.64530914E-03 -0.500000000    
          30          23  0.267836154       8.19794368E-03 -0.500000000    
          30          24  0.188139707       2.05826275E-02 -0.500000000    
          30          25  0.146862105       2.17805021E-02 -0.500000000    
          30          26   3.11724618E-02   3.22467200E-02 -0.500000000    
          30          27  0.117609672       2.83607226E-02 -0.500000000    
          30          28  0.285524756       2.54905131E-02 -0.500000000    
          30          29  0.348587066       2.85755526E-02 -0.500000000    
          30          30  0.323807806       3.48128267E-02 -0.500000000    
          30          31  0.257239729       4.75896820E-02 -0.500000000    
          30          32  0.194224596       6.52891546E-02 -0.500000000    
          30          33  0.155250743       6.85679764E-02 -0.500000000    
          31           1   5.62531725E-02   8.32188055E-02 -0.500000000    
          31           2  0.177411526       6.81722984E-02 -0.500000000    
          31           3  0.259615600       4.99347188E-02 -0.500000000    
          31           4  0.264405668       3.72606106E-02 -0.500000000    
          31           5  0.210878149       2.64825486E-02 -0.500000000    
          31           6  0.108800575       1.74258221E-02 -0.500000000    
          31           7   5.41774258E-02   9.81067494E-03 -0.500000000    
          31           8   3.46268341E-02   3.08850477E-03 -0.500000000    
          31           9  0.151639342      -2.84858793E-03 -0.500000000    
          31          10   7.03995451E-02   1.49895484E-02 -0.500000000    
          31          11  0.278544903       3.15570389E-03 -0.500000000    
          31          12  0.210930079      -9.61596146E-03 -0.500000000    
          31          13   7.18799606E-02  -3.32600139E-02 -0.500000000    
          31          14   1.77225992E-02  -3.98263298E-02 -0.500000000    
          31          15   6.08432852E-03  -3.47325206E-02 -0.500000000    
          31          16   2.06407416E-03  -3.19693945E-02 -0.500000000    
          31          17   1.34874810E-03  -3.14086936E-02 -0.500000000    
          31          18   4.35121078E-03  -3.16942632E-02 -0.500000000    
          31          19   1.07364617E-02  -3.45527269E-02 -0.500000000    
          31          20   2.59736925E-02  -4.01518680E-02 -0.500000000    
          31          21   9.24962834E-02  -3.17353047E-02 -0.500000000    
          31          22  0.244217530      -4.78069996E-03 -0.500000000    
          31          23  0.265950978       7.40892999E-03 -0.500000000    
          31          24   8.52492228E-02   1.68137494E-02 -0.500000000    
          31          25  0.162833050       3.55340820E-03 -0.500000000    
          31          26   6.80157691E-02   1.11472560E-02 -0.500000000    
          31          27  0.111464232       1.95790641E-02 -0.500000000    
          31          28  0.156030700       3.00345179E-02 -0.500000000    
          31          29  0.222403646       4.03682329E-02 -0.500000000    
          31          30  0.257234126       4.75925282E-02 -0.500000000    
          31          31  0.228447706       5.74977957E-02 -0.500000000    
          31          32  0.133275434       7.59898126E-02 -0.500000000    
          31          33   1.26881879E-02   8.73502493E-02 -0.500000000    
          32           1  -7.44861513E-02   9.98597965E-02 -0.500000000    
          32           2   6.03738129E-02   7.18454346E-02 -0.500000000    
          32           3  0.138693482       5.64535558E-02 -0.500000000    
          32           4  0.130069986       4.72946241E-02 -0.500000000    
          32           5   6.22857437E-02   3.36326994E-02 -0.500000000    
          32           6   7.45707238E-03   1.67718120E-02 -0.500000000    
          32           7   1.76112801E-02   3.08835559E-04 -0.500000000    
          32           8   5.27805388E-02  -1.58519559E-02 -0.500000000    
          32           9  0.118993215      -2.02363022E-02 -0.500000000    
          32          10  -9.72890332E-02   1.51732136E-02 -0.500000000    
          32          11  0.170335799       1.27394991E-02 -0.500000000    
          32          12  0.309327930      -3.15355584E-02 -0.500000000    
          32          13   1.25616565E-02  -5.21352291E-02 -0.500000000    
          32          14  -7.33041987E-02  -4.78798933E-02 -0.500000000    
          32          15  -8.87468308E-02  -4.21562344E-02 -0.500000000    
          32          16  -9.33344066E-02  -4.08040360E-02 -0.500000000    
          32          17  -9.36604291E-02  -4.06026728E-02 -0.500000000    
          32          18  -9.14991796E-02  -4.03716229E-02 -0.500000000    
          32          19  -8.46449435E-02  -4.14837338E-02 -0.500000000    
          32          20  -6.43703789E-02  -4.76146117E-02 -0.500000000    
          32          21   4.50448804E-02  -5.14834896E-02 -0.500000000    
          32          22  0.383102745      -2.70941239E-02 -0.500000000    
          32          23  0.136787981       1.95596199E-02 -0.500000000    
          32          24  -8.04089308E-02   1.61525682E-02 -0.500000000    
          32          25  0.114699379      -1.12108747E-02 -0.500000000    
          32          26   8.37490857E-02  -3.66516132E-03 -0.500000000    
          32          27   8.42901170E-02   1.30066546E-02 -0.500000000    
          32          28  0.106410980       3.08525823E-02 -0.500000000    
          32          29  0.163856000       5.05452380E-02 -0.500000000    
          32          30  0.194229811       6.52929321E-02 -0.500000000    
          32          31  0.133285061       7.59918094E-02 -0.500000000    
          32          32  -1.35065429E-02   9.90090743E-02 -0.500000000    
          32          33  -1.29616503E-02  0.124306597     -0.500000000    
          33           1   5.21319211E-02  0.129109904     -0.500000000    
          33           2 -0.204366669       9.29172710E-02 -0.500000000    
          33           3   2.14881822E-02   6.03489131E-02 -0.500000000    
          33           4  0.116573974       4.84573580E-02 -0.500000000    
          33           5   7.52538666E-02   2.88085751E-02 -0.500000000    
          33           6  -5.70820225E-03   7.26303691E-03 -0.500000000    
          33           7  -5.99417500E-02  -1.10980952E-02 -0.500000000    
          33           8  -2.60358602E-02  -2.76989602E-02 -0.500000000    
          33           9  -9.67639983E-02  -2.48189718E-02 -0.500000000    
          33          10 -0.262064219       2.88361665E-02 -0.500000000    
          33          11  0.154596910       2.33537294E-02 -0.500000000    
          33          12  0.215983108      -4.95842211E-02 -0.500000000    
          33          13  -9.59993228E-02  -6.47554398E-02 -0.500000000    
          33          14 -0.165710613      -5.26029840E-02 -0.500000000    
          33          15 -0.174364910      -4.76838797E-02 -0.500000000    
          33          16 -0.172622964      -4.73804474E-02 -0.500000000    
          33          17 -0.172110870      -4.73685227E-02 -0.500000000    
          33          18 -0.174605012      -4.67688404E-02 -0.500000000    
          33          19 -0.177673697      -4.65483665E-02 -0.500000000    
          33          20 -0.165879995      -5.15631177E-02 -0.500000000    
          33          21  -6.96453452E-02  -6.44639283E-02 -0.500000000    
          33          22  0.299451441      -4.53638807E-02 -0.500000000    
          33          23  0.152004212       3.16417851E-02 -0.500000000    
          33          24 -0.219218090       2.99530718E-02 -0.500000000    
          33          25 -0.111522920      -1.06969615E-02 -0.500000000    
          33          26  -5.62116317E-02  -8.94716848E-03 -0.500000000    
          33          27  -5.65168671E-02   5.93466032E-03 -0.500000000    
          33          28   3.84576544E-02   2.35415436E-02 -0.500000000    
          33          29  0.131599516       4.66845743E-02 -0.500000000    
          33          30  0.155258164       6.85713589E-02 -0.500000000    
          33          31   1.27070975E-02   8.73515308E-02 -0.500000000    
          33          32  -1.29590733E-02  0.124305472     -0.500000000    
          33          33  0.439357221      0.121303499     -0.500000000    
