           1           1 -0.218979463       4.70262617E-02 -0.500000000    
           1           2  -5.45893162E-02   1.81286689E-02 -0.500000000    
           1           3  -3.99446376E-02   1.34147974E-02 -0.500000000    
           1           4  -5.24419658E-02   1.26370164E-02 -0.500000000    
           1           5  -8.30284432E-02  -4.29398322E-04 -0.500000000    
           1           6  -8.76602530E-02  -2.11913735E-02 -0.500000000    
           1           7  -4.68770750E-02  -3.91513407E-02 -0.500000000    
           1           8  -4.74393182E-03  -5.42385429E-02 -0.500000000    
           1           9   7.51000494E-02  -6.99168965E-02 -0.500000000    
           1          10   3.66965719E-02  -6.39442354E-02 -0.500000000    
           1          11 -0.326289296      -9.76649206E-03 -0.500000000    
           1          12   5.47773689E-02  -5.04274331E-02 -0.500000000    
           1          13  0.242227480     -0.102106482     -0.500000000    
           1          14  0.223126158     -0.108595125     -0.500000000    
           1          15  0.227943480     -0.101354167     -0.500000000    
           1          16  0.232165784      -9.86644775E-02 -0.500000000    
           1          17  0.232633367      -9.81581137E-02 -0.500000000    
           1          18  0.228268757      -9.79527831E-02 -0.500000000    
           1          19  0.220528230     -0.100303963     -0.500000000    
           1          20  0.214869186     -0.107842594     -0.500000000    
           1          21  0.243950397      -9.95258763E-02 -0.500000000    
           1          22  -2.96450779E-03  -4.24736813E-02 -0.500000000    
           1          23 -0.344516456      -5.39708044E-03 -0.500000000    
           1          24   2.88304174E-03  -5.34405597E-02 -0.500000000    
           1          25   3.37943546E-02  -5.41940890E-02 -0.500000000    
           1          26  -5.12426570E-02  -3.95001546E-02 -0.500000000    
           1          27  -8.70422944E-02  -2.51629334E-02 -0.500000000    
           1          28 -0.105222046      -4.23170300E-03 -0.500000000    
           1          29  -4.85743284E-02   2.00084895E-02 -0.500000000    
           1          30  -1.62964426E-02   3.26519646E-02 -0.500000000    
           1          31  -5.88914789E-02   3.27453278E-02 -0.500000000    
           1          32 -0.125956312       4.25997898E-02 -0.500000000    
           1          33 -0.367736906       8.54966938E-02 -0.500000000    
           2           1  -5.45873232E-02   1.81275103E-02 -0.500000000    
           2           2  -3.43400016E-02   2.29823124E-02 -0.500000000    
           2           3  -4.79130913E-03   2.24112459E-02 -0.500000000    
           2           4  -4.58793715E-03   1.53828301E-02 -0.500000000    
           2           5  -3.27849425E-02   9.60569014E-04 -0.500000000    
           2           6  -7.26298690E-02  -1.46836191E-02 -0.500000000    
           2           7  -8.72977078E-02  -2.62307655E-02 -0.500000000    
           2           8  -4.72943373E-02  -3.64645869E-02 -0.500000000    
           2           9  -1.87316798E-02  -4.68754098E-02 -0.500000000    
           2          10   7.97686353E-02  -4.90543284E-02 -0.500000000    
           2          11 -0.230850413      -1.60922930E-02 -0.500000000    
           2          12   1.38790198E-02  -4.15681452E-02 -0.500000000    
           2          13   8.03671330E-02  -6.89199194E-02 -0.500000000    
           2          14   4.54742946E-02  -8.32458287E-02 -0.500000000    
           2          15   4.14020680E-02  -8.05227980E-02 -0.500000000    
           2          16   4.53954898E-02  -7.68317059E-02 -0.500000000    
           2          17   4.59734723E-02  -7.58564919E-02 -0.500000000    
           2          18   4.27260511E-02  -7.63995796E-02 -0.500000000    
           2          19   3.65370773E-02  -8.01493600E-02 -0.500000000    
           2          20   4.23518382E-02  -8.26592371E-02 -0.500000000    
           2          21   9.17411819E-02  -6.54095337E-02 -0.500000000    
           2          22  -1.01010008E-02  -3.60736437E-02 -0.500000000    
           2          23 -0.213145643      -1.19670006E-02 -0.500000000    
           2          24  0.102855057      -4.28002179E-02 -0.500000000    
           2          25   3.87888215E-03  -3.65932621E-02 -0.500000000    
           2          26  -3.09149455E-02  -2.44989842E-02 -0.500000000    
           2          27  -8.62077326E-02  -1.22419242E-02 -0.500000000    
           2          28  -7.58422241E-02   3.47702089E-03 -0.500000000    
           2          29  -1.54711911E-02   1.98277663E-02 -0.500000000    
           2          30   3.67937647E-02   2.82608345E-02 -0.500000000    
           2          31   3.77068743E-02   2.66313590E-02 -0.500000000    
           2          32  -8.55422486E-03   2.26138383E-02 -0.500000000    
           2          33  -7.59637579E-02   2.20145267E-02 -0.500000000    
           3           1  -3.99419218E-02   1.34126125E-02 -0.500000000    
           3           2  -4.79107304E-03   2.24101078E-02 -0.500000000    
           3           3   8.79711881E-02   2.42999103E-02 -0.500000000    
           3           4  0.140975073       1.74966436E-02 -0.500000000    
           3           5  0.159016877       5.85778849E-03 -0.500000000    
           3           6  0.124039128      -8.06470029E-03 -0.500000000    
           3           7   3.77777293E-02  -1.67635176E-02 -0.500000000    
           3           8  -3.57344560E-02  -1.96170900E-02 -0.500000000    
           3           9  -8.04482251E-02  -2.09477302E-02 -0.500000000    
           3          10  -5.75405685E-03  -2.45958157E-02 -0.500000000    
           3          11  -3.54857631E-02  -1.72112752E-02 -0.500000000    
           3          12   8.45574513E-02  -2.98326407E-02 -0.500000000    
           3          13   1.06084161E-02  -3.94251719E-02 -0.500000000    
           3          14  -1.16127785E-02  -5.85146435E-02 -0.500000000    
           3          15  -2.13932637E-02  -6.21342398E-02 -0.500000000    
           3          16  -2.11507380E-02  -5.81700243E-02 -0.500000000    
           3          17  -2.06299517E-02  -5.65527119E-02 -0.500000000    
           3          18  -2.13632882E-02  -5.80883920E-02 -0.500000000    
           3          19  -2.15361398E-02  -6.23961873E-02 -0.500000000    
           3          20  -9.04501323E-03  -5.76833747E-02 -0.500000000    
           3          21   1.83560215E-02  -3.51002365E-02 -0.500000000    
           3          22   9.90709588E-02  -2.58835368E-02 -0.500000000    
           3          23  -3.09782159E-02  -1.25087611E-02 -0.500000000    
           3          24   3.12532857E-02  -2.02497449E-02 -0.500000000    
           3          25  -6.51991814E-02  -1.24450242E-02 -0.500000000    
           3          26  -1.53392917E-02  -9.86125786E-03 -0.500000000    
           3          27   3.93927246E-02  -4.46236413E-03 -0.500000000    
           3          28  0.119716376       4.44835238E-03 -0.500000000    
           3          29  0.174393460       1.30967740E-02 -0.500000000    
           3          30  0.176810250       1.74150448E-02 -0.500000000    
           3          31  0.131648317       1.84876882E-02 -0.500000000    
           3          32   3.23895477E-02   1.49919661E-02 -0.500000000    
           3          33   7.39142857E-03   1.02890544E-02 -0.500000000    
           4           1  -5.24390563E-02   1.26347141E-02 -0.500000000    
           4           2  -4.58568428E-03   1.53810987E-02 -0.500000000    
           4           3  0.140975848       1.74958389E-02 -0.500000000    
           4           4  0.278191805       1.52812162E-02 -0.500000000    
           4           5  0.361376166       1.09443506E-02 -0.500000000    
           4           6  0.364191949       2.79709790E-03 -0.500000000    
           4           7  0.205426723      -2.94614979E-03 -0.500000000    
           4           8  -1.04542486E-02   4.17421991E-03 -0.500000000    
           4           9  -8.38456973E-02   6.13061525E-03 -0.500000000    
           4          10  -8.92319977E-02   9.70901223E-04 -0.500000000    
           4          11  0.104019716      -9.94256046E-03 -0.500000000    
           4          12   7.77316317E-02  -1.55964447E-02 -0.500000000    
           4          13   2.47908523E-03  -1.85362808E-02 -0.500000000    
           4          14  -4.16713767E-04  -3.47031802E-02 -0.500000000    
           4          15  -4.41231113E-03  -4.39738072E-02 -0.500000000    
           4          16  -5.28329192E-03  -4.16741632E-02 -0.500000000    
           4          17  -4.63734567E-03  -3.96700837E-02 -0.500000000    
           4          18  -5.52583067E-03  -4.18816432E-02 -0.500000000    
           4          19  -4.55344049E-03  -4.44107279E-02 -0.500000000    
           4          20   5.44755021E-05  -3.32057960E-02 -0.500000000    
           4          21   2.80740648E-03  -1.42304562E-02 -0.500000000    
           4          22   9.83841494E-02  -1.18397977E-02 -0.500000000    
           4          23  0.118785083      -5.29943313E-03 -0.500000000    
           4          24  -6.22419789E-02   5.05488086E-03 -0.500000000    
           4          25  -8.90309885E-02   1.38239525E-02 -0.500000000    
           4          26   4.43444168E-03   1.09357266E-02 -0.500000000    
           4          27  0.214416146       4.78973612E-03 -0.500000000    
           4          28  0.362592161       6.79712044E-03 -0.500000000    
           4          29  0.362944871       8.25594366E-03 -0.500000000    
           4          30  0.289172202       8.07655137E-03 -0.500000000    
           4          31  0.170275927       1.01726688E-02 -0.500000000    
           4          32   3.24981287E-02   1.14687718E-02 -0.500000000    
           4          33   2.74469610E-02   1.28220385E-02 -0.500000000    
           5           1  -8.30255151E-02  -4.31057939E-04 -0.500000000    
           5           2  -3.27813923E-02   9.59002704E-04 -0.500000000    
           5           3  0.159021825       5.85663086E-03 -0.500000000    
           5           4  0.361380637       1.09437052E-02 -0.500000000    
           5           5  0.505534887       1.59360617E-02 -0.500000000    
           5           6  0.538149178       1.77555494E-02 -0.500000000    
           5           7  0.362901270       2.10747700E-02 -0.500000000    
           5           8   7.69197568E-02   3.25265490E-02 -0.500000000    
           5           9  -2.62204167E-02   2.93052122E-02 -0.500000000    
           5          10  -8.34965110E-02   1.85735729E-02 -0.500000000    
           5          11   2.78031435E-02   9.25688655E-05 -0.500000000    
           5          12   2.93337218E-02  -2.20335135E-03 -0.500000000    
           5          13   1.01227593E-02  -3.05200252E-03 -0.500000000    
           5          14   7.09850760E-03  -1.18894931E-02 -0.500000000    
           5          15   1.04965102E-02  -2.34618839E-02 -0.500000000    
           5          16   9.70976334E-03  -2.44138241E-02 -0.500000000    
           5          17   1.03511643E-02  -2.26746220E-02 -0.500000000    
           5          18   8.50829668E-03  -2.49087233E-02 -0.500000000    
           5          19   8.59073736E-03  -2.37852763E-02 -0.500000000    
           5          20   4.23134398E-03  -9.96170007E-03 -0.500000000    
           5          21   9.13352147E-03   6.00720989E-04 -0.500000000    
           5          22   3.96554768E-02   1.16039522E-03 -0.500000000    
           5          23   3.86955962E-02   3.82641656E-03 -0.500000000    
           5          24  -8.27573091E-02   2.33919676E-02 -0.500000000    
           5          25  -4.59623113E-02   3.46957967E-02 -0.500000000    
           5          26  0.101550423       3.56193520E-02 -0.500000000    
           5          27  0.407900512       2.20562126E-02 -0.500000000    
           5          28  0.567133307       1.40656168E-02 -0.500000000    
           5          29  0.518551886       7.00182421E-03 -0.500000000    
           5          30  0.373241007       1.24444184E-03 -0.500000000    
           5          31  0.167666301       4.97499597E-04 -0.500000000    
           5          32  -3.50223593E-02   1.54171861E-03 -0.500000000    
           5          33  -3.21796648E-02   1.71519129E-03 -0.500000000    
           6           1  -8.76594186E-02  -2.11923700E-02 -0.500000000    
           6           2  -7.26285949E-02  -1.46846930E-02 -0.500000000    
           6           3  0.124044456      -8.06559436E-03 -0.500000000    
           6           4  0.364199966       2.79641082E-03 -0.500000000    
           6           5  0.538154483       1.77550837E-02 -0.500000000    
           6           6  0.563325882       3.26562710E-02 -0.500000000    
           6           7  0.420723170       4.67222072E-02 -0.500000000    
           6           8  0.143799245       5.46910949E-02 -0.500000000    
           6           9  -3.36678885E-02   4.81895469E-02 -0.500000000    
           6          10  -3.94144841E-02   2.64015291E-02 -0.500000000    
           6          11  -5.54608032E-02   1.24447448E-02 -0.500000000    
           6          12  -2.39651315E-02   1.04031479E-02 -0.500000000    
           6          13   4.76384303E-03   9.34339967E-03 -0.500000000    
           6          14  -3.68382782E-04   7.80500891E-03 -0.500000000    
           6          15   5.10491570E-03  -2.29623890E-03 -0.500000000    
           6          16   5.73439570E-03  -6.90455735E-03 -0.500000000    
           6          17   5.49712311E-03  -6.26882259E-03 -0.500000000    
           6          18   3.84012610E-03  -7.60901254E-03 -0.500000000    
           6          19   1.79848575E-03  -2.32417323E-03 -0.500000000    
           6          20  -4.36435454E-03   9.75978002E-03 -0.500000000    
           6          21   4.02422482E-03   1.21186627E-02 -0.500000000    
           6          22  -2.17447542E-02   1.30638499E-02 -0.500000000    
           6          23  -5.87311499E-02   1.48334391E-02 -0.500000000    
           6          24  -4.59211431E-02   3.05564776E-02 -0.500000000    
           6          25  -6.21037781E-02   5.19429147E-02 -0.500000000    
           6          26  0.174235508       5.54434247E-02 -0.500000000    
           6          27  0.485873878       4.20794487E-02 -0.500000000    
           6          28  0.611158729       2.32839752E-02 -0.500000000    
           6          29  0.561952651       6.14738185E-03 -0.500000000    
           6          30  0.354495585      -5.47646871E-03 -0.500000000    
           6          31   8.18553269E-02  -8.96327384E-03 -0.500000000    
           6          32 -0.120406970      -1.20586688E-02 -0.500000000    
           6          33  -9.70595479E-02  -1.89783443E-02 -0.500000000    
           7           1  -4.68784310E-02  -3.91517021E-02 -0.500000000    
           7           2  -8.72993991E-02  -2.62310822E-02 -0.500000000    
           7           3   3.77786234E-02  -1.67637412E-02 -0.500000000    
           7           4  0.205433205      -2.94654630E-03 -0.500000000    
           7           5  0.362909317       2.10740790E-02 -0.500000000    
           7           6  0.420726687       4.67215702E-02 -0.500000000    
           7           7  0.306853354       6.66775256E-02 -0.500000000    
           7           8   7.47605041E-02   6.79755658E-02 -0.500000000    
           7           9   6.97745755E-02   5.35344742E-02 -0.500000000    
           7          10   2.71361656E-02   3.60824130E-02 -0.500000000    
           7          11  -6.55088797E-02   2.63184831E-02 -0.500000000    
           7          12  -6.30513504E-02   2.13049129E-02 -0.500000000    
           7          13  -1.08218472E-02   1.97102018E-02 -0.500000000    
           7          14  -1.57794673E-02   2.37422660E-02 -0.500000000    
           7          15  -1.63471438E-02   1.76359341E-02 -0.500000000    
           7          16  -1.52184824E-02   1.02460952E-02 -0.500000000    
           7          17  -1.66582502E-02   9.12903715E-03 -0.500000000    
           7          18  -1.65615659E-02   9.44709871E-03 -0.500000000    
           7          19  -1.85105409E-02   1.78852193E-02 -0.500000000    
           7          20  -1.59858521E-02   2.52862163E-02 -0.500000000    
           7          21  -7.07941968E-03   2.13449094E-02 -0.500000000    
           7          22  -6.07794821E-02   2.26895083E-02 -0.500000000    
           7          23  -6.63425848E-02   2.70647388E-02 -0.500000000    
           7          24   2.74226125E-02   3.80035192E-02 -0.500000000    
           7          25   6.69432431E-02   5.56373745E-02 -0.500000000    
           7          26   8.49065930E-02   6.64271042E-02 -0.500000000    
           7          27  0.340138465       5.93695343E-02 -0.500000000    
           7          28  0.428080589       3.63274440E-02 -0.500000000    
           7          29  0.335938364       1.20971622E-02 -0.500000000    
           7          30  0.154662639      -5.54733584E-03 -0.500000000    
           7          31  -8.83136992E-04  -1.45185897E-02 -0.500000000    
           7          32 -0.115194261      -2.44408026E-02 -0.500000000    
           7          33  -6.78221136E-02  -3.75646614E-02 -0.500000000    
           8           1  -4.74588759E-03  -5.42381443E-02 -0.500000000    
           8           2  -4.72964086E-02  -3.64639983E-02 -0.500000000    
           8           3  -3.57362814E-02  -1.96165238E-02 -0.500000000    
           8           4  -1.04527287E-02   4.17460036E-03 -0.500000000    
           8           5   7.69252777E-02   3.25262696E-02 -0.500000000    
           8           6  0.143803596       5.46902902E-02 -0.500000000    
           8           7   7.47631863E-02   6.79749027E-02 -0.500000000    
           8           8  0.195482627       6.14643246E-02 -0.500000000    
           8           9  0.251136065       5.05082570E-02 -0.500000000    
           8          10  0.171866596       4.34495099E-02 -0.500000000    
           8          11   3.77038382E-02   3.43538933E-02 -0.500000000    
           8          12  -1.69401169E-02   2.59325095E-02 -0.500000000    
           8          13   3.85171808E-02   2.44927108E-02 -0.500000000    
           8          14   3.12141553E-02   3.24277580E-02 -0.500000000    
           8          15   1.57081913E-02   3.13818194E-02 -0.500000000    
           8          16   1.27503518E-02   2.28031762E-02 -0.500000000    
           8          17   9.99447331E-03   1.97345819E-02 -0.500000000    
           8          18   1.44806392E-02   2.19596643E-02 -0.500000000    
           8          19   1.96193084E-02   3.16404141E-02 -0.500000000    
           8          20   4.14886586E-02   3.30612771E-02 -0.500000000    
           8          21   5.20439446E-02   2.45501436E-02 -0.500000000    
           8          22  -1.12234233E-02   2.54498422E-02 -0.500000000    
           8          23   4.52519506E-02   3.32056172E-02 -0.500000000    
           8          24  0.172375798       4.27786969E-02 -0.500000000    
           8          25  0.251651824       5.02040088E-02 -0.500000000    
           8          26  0.185370535       5.87608702E-02 -0.500000000    
           8          27   8.44312385E-02   5.90736233E-02 -0.500000000    
           8          28  0.132206678       4.43796851E-02 -0.500000000    
           8          29   4.65968028E-02   2.64515914E-02 -0.500000000    
           8          30  -3.47603709E-02   2.25220039E-03 -0.500000000    
           8          31  -3.00198756E-02  -1.98306125E-02 -0.500000000    
           8          32  -3.24333087E-02  -3.67956460E-02 -0.500000000    
           8          33   1.40539138E-03  -5.38928695E-02 -0.500000000    
           9           1   7.50934109E-02  -6.99150488E-02 -0.500000000    
           9           2  -1.87329371E-02  -4.68737371E-02 -0.500000000    
           9           3  -8.04488584E-02  -2.09461208E-02 -0.500000000    
           9           4  -8.38438123E-02   6.13177195E-03 -0.500000000    
           9           5  -2.62173638E-02   2.93056145E-02 -0.500000000    
           9           6  -3.36656496E-02   4.81889099E-02 -0.500000000    
           9           7   6.97796270E-02   5.35333902E-02 -0.500000000    
           9           8  0.251140833       5.05075492E-02 -0.500000000    
           9           9  0.339071512       4.83048446E-02 -0.500000000    
           9          10  0.318616211       4.57930230E-02 -0.500000000    
           9          11  0.176766843       3.55850160E-02 -0.500000000    
           9          12   8.57378021E-02   2.33097561E-02 -0.500000000    
           9          13  0.142298371       2.10349280E-02 -0.500000000    
           9          14  0.155127078       3.03048175E-02 -0.500000000    
           9          15  0.134852245       3.37390155E-02 -0.500000000    
           9          16  0.131099954       2.53133569E-02 -0.500000000    
           9          17  0.128093913       2.05135290E-02 -0.500000000    
           9          18  0.133793086       2.46329717E-02 -0.500000000    
           9          19  0.140333325       3.40719596E-02 -0.500000000    
           9          20  0.166860491       3.02790143E-02 -0.500000000    
           9          21  0.150629565       2.01447923E-02 -0.500000000    
           9          22   8.07626471E-02   2.18249001E-02 -0.500000000    
           9          23  0.175385907       3.41210850E-02 -0.500000000    
           9          24  0.309761018       4.43318225E-02 -0.500000000    
           9          25  0.321607918       4.67561260E-02 -0.500000000    
           9          26  0.229382843       4.66359891E-02 -0.500000000    
           9          27   5.89880459E-02   4.45389450E-02 -0.500000000    
           9          28  -2.14868225E-02   3.74693722E-02 -0.500000000    
           9          29   4.79549123E-03   2.21236236E-02 -0.500000000    
           9          30  -1.75211038E-02   1.10175123E-03 -0.500000000    
           9          31   2.90964055E-03  -2.40907129E-02 -0.500000000    
           9          32   4.01077755E-02  -4.69649546E-02 -0.500000000    
           9          33   6.91698715E-02  -6.63938671E-02 -0.500000000    
          10           1   3.66584621E-02  -6.39396980E-02 -0.500000000    
          10           2   7.97601044E-02  -4.90510650E-02 -0.500000000    
          10           3  -5.75212203E-03  -2.45933384E-02 -0.500000000    
          10           4  -8.92240405E-02   9.72850365E-04 -0.500000000    
          10           5  -8.34925324E-02   1.85744334E-02 -0.500000000    
          10           6  -3.94129641E-02   2.64011342E-02 -0.500000000    
          10           7   2.71405540E-02   3.60813215E-02 -0.500000000    
          10           8  0.171873257       4.34486307E-02 -0.500000000    
          10           9  0.318619967       4.57928739E-02 -0.500000000    
          10          10  0.341578215       4.55304459E-02 -0.500000000    
          10          11  0.258923799       3.51035781E-02 -0.500000000    
          10          12  0.150953978       2.20039263E-02 -0.500000000    
          10          13  0.188982755       1.79383736E-02 -0.500000000    
          10          14  0.229292259       2.61686966E-02 -0.500000000    
          10          15  0.216699243       3.26144286E-02 -0.500000000    
          10          16  0.215845689       2.52590589E-02 -0.500000000    
          10          17  0.214133039       1.93076003E-02 -0.500000000    
          10          18  0.217004865       2.50016730E-02 -0.500000000    
          10          19  0.219337761       3.32293920E-02 -0.500000000    
          10          20  0.234909341       2.59253327E-02 -0.500000000    
          10          21  0.185217798       1.66674443E-02 -0.500000000    
          10          22  0.135547638       1.99426692E-02 -0.500000000    
          10          23  0.245076001       3.32796760E-02 -0.500000000    
          10          24  0.325976074       4.32642922E-02 -0.500000000    
          10          25  0.292475671       4.25088592E-02 -0.500000000    
          10          26  0.140725136       3.76366526E-02 -0.500000000    
          10          27   1.07190050E-02   2.69548725E-02 -0.500000000    
          10          28  -3.38617563E-02   1.71159301E-02 -0.500000000    
          10          29  -2.75535230E-02   1.30518926E-02 -0.500000000    
          10          30  -1.15536898E-03   1.69800874E-03 -0.500000000    
          10          31   6.05068021E-02  -1.89938899E-02 -0.500000000    
          10          32   7.91246146E-02  -3.84016521E-02 -0.500000000    
          10          33 -0.139605835      -4.04652990E-02 -0.500000000    
          11           1 -0.326365024      -9.76058468E-03 -0.500000000    
          11           2 -0.230864838      -1.60880126E-02 -0.500000000    
          11           3  -3.54612954E-02  -1.72082949E-02 -0.500000000    
          11           4  0.104037113      -9.94031411E-03 -0.500000000    
          11           5   2.78046485E-02   9.38150624E-05 -0.500000000    
          11           6  -5.54621071E-02   1.24447234E-02 -0.500000000    
          11           7  -6.55067861E-02   2.63175871E-02 -0.500000000    
          11           8   3.77098173E-02   3.43528651E-02 -0.500000000    
          11           9  0.176772118       3.55849080E-02 -0.500000000    
          11          10  0.258926243       3.51038836E-02 -0.500000000    
          11          11  0.256008089       2.82920301E-02 -0.500000000    
          11          12  0.158673957       1.73753295E-02 -0.500000000    
          11          13  0.165859342       1.21427551E-02 -0.500000000    
          11          14  0.219348148       1.89520046E-02 -0.500000000    
          11          15  0.218238175       2.76588518E-02 -0.500000000    
          11          16  0.219181508       2.23203171E-02 -0.500000000    
          11          17  0.219533384       1.59967709E-02 -0.500000000    
          11          18  0.218754232       2.23520584E-02 -0.500000000    
          11          19  0.218084201       2.81642992E-02 -0.500000000    
          11          20  0.218263417       1.81380436E-02 -0.500000000    
          11          21  0.152345315       1.01232156E-02 -0.500000000    
          11          22  0.137723818       1.44565171E-02 -0.500000000    
          11          23  0.232496560       2.55131628E-02 -0.500000000    
          11          24  0.233040974       3.18853483E-02 -0.500000000    
          11          25  0.148979276       3.12320851E-02 -0.500000000    
          11          26   1.45478249E-02   2.78193932E-02 -0.500000000    
          11          27  -7.03835338E-02   1.88153032E-02 -0.500000000    
          11          28  -3.52555253E-02   7.02553196E-03 -0.500000000    
          11          29   8.61643031E-02  -1.92564004E-03 -0.500000000    
          11          30  0.209534064      -8.63801222E-03 -0.500000000    
          11          31   5.58255725E-02  -9.81299486E-03 -0.500000000    
          11          32 -0.220057428       1.57523586E-03 -0.500000000    
          11          33 -0.330277622       1.38979657E-02 -0.500000000    
          12           1   5.47121540E-02  -5.04198782E-02 -0.500000000    
          12           2   1.38682127E-02  -4.15629409E-02 -0.500000000    
          12           3   8.45683590E-02  -2.98288912E-02 -0.500000000    
          12           4   7.77343363E-02  -1.55935222E-02 -0.500000000    
          12           5   2.93309148E-02  -2.20153667E-03 -0.500000000    
          12           6  -2.39685047E-02   1.04035176E-02 -0.500000000    
          12           7  -6.30514473E-02   2.13040598E-02 -0.500000000    
          12           8  -1.69354882E-02   2.59313621E-02 -0.500000000    
          12           9   8.57415572E-02   2.33094338E-02 -0.500000000    
          12          10  0.150955260       2.20043249E-02 -0.500000000    
          12          11  0.158673853       1.73756257E-02 -0.500000000    
          12          12   7.88385049E-02   7.36034708E-03 -0.500000000    
          12          13   6.23835623E-02   6.29501301E-04 -0.500000000    
          12          14  0.118352681       5.39275445E-03 -0.500000000    
          12          15  0.129589960       1.51636619E-02 -0.500000000    
          12          16  0.132228315       1.19622108E-02 -0.500000000    
          12          17  0.134656519       5.85618475E-03 -0.500000000    
          12          18  0.129875347       1.22401817E-02 -0.500000000    
          12          19  0.126032710       1.55374333E-02 -0.500000000    
          12          20  0.110975221       4.25697863E-03 -0.500000000    
          12          21   4.28839512E-02  -1.62496720E-03 -0.500000000    
          12          22   5.80793917E-02   4.48850635E-03 -0.500000000    
          12          23  0.141550854       1.49004227E-02 -0.500000000    
          12          24  0.146091774       1.95040274E-02 -0.500000000    
          12          25   9.45452601E-02   1.99517459E-02 -0.500000000    
          12          26   3.70129431E-03   1.98280308E-02 -0.500000000    
          12          27  -3.64397056E-02   1.43527538E-02 -0.500000000    
          12          28  -7.50300381E-03   6.88811904E-03 -0.500000000    
          12          29   3.67943086E-02  -6.06977381E-04 -0.500000000    
          12          30   9.71191227E-02  -1.05745681E-02 -0.500000000    
          12          31  0.160364226      -2.36192923E-02 -0.500000000    
          12          32  0.138710290      -3.57461795E-02 -0.500000000    
          12          33   8.14297125E-02  -4.42617126E-02 -0.500000000    
          13           1  0.242140651     -0.102095492     -0.500000000    
          13           2   8.03204775E-02  -6.89125136E-02 -0.500000000    
          13           3   1.05972588E-02  -3.94203626E-02 -0.500000000    
          13           4   2.47480115E-03  -1.85326748E-02 -0.500000000    
          13           5   1.01183001E-02  -3.04954848E-03 -0.500000000    
          13           6   4.75934381E-03   9.34415497E-03 -0.500000000    
          13           7  -1.08226379E-02   1.97094008E-02 -0.500000000    
          13           8   3.85227688E-02   2.44913362E-02 -0.500000000    
          13           9  0.142302409       2.10343003E-02 -0.500000000    
          13          10  0.188982353       1.79385785E-02 -0.500000000    
          13          11  0.165856898       1.21429395E-02 -0.500000000    
          13          12   6.23809732E-02   6.29469985E-04 -0.500000000    
          13          13   1.06787710E-02  -8.52779299E-03 -0.500000000    
          13          14   5.02130389E-02  -6.52584294E-03 -0.500000000    
          13          15   5.66969886E-02   2.87082861E-03 -0.500000000    
          13          16   5.34818098E-02   1.08733238E-03 -0.500000000    
          13          17   5.58945388E-02  -4.59956611E-03 -0.500000000    
          13          18   5.37129603E-02   1.72592187E-03 -0.500000000    
          13          19   5.88947386E-02   3.49367433E-03 -0.500000000    
          13          20   5.10367714E-02  -7.25955516E-03 -0.500000000    
          13          21   3.07728630E-03  -1.00590494E-02 -0.500000000    
          13          22   5.93448058E-02  -1.02880353E-03 -0.500000000    
          13          23  0.169399142       1.12721138E-02 -0.500000000    
          13          24  0.202859461       1.72701702E-02 -0.500000000    
          13          25  0.159153849       1.94094926E-02 -0.500000000    
          13          26   5.48165068E-02   1.97848026E-02 -0.500000000    
          13          27   2.56237807E-03   1.39804296E-02 -0.500000000    
          13          28   5.26845502E-03   6.18560286E-03 -0.500000000    
          13          29   7.51752499E-03  -3.10043944E-03 -0.500000000    
          13          30   1.38706481E-02  -1.81616917E-02 -0.500000000    
          13          31   2.77316608E-02  -4.03977670E-02 -0.500000000    
          13          32   1.25342831E-02  -6.76436946E-02 -0.500000000    
          13          33   2.58668326E-02  -8.99144262E-02 -0.500000000    
          14           1  0.223037004     -0.108581692     -0.500000000    
          14           2   4.54144403E-02  -8.32366496E-02 -0.500000000    
          14           3  -1.16329389E-02  -5.85090108E-02 -0.500000000    
          14           4  -4.23215213E-04  -3.46989110E-02 -0.500000000    
          14           5   7.09316600E-03  -1.18865557E-02 -0.500000000    
          14           6  -3.73604940E-04   7.80622987E-03 -0.500000000    
          14           7  -1.57812610E-02   2.37417649E-02 -0.500000000    
          14           8   3.12194191E-02   3.24263275E-02 -0.500000000    
          14           9  0.155132607       3.03039178E-02 -0.500000000    
          14          10  0.229293227       2.61686407E-02 -0.500000000    
          14          11  0.219346091       1.89519860E-02 -0.500000000    
          14          12  0.118349776       5.39245550E-03 -0.500000000    
          14          13   5.02122492E-02  -6.52616890E-03 -0.500000000    
          14          14   8.35652128E-02  -7.45778624E-03 -0.500000000    
          14          15   9.03920457E-02   7.62584619E-04 -0.500000000    
          14          16   8.35953951E-02  -2.97454797E-04 -0.500000000    
          14          17   8.61466303E-02  -5.54608833E-03 -0.500000000    
          14          18   8.52756426E-02   8.19589826E-04 -0.500000000    
          14          19   9.54080075E-02   1.96881196E-03 -0.500000000    
          14          20   8.66130292E-02  -7.31378747E-03 -0.500000000    
          14          21   4.45881858E-02  -6.85733743E-03 -0.500000000    
          14          22  0.117921636       5.27560711E-03 -0.500000000    
          14          23  0.221550822       1.96274947E-02 -0.500000000    
          14          24  0.236318752       2.66642384E-02 -0.500000000    
          14          25  0.161080733       2.89821085E-02 -0.500000000    
          14          26   3.68444286E-02   2.69933976E-02 -0.500000000    
          14          27  -1.16453003E-02   1.64685901E-02 -0.500000000    
          14          28  -3.60437878E-03   2.05769087E-03 -0.500000000    
          14          29   4.39784303E-03  -1.51134524E-02 -0.500000000    
          14          30  -2.55723950E-03  -3.58807147E-02 -0.500000000    
          14          31  -4.26067412E-02  -5.60742877E-02 -0.500000000    
          14          32  -8.36086124E-02  -7.24586770E-02 -0.500000000    
          14          33  -2.55409144E-02  -8.45492184E-02 -0.500000000    
          15           1  0.227853626     -0.101339601     -0.500000000    
          15           2   4.13382463E-02  -8.05126429E-02 -0.500000000    
          15           3  -2.14163102E-02  -6.21279702E-02 -0.500000000    
          15           4  -4.41963226E-03  -4.39692587E-02 -0.500000000    
          15           5   1.04907528E-02  -2.34586634E-02 -0.500000000    
          15           6   5.09931007E-03  -2.29477137E-03 -0.500000000    
          15           7  -1.63500272E-02   1.76356547E-02 -0.500000000    
          15           8   1.57129802E-02   3.13804485E-02 -0.500000000    
          15           9  0.134858191       3.37381363E-02 -0.500000000    
          15          10  0.216700688       3.26144509E-02 -0.500000000    
          15          11  0.218236685       2.76588649E-02 -0.500000000    
          15          12  0.129587427       1.51632661E-02 -0.500000000    
          15          13   5.66967055E-02   2.87043909E-03 -0.500000000    
          15          14   9.03927162E-02   7.62370240E-04 -0.500000000    
          15          15  0.103809915       8.54376052E-03 -0.500000000    
          15          16   9.80585068E-02   8.25505424E-03 -0.500000000    
          15          17  0.101234101       3.47142178E-03 -0.500000000    
          15          18   9.88513604E-02   9.58291162E-03 -0.500000000    
          15          19  0.107007518       9.86821484E-03 -0.500000000    
          15          20   8.99607316E-02   9.84678860E-04 -0.500000000    
          15          21   4.75489572E-02   2.47329287E-03 -0.500000000    
          15          22  0.126881585       1.47142746E-02 -0.500000000    
          15          23  0.219201013       2.73805633E-02 -0.500000000    
          15          24  0.224379763       3.13400216E-02 -0.500000000    
          15          25  0.143578604       2.98157204E-02 -0.500000000    
          15          26   2.51081232E-02   2.30530761E-02 -0.500000000    
          15          27  -1.08096013E-02   8.23818799E-03 -0.500000000    
          15          28   5.44182258E-05  -8.40564072E-03 -0.500000000    
          15          29   2.61798222E-03  -2.46029776E-02 -0.500000000    
          15          30  -1.35557791E-02  -4.08262648E-02 -0.500000000    
          15          31  -6.16541430E-02  -5.45471795E-02 -0.500000000    
          15          32  -9.87307876E-02  -6.55511692E-02 -0.500000000    
          15          33  -2.64989287E-02  -7.50267208E-02 -0.500000000    
          16           1  0.232076168      -9.86494198E-02 -0.500000000    
          16           2   4.53300066E-02  -7.68211707E-02 -0.500000000    
          16           3  -2.11752206E-02  -5.81635013E-02 -0.500000000    
          16           4  -5.29093482E-03  -4.16694134E-02 -0.500000000    
          16           5   9.70411487E-03  -2.44103670E-02 -0.500000000    
          16           6   5.72841056E-03  -6.90300297E-03 -0.500000000    
          16           7  -1.52216898E-02   1.02458717E-02 -0.500000000    
          16           8   1.27549907E-02   2.28017475E-02 -0.500000000    
          16           9  0.131105945       2.53124982E-02 -0.500000000    
          16          10  0.215847269       2.52591651E-02 -0.500000000    
          16          11  0.219180301       2.23204214E-02 -0.500000000    
          16          12  0.132225662       1.19619211E-02 -0.500000000    
          16          13   5.34817465E-02   1.08697393E-03 -0.500000000    
          16          14   8.35961848E-02  -2.97591148E-04 -0.500000000    
          16          15   9.80585143E-02   8.25516973E-03 -0.500000000    
          16          16   9.17933658E-02   8.97290464E-03 -0.500000000    
          16          17   9.49831754E-02   4.56129527E-03 -0.500000000    
          16          18   9.27877054E-02   1.00734616E-02 -0.500000000    
          16          19  0.101734884       8.98858719E-03 -0.500000000    
          16          20   8.35077316E-02  -9.40711237E-04 -0.500000000    
          16          21   4.53642122E-02  -3.86862084E-04 -0.500000000    
          16          22  0.131291613       1.03404485E-02 -0.500000000    
          16          23  0.221854836       2.08894685E-02 -0.500000000    
          16          24  0.224700958       2.31381096E-02 -0.500000000    
          16          25  0.140019581       2.11754348E-02 -0.500000000    
          16          26   2.13750694E-02   1.52684925E-02 -0.500000000    
          16          27  -1.15779452E-02   2.84735044E-03 -0.500000000    
          16          28  -7.03071011E-04  -1.02330511E-02 -0.500000000    
          16          29   1.65695976E-03  -2.29086038E-02 -0.500000000    
          16          30  -1.50603037E-02  -3.68643366E-02 -0.500000000    
          16          31  -6.44403845E-02  -5.01309037E-02 -0.500000000    
          16          32  -9.89280045E-02  -6.21028244E-02 -0.500000000    
          16          33  -2.37095468E-02  -7.25955963E-02 -0.500000000    
          17           1  0.232544243      -9.81430262E-02 -0.500000000    
          17           2   4.59084883E-02  -7.58459270E-02 -0.500000000    
          17           3  -2.06543058E-02  -5.65462746E-02 -0.500000000    
          17           4  -4.64501884E-03  -3.96653414E-02 -0.500000000    
          17           5   1.03455624E-02  -2.26712003E-02 -0.500000000    
          17           6   5.49114402E-03  -6.26726262E-03 -0.500000000    
          17           7  -1.66614186E-02   9.12878383E-03 -0.500000000    
          17           8   9.99906845E-03   1.97331905E-02 -0.500000000    
          17           9  0.128100291       2.05126572E-02 -0.500000000    
          17          10  0.214134812       1.93076115E-02 -0.500000000    
          17          11  0.219532236       1.59967951E-02 -0.500000000    
          17          12  0.134653836       5.85596589E-03 -0.500000000    
          17          13   5.58942035E-02  -4.59995074E-03 -0.500000000    
          17          14   8.61472785E-02  -5.54614002E-03 -0.500000000    
          17          15  0.101234198       3.47163063E-03 -0.500000000    
          17          16   9.49830338E-02   4.56136605E-03 -0.500000000    
          17          17   9.83318612E-02   2.39877496E-04 -0.500000000    
          17          18   9.59182680E-02   5.49669797E-03 -0.500000000    
          17          19  0.104714505       3.88976233E-03 -0.500000000    
          17          20   8.56937394E-02  -6.56741858E-03 -0.500000000    
          17          21   4.72486615E-02  -6.39508339E-03 -0.500000000    
          17          22  0.133150637       4.11122479E-03 -0.500000000    
          17          23  0.221632585       1.47864837E-02 -0.500000000    
          17          24  0.222436830       1.78537201E-02 -0.500000000    
          17          25  0.136831656       1.74606480E-02 -0.500000000    
          17          26   1.90152135E-02   1.35181956E-02 -0.500000000    
          17          27  -1.22614186E-02   2.98502157E-03 -0.500000000    
          17          28  -2.26882403E-04  -8.72982014E-03 -0.500000000    
          17          29   2.33912747E-03  -2.08579097E-02 -0.500000000    
          17          30  -1.48487724E-02  -3.50118876E-02 -0.500000000    
          17          31  -6.47856966E-02  -4.88665588E-02 -0.500000000    
          17          32  -9.92349461E-02  -6.14220425E-02 -0.500000000    
          17          33  -2.30841748E-02  -7.22498521E-02 -0.500000000    
          18           1  0.228180557      -9.79382396E-02 -0.500000000    
          18           2   4.26626839E-02  -7.63893425E-02 -0.500000000    
          18           3  -2.13865358E-02  -5.80821559E-02 -0.500000000    
          18           4  -5.53334318E-03  -4.18770947E-02 -0.500000000    
          18           5   8.50254111E-03  -2.49054208E-02 -0.500000000    
          18           6   3.83422151E-03  -7.60755688E-03 -0.500000000    
          18           7  -1.65645406E-02   9.44679789E-03 -0.500000000    
          18           8   1.44850137E-02   2.19582412E-02 -0.500000000    
          18           9  0.133799508       2.46320907E-02 -0.500000000    
          18          10  0.217006490       2.50017382E-02 -0.500000000    
          18          11  0.218752727       2.23521516E-02 -0.500000000    
          18          12  0.129872918       1.22399302E-02 -0.500000000    
          18          13   5.37126511E-02   1.72559894E-03 -0.500000000    
          18          14   8.52762908E-02   8.19526787E-04 -0.500000000    
          18          15   9.88513455E-02   9.58298892E-03 -0.500000000    
          18          16   9.27875862E-02   1.00734951E-02 -0.500000000    
          18          17   9.59182307E-02   5.49668912E-03 -0.500000000    
          18          18   9.37419608E-02   1.11087356E-02 -0.500000000    
          18          19  0.102456018       1.02583393E-02 -0.500000000    
          18          20   8.53077397E-02   7.34478017E-05 -0.500000000    
          18          21   4.54990417E-02   9.51141265E-05 -0.500000000    
          18          22  0.128518522       1.03938002E-02 -0.500000000    
          18          23  0.220922634       2.06715874E-02 -0.500000000    
          18          24  0.225387916       2.26378813E-02 -0.500000000    
          18          25  0.142364830       2.03188285E-02 -0.500000000    
          18          26   2.29269844E-02   1.43028069E-02 -0.500000000    
          18          27  -1.25278952E-02   1.92063872E-03 -0.500000000    
          18          28  -1.99369318E-03  -1.10263992E-02 -0.500000000    
          18          29   1.19626475E-03  -2.34082825E-02 -0.500000000    
          18          30  -1.42234750E-02  -3.70273553E-02 -0.500000000    
          18          31  -6.28825054E-02  -5.00451699E-02 -0.500000000    
          18          32  -9.97224003E-02  -6.18128069E-02 -0.500000000    
          18          33  -2.75423042E-02  -7.21622556E-02 -0.500000000    
          19           1  0.220441699     -0.100290306     -0.500000000    
          19           2   3.64773870E-02  -8.01399276E-02 -0.500000000    
          19           3  -2.15570051E-02  -6.23903200E-02 -0.500000000    
          19           4  -4.56048455E-03  -4.44064997E-02 -0.500000000    
          19           5   8.58524535E-03  -2.37822942E-02 -0.500000000    
          19           6   1.79297884E-03  -2.32294854E-03 -0.500000000    
          19           7  -1.85128003E-02   1.78847760E-02 -0.500000000    
          19           8   1.96244549E-02   3.16388980E-02 -0.500000000    
          19           9  0.140339166       3.40710767E-02 -0.500000000    
          19          10  0.219339222       3.32294554E-02 -0.500000000    
          19          11  0.218082860       2.81643104E-02 -0.500000000    
          19          12  0.126030520       1.55371083E-02 -0.500000000    
          19          13   5.88947870E-02   3.49320285E-03 -0.500000000    
          19          14   9.54085812E-02   1.96854630E-03 -0.500000000    
          19          15  0.107007556       9.86818876E-03 -0.500000000    
          19          16  0.101734869       8.98850895E-03 -0.500000000    
          19          17  0.104714461       3.88958235E-03 -0.500000000    
          19          18  0.102455936       1.02582527E-02 -0.500000000    
          19          19  0.110035591       1.12310611E-02 -0.500000000    
          19          20   9.51509923E-02   2.23127473E-03 -0.500000000    
          19          21   4.94735502E-02   3.11414595E-03 -0.500000000    
          19          22  0.122217812       1.50363436E-02 -0.500000000    
          19          23  0.217755675       2.78110225E-02 -0.500000000    
          19          24  0.225805938       3.18449251E-02 -0.500000000    
          19          25  0.148210108       3.00201848E-02 -0.500000000    
          19          26   2.86374036E-02   2.30642650E-02 -0.500000000    
          19          27  -1.21252183E-02   7.96513911E-03 -0.500000000    
          19          28  -1.95736857E-03  -9.08150803E-03 -0.500000000    
          19          29   2.12296471E-03  -2.54369117E-02 -0.500000000    
          19          30  -1.17096882E-02  -4.15097065E-02 -0.500000000    
          19          31  -5.81948273E-02  -5.48903383E-02 -0.500000000    
          19          32  -9.94558409E-02  -6.53796792E-02 -0.500000000    
          19          33  -3.32310237E-02  -7.44256377E-02 -0.500000000    
          20           1  0.214785278     -0.107830480     -0.500000000    
          20           2   4.22987491E-02  -8.26508701E-02 -0.500000000    
          20           3  -9.06215142E-03  -5.76781668E-02 -0.500000000    
          20           4   4.84429765E-05  -3.32020819E-02 -0.500000000    
          20           5   4.22610901E-03  -9.95917432E-03 -0.500000000    
          20           6  -4.36921511E-03   9.76059958E-03 -0.500000000    
          20           7  -1.59870181E-02   2.52854899E-02 -0.500000000    
          20           8   4.14944217E-02   3.30598615E-02 -0.500000000    
          20           9  0.166865900       3.02781854E-02 -0.500000000    
          20          10  0.234909818       2.59254053E-02 -0.500000000    
          20          11  0.218261272       1.81380119E-02 -0.500000000    
          20          12  0.110972382       4.25667595E-03 -0.500000000    
          20          13   5.10361455E-02  -7.25989416E-03 -0.500000000    
          20          14   8.66130367E-02  -7.31377769E-03 -0.500000000    
          20          15   8.99600536E-02   9.84854996E-04 -0.500000000    
          20          16   8.35067481E-02  -9.40675149E-04 -0.500000000    
          20          17   8.56929868E-02  -6.56744326E-03 -0.500000000    
          20          18   8.53068829E-02   7.34364003E-05 -0.500000000    
          20          19   9.51502696E-02   2.23138137E-03 -0.500000000    
          20          20   9.06769559E-02  -7.10583897E-03 -0.500000000    
          20          21   4.61291261E-02  -7.53094163E-03 -0.500000000    
          20          22  0.109973744       4.14888933E-03 -0.500000000    
          20          23  0.219721109       1.88815296E-02 -0.500000000    
          20          24  0.240817547       2.65785884E-02 -0.500000000    
          20          25  0.171489537       2.92320829E-02 -0.500000000    
          20          26   4.57733907E-02   2.78389845E-02 -0.500000000    
          20          27  -1.15631148E-02   1.77625399E-02 -0.500000000    
          20          28  -6.12414069E-03   3.29593197E-03 -0.500000000    
          20          29   4.05146694E-03  -1.41725009E-02 -0.500000000    
          20          30   1.92004908E-03  -3.54394428E-02 -0.500000000    
          20          31  -3.36705893E-02  -5.62170856E-02 -0.500000000    
          20          32  -7.89405406E-02  -7.27781951E-02 -0.500000000    
          20          33  -3.08565516E-02  -8.46885517E-02 -0.500000000    
          21           1  0.243872672      -9.95162949E-02 -0.500000000    
          21           2   9.17048007E-02  -6.54030517E-02 -0.500000000    
          21           3   1.83485243E-02  -3.50959376E-02 -0.500000000    
          21           4   2.80386792E-03  -1.42272133E-02 -0.500000000    
          21           5   9.12910700E-03   6.02711050E-04 -0.500000000    
          21           6   4.02049860E-03   1.21190287E-02 -0.500000000    
          21           7  -7.07891723E-03   2.13439073E-02 -0.500000000    
          21           8   5.20494021E-02   2.45486554E-02 -0.500000000    
          21           9  0.150632918       2.01441590E-02 -0.500000000    
          21          10  0.185217142       1.66676547E-02 -0.500000000    
          21          11  0.152342796       1.01233209E-02 -0.500000000    
          21          12   4.28815857E-02  -1.62508246E-03 -0.500000000    
          21          13   3.07724276E-03  -1.00590661E-02 -0.500000000    
          21          14   4.45887111E-02  -6.85701380E-03 -0.500000000    
          21          15   4.75491174E-02   2.47372547E-03 -0.500000000    
          21          16   4.53646332E-02  -3.86541476E-04 -0.500000000    
          21          17   4.72490229E-02  -6.39478583E-03 -0.500000000    
          21          18   4.54994068E-02   9.54216521E-05 -0.500000000    
          21          19   4.94737998E-02   3.11449938E-03 -0.500000000    
          21          20   4.61295806E-02  -7.53070600E-03 -0.500000000    
          21          21  -3.69248143E-03  -1.15481438E-02 -0.500000000    
          21          22   3.89719643E-02  -3.32673709E-03 -0.500000000    
          21          23  0.155504227       9.25321784E-03 -0.500000000    
          21          24  0.199218124       1.61160994E-02 -0.500000000    
          21          25  0.168291256       1.88161191E-02 -0.500000000    
          21          26   6.91072717E-02   2.01913044E-02 -0.500000000    
          21          27   8.25020019E-03   1.55405113E-02 -0.500000000    
          21          28   6.53016474E-03   8.53316765E-03 -0.500000000    
          21          29   8.00693408E-03   2.19853828E-05 -0.500000000    
          21          30   1.97625048E-02  -1.45241600E-02 -0.500000000    
          21          31   5.31758405E-02  -3.72702889E-02 -0.500000000    
          21          32   4.93777320E-02  -6.60516769E-02 -0.500000000    
          21          33   4.47711311E-02  -8.95910040E-02 -0.500000000    
          22           1  -3.01133282E-03  -4.24667671E-02 -0.500000000    
          22           2  -1.01012792E-02  -3.60686481E-02 -0.500000000    
          22           3   9.90827754E-02  -2.58800406E-02 -0.500000000    
          22           4   9.83859450E-02  -1.18371407E-02 -0.500000000    
          22           5   3.96525301E-02   1.16185064E-03 -0.500000000    
          22           6  -2.17477176E-02   1.30637614E-02 -0.500000000    
          22           7  -6.07785136E-02   2.26883255E-02 -0.500000000    
          22           8  -1.12185124E-02   2.54485793E-02 -0.500000000    
          22           9   8.07656199E-02   2.18246169E-02 -0.500000000    
          22          10  0.135548502       1.99430287E-02 -0.500000000    
          22          11  0.137723491       1.44566298E-02 -0.500000000    
          22          12   5.80795407E-02   4.48845048E-03 -0.500000000    
          22          13   5.93471564E-02  -1.02876441E-03 -0.500000000    
          22          14  0.117924362       5.27586043E-03 -0.500000000    
          22          15  0.126883909       1.47145726E-02 -0.500000000    
          22          16  0.131294057       1.03406040E-02 -0.500000000    
          22          17  0.133152947       4.11139056E-03 -0.500000000    
          22          18  0.128520668       1.03939893E-02 -0.500000000    
          22          19  0.122220002       1.50366630E-02 -0.500000000    
          22          20  0.109976277       4.14917292E-03 -0.500000000    
          22          21   3.89744751E-02  -3.32674035E-03 -0.500000000    
          22          22   3.35105583E-02   1.45574939E-03 -0.500000000    
          22          23  0.116937459       1.18462304E-02 -0.500000000    
          22          24  0.127827749       1.74861904E-02 -0.500000000    
          22          25   8.96059498E-02   1.88037287E-02 -0.500000000    
          22          26   1.18648661E-02   1.99311506E-02 -0.500000000    
          22          27  -2.98744235E-02   1.59406904E-02 -0.500000000    
          22          28  -1.07575441E-03   9.25838761E-03 -0.500000000    
          22          29   4.85464409E-02   2.20833765E-03 -0.500000000    
          22          30  0.116851442      -7.26159988E-03 -0.500000000    
          22          31  0.182071850      -1.96961518E-02 -0.500000000    
          22          32  0.161024377      -3.03865839E-02 -0.500000000    
          22          33   9.32719037E-02  -3.75554301E-02 -0.500000000    
          23           1 -0.344566673      -5.39198564E-03 -0.500000000    
          23           2 -0.213153914      -1.19630769E-02 -0.500000000    
          23           3  -3.09584644E-02  -1.25059588E-02 -0.500000000    
          23           4  0.118800521      -5.29760309E-03 -0.500000000    
          23           5   3.86969112E-02   3.82716698E-03 -0.500000000    
          23           6  -5.87317981E-02   1.48329288E-02 -0.500000000    
          23           7  -6.63399398E-02   2.70635393E-02 -0.500000000    
          23           8   4.52579111E-02   3.32046263E-02 -0.500000000    
          23           9  0.175390467       3.41210440E-02 -0.500000000    
          23          10  0.245077655       3.32799479E-02 -0.500000000    
          23          11  0.232496098       2.55130995E-02 -0.500000000    
          23          12  0.141551256       1.49001358E-02 -0.500000000    
          23          13  0.169401780       1.12719871E-02 -0.500000000    
          23          14  0.221552655       1.96275320E-02 -0.500000000    
          23          15  0.219202295       2.73805689E-02 -0.500000000    
          23          16  0.221856192       2.08893493E-02 -0.500000000    
          23          17  0.221633941       1.47863571E-02 -0.500000000    
          23          18  0.220923945       2.06714533E-02 -0.500000000    
          23          19  0.217757255       2.78109852E-02 -0.500000000    
          23          20  0.219723180       1.88816115E-02 -0.500000000    
          23          21  0.155506983       9.25312657E-03 -0.500000000    
          23          22  0.116938248       1.18460357E-02 -0.500000000    
          23          23  0.205231339       2.25414764E-02 -0.500000000    
          23          24  0.214966655       2.99727712E-02 -0.500000000    
          23          25  0.144729629       2.99081039E-02 -0.500000000    
          23          26   2.12464053E-02   2.71762572E-02 -0.500000000    
          23          27  -6.81993142E-02   1.96520817E-02 -0.500000000    
          23          28  -3.00794654E-02   8.77558254E-03 -0.500000000    
          23          29  0.106513157       7.36624468E-04 -0.500000000    
          23          30  0.227994695      -4.95109754E-03 -0.500000000    
          23          31   4.90175039E-02  -5.57835354E-03 -0.500000000    
          23          32 -0.221167117       5.99196181E-03 -0.500000000    
          23          33 -0.312695950       1.81948505E-02 -0.500000000    
          24           1   2.86478363E-03  -5.34373596E-02 -0.500000000    
          24           2  0.102853566      -4.27976102E-02 -0.500000000    
          24           3   3.12586352E-02  -2.02476848E-02 -0.500000000    
          24           4  -6.22318760E-02   5.05633745E-03 -0.500000000    
          24           5  -8.27516913E-02   2.33922005E-02 -0.500000000    
          24           6  -4.59194183E-02   3.05555947E-02 -0.500000000    
          24           7   2.74272338E-02   3.80022116E-02 -0.500000000    
          24           8  0.172381625       4.27778959E-02 -0.500000000    
          24           9  0.309763849       4.43317071E-02 -0.500000000    
          24          10  0.325975358       4.32642996E-02 -0.500000000    
          24          11  0.233038589       3.18850167E-02 -0.500000000    
          24          12  0.146091253       1.95035487E-02 -0.500000000    
          24          13  0.202860028       1.72699355E-02 -0.500000000    
          24          14  0.236317813       2.66641919E-02 -0.500000000    
          24          15  0.224378422       3.13399956E-02 -0.500000000    
          24          16  0.224699706       2.31380034E-02 -0.500000000    
          24          17  0.222435251       1.78536512E-02 -0.500000000    
          24          18  0.225386530       2.26377565E-02 -0.500000000    
          24          19  0.225804448       3.18447500E-02 -0.500000000    
          24          20  0.240816891       2.65785456E-02 -0.500000000    
          24          21  0.199219182       1.61159858E-02 -0.500000000    
          24          22  0.127828091       1.74859129E-02 -0.500000000    
          24          23  0.214965105       2.99724936E-02 -0.500000000    
          24          24  0.304436177       4.09830026E-02 -0.500000000    
          24          25  0.278438121       4.12508622E-02 -0.500000000    
          24          26  0.138178706       3.76402102E-02 -0.500000000    
          24          27   1.12784412E-02   2.92099416E-02 -0.500000000    
          24          28  -3.27128582E-02   2.05879938E-02 -0.500000000    
          24          29  -1.54166613E-02   1.63308922E-02 -0.500000000    
          24          30   3.37269343E-02   3.97970900E-03 -0.500000000    
          24          31  0.107081451      -1.70152877E-02 -0.500000000    
          24          32  0.109278545      -3.48897837E-02 -0.500000000    
          24          33 -0.155165225      -3.28760222E-02 -0.500000000    
          25           1   3.37919593E-02  -5.41930571E-02 -0.500000000    
          25           2   3.88059858E-03  -3.65922078E-02 -0.500000000    
          25           3  -6.51965961E-02  -1.24440100E-02 -0.500000000    
          25           4  -8.90266746E-02   1.38246613E-02 -0.500000000    
          25           5  -4.59574945E-02   3.46955955E-02 -0.500000000    
          25           6  -6.21000901E-02   5.19418158E-02 -0.500000000    
          25           7   6.69477060E-02   5.56359962E-02 -0.500000000    
          25           8  0.251654416       5.02033494E-02 -0.500000000    
          25           9  0.321606576       4.67561968E-02 -0.500000000    
          25          10  0.292471737       4.25089076E-02 -0.500000000    
          25          11  0.148975134       3.12320311E-02 -0.500000000    
          25          12   9.45427492E-02   1.99518260E-02 -0.500000000    
          25          13  0.159150496       1.94099136E-02 -0.500000000    
          25          14  0.161076084       2.89826877E-02 -0.500000000    
          25          15  0.143573761       2.98162717E-02 -0.500000000    
          25          16  0.140014172       2.11760048E-02 -0.500000000    
          25          17  0.136826456       1.74612608E-02 -0.500000000    
          25          18  0.142359748       2.03194134E-02 -0.500000000    
          25          19  0.148205474       3.00207697E-02 -0.500000000    
          25          20  0.171485290       2.92326994E-02 -0.500000000    
          25          21  0.168288544       1.88166089E-02 -0.500000000    
          25          22   8.96041095E-02   1.88038386E-02 -0.500000000    
          25          23  0.144725889       2.99080405E-02 -0.500000000    
          25          24  0.278434724       4.12508696E-02 -0.500000000    
          25          25  0.299598217       4.56222370E-02 -0.500000000    
          25          26  0.225658372       4.73262370E-02 -0.500000000    
          25          27   4.79260646E-02   4.75338511E-02 -0.500000000    
          25          28  -5.11730015E-02   4.10103835E-02 -0.500000000    
          25          29  -5.42733679E-03   2.62749512E-02 -0.500000000    
          25          30  -7.35403132E-03   7.49092735E-03 -0.500000000    
          25          31   2.47782245E-02  -1.64991952E-02 -0.500000000    
          25          32   5.86719215E-02  -3.71434018E-02 -0.500000000    
          25          33   2.97257258E-03  -5.02172820E-02 -0.500000000    
          26           1  -5.12443706E-02  -3.95000391E-02 -0.500000000    
          26           2  -3.09151374E-02  -2.44987160E-02 -0.500000000    
          26           3  -1.53394155E-02  -9.86093935E-03 -0.500000000    
          26           4   4.43754019E-03   1.09356241E-02 -0.500000000    
          26           5  0.101557590       3.56185175E-02 -0.500000000    
          26           6  0.174240440       5.54423109E-02 -0.500000000    
          26           7   8.49090666E-02   6.64261356E-02 -0.500000000    
          26           8  0.185369059       5.87607361E-02 -0.500000000    
          26           9  0.229377940       4.66365218E-02 -0.500000000    
          26          10  0.140719220       3.76372263E-02 -0.500000000    
          26          11   1.45430919E-02   2.78200060E-02 -0.500000000    
          26          12   3.69759323E-03   1.98288225E-02 -0.500000000    
          26          13   5.48122637E-02   1.97858587E-02 -0.500000000    
          26          14   3.68400104E-02   2.69945413E-02 -0.500000000    
          26          15   2.51039863E-02   2.30542216E-02 -0.500000000    
          26          16   2.13710051E-02   1.52696967E-02 -0.500000000    
          26          17   1.90112032E-02   1.35195451E-02 -0.500000000    
          26          18   2.29227766E-02   1.43041518E-02 -0.500000000    
          26          19   2.86328290E-02   2.30655167E-02 -0.500000000    
          26          20   4.57685292E-02   2.78402343E-02 -0.500000000    
          26          21   6.91026896E-02   2.01925542E-02 -0.500000000    
          26          22   1.18609183E-02   1.99321490E-02 -0.500000000    
          26          23   2.12420821E-02   2.71770544E-02 -0.500000000    
          26          24  0.138173863       3.76407988E-02 -0.500000000    
          26          25  0.225654453       4.73267548E-02 -0.500000000    
          26          26  0.165249765       5.75615019E-02 -0.500000000    
          26          27   8.10994580E-02   5.92464507E-02 -0.500000000    
          26          28  0.147290573       4.59036157E-02 -0.500000000    
          26          29   6.23157583E-02   2.95111723E-02 -0.500000000    
          26          30  -4.30672010E-03   8.19177646E-03 -0.500000000    
          26          31   1.41395396E-02  -1.09949987E-02 -0.500000000    
          26          32  -6.23010425E-03  -2.48769298E-02 -0.500000000    
          26          33  -7.06960186E-02  -3.85445394E-02 -0.500000000    
          27           1  -8.70447457E-02  -2.51634195E-02 -0.500000000    
          27           2  -8.62078145E-02  -1.22422781E-02 -0.500000000    
          27           3   3.93958762E-02  -4.46280744E-03 -0.500000000    
          27           4  0.214425534       4.78876103E-03 -0.500000000    
          27           5  0.407911748       2.20548026E-02 -0.500000000    
          27           6  0.485879987       4.20783907E-02 -0.500000000    
          27           7  0.340137362       5.93692660E-02 -0.500000000    
          27           8   8.44268128E-02   5.90741858E-02 -0.500000000    
          27           9   5.89834079E-02   4.45398241E-02 -0.500000000    
          27          10   1.07153729E-02   2.69558597E-02 -0.500000000    
          27          11  -7.03848526E-02   1.88162755E-02 -0.500000000    
          27          12  -3.64406668E-02   1.43538378E-02 -0.500000000    
          27          13   2.56187655E-03   1.39815882E-02 -0.500000000    
          27          14  -1.16451848E-02   1.64696425E-02 -0.500000000    
          27          15  -1.08085517E-02   8.23923666E-03 -0.500000000    
          27          16  -1.15768649E-02   2.84845731E-03 -0.500000000    
          27          17  -1.22604445E-02   2.98620714E-03 -0.500000000    
          27          18  -1.25271147E-02   1.92171475E-03 -0.500000000    
          27          19  -1.21245664E-02   7.96636101E-03 -0.500000000    
          27          20  -1.15633942E-02   1.77639183E-02 -0.500000000    
          27          21   8.24881066E-03   1.55420247E-02 -0.500000000    
          27          22  -2.98758373E-02   1.59420241E-02 -0.500000000    
          27          23  -6.82001412E-02   1.96533427E-02 -0.500000000    
          27          24   1.12750418E-02   2.92112958E-02 -0.500000000    
          27          25   4.79206443E-02   4.75352295E-02 -0.500000000    
          27          26   8.10938776E-02   5.92475273E-02 -0.500000000    
          27          27  0.366890997       5.44361658E-02 -0.500000000    
          27          28  0.481820822       3.34087908E-02 -0.500000000    
          27          29  0.363399267       1.41622173E-02 -0.500000000    
          27          30  0.170376480       2.31411075E-03 -0.500000000    
          27          31   3.84038128E-02  -3.65849258E-03 -0.500000000    
          27          32  -7.84749612E-02  -1.18267592E-02 -0.500000000    
          27          33  -9.91899744E-02  -2.45150141E-02 -0.500000000    
          28           1 -0.105222613      -4.23281454E-03 -0.500000000    
          28           2  -7.58397654E-02   3.47574148E-03 -0.500000000    
          28           3  0.119725995       4.44686413E-03 -0.500000000    
          28           4  0.362605304       6.79544546E-03 -0.500000000    
          28           5  0.567142725       1.40642775E-02 -0.500000000    
          28           6  0.611161172       2.32833270E-02 -0.500000000    
          28           7  0.428075671       3.63279022E-02 -0.500000000    
          28           8  0.132200524       4.43807058E-02 -0.500000000    
          28           9  -2.14905869E-02   3.74705270E-02 -0.500000000    
          28          10  -3.38635631E-02   1.71170272E-02 -0.500000000    
          28          11  -3.52555737E-02   7.02639762E-03 -0.500000000    
          28          12  -7.50228856E-03   6.88882312E-03 -0.500000000    
          28          13   5.26958890E-03   6.18621754E-03 -0.500000000    
          28          14  -3.60226282E-03   2.05798191E-03 -0.500000000    
          28          15   5.68984542E-05  -8.40549357E-03 -0.500000000    
          28          16  -7.00662029E-04  -1.02328304E-02 -0.500000000    
          28          17  -2.24190764E-04  -8.72964785E-03 -0.500000000    
          28          18  -1.99113996E-03  -1.10261543E-02 -0.500000000    
          28          19  -1.95506355E-03  -9.08114202E-03 -0.500000000    
          28          20  -6.12247363E-03   3.29659064E-03 -0.500000000    
          28          21   6.53125346E-03   8.53407104E-03 -0.500000000    
          28          22  -1.07456546E-03   9.25945304E-03 -0.500000000    
          28          23  -3.00783515E-02   8.77679698E-03 -0.500000000    
          28          24  -3.27141508E-02   2.05895454E-02 -0.500000000    
          28          25  -5.11793755E-02   4.10122909E-02 -0.500000000    
          28          26  0.147280872       4.59056012E-02 -0.500000000    
          28          27  0.481810302       3.34102884E-02 -0.500000000    
          28          28  0.640134811       1.64209530E-02 -0.500000000    
          28          29  0.563427687       5.00012282E-03 -0.500000000    
          28          30  0.339886576       8.35626211E-04 -0.500000000    
          28          31  0.110209413       4.21868172E-03 -0.500000000    
          28          32  -5.96752614E-02   4.04961780E-03 -0.500000000    
          28          33  -6.70668855E-02  -4.83154273E-03 -0.500000000    
          29           1  -4.85724211E-02   2.00067386E-02 -0.500000000    
          29           2  -1.54651161E-02   1.98256765E-02 -0.500000000    
          29           3  0.174403533       1.30947968E-02 -0.500000000    
          29           4  0.362954050       8.25432315E-03 -0.500000000    
          29           5  0.518555224       7.00111967E-03 -0.500000000    
          29           6  0.561948538       6.14759559E-03 -0.500000000    
          29           7  0.335927367       1.20983114E-02 -0.500000000    
          29           8   4.65885140E-02   2.64527053E-02 -0.500000000    
          29           9   4.78920806E-03   2.21244115E-02 -0.500000000    
          29          10  -2.75602117E-02   1.30524291E-02 -0.500000000    
          29          11   8.61597061E-02  -1.92530896E-03 -0.500000000    
          29          12   3.67925540E-02  -6.06937567E-04 -0.500000000    
          29          13   7.51746260E-03  -3.10066598E-03 -0.500000000    
          29          14   4.39848285E-03  -1.51140662E-02 -0.500000000    
          29          15   2.61915475E-03  -2.46037263E-02 -0.500000000    
          29          16   1.65794033E-03  -2.29094829E-02 -0.500000000    
          29          17   2.34069210E-03  -2.08587851E-02 -0.500000000    
          29          18   1.19762658E-03  -2.34089606E-02 -0.500000000    
          29          19   2.12421897E-03  -2.54374724E-02 -0.500000000    
          29          20   4.05257568E-03  -1.41727757E-02 -0.500000000    
          29          21   8.00704863E-03   2.20662914E-05 -0.500000000    
          29          22   4.85469960E-02   2.20867037E-03 -0.500000000    
          29          23  0.106511287       7.37372553E-04 -0.500000000    
          29          24  -1.54228210E-02   1.63321123E-02 -0.500000000    
          29          25  -5.43720229E-03   2.62767430E-02 -0.500000000    
          29          26   6.23033047E-02   2.95133665E-02 -0.500000000    
          29          27  0.363377899       1.41648063E-02 -0.500000000    
          29          28  0.563413382       5.00194775E-03 -0.500000000    
          29          29  0.501113415       1.09139539E-03 -0.500000000    
          29          30  0.354360223       1.66559324E-03 -0.500000000    
          29          31  0.182447061       1.08012659E-02 -0.500000000    
          29          32   3.03403903E-02   2.03589797E-02 -0.500000000    
          29          33   5.32551631E-02   1.80886351E-02 -0.500000000    
          30           1  -1.62988547E-02   3.26494239E-02 -0.500000000    
          30           2   3.67951542E-02   2.82580145E-02 -0.500000000    
          30           3  0.176813543       1.74129494E-02 -0.500000000    
          30           4  0.289173782       8.07561632E-03 -0.500000000    
          30           5  0.373237431       1.24471681E-03 -0.500000000    
          30           6  0.354484469      -5.47527988E-03 -0.500000000    
          30           7  0.154651806      -5.54580102E-03 -0.500000000    
          30           8  -3.47662456E-02   2.25304812E-03 -0.500000000    
          30           9  -1.75294597E-02   1.10195926E-03 -0.500000000    
          30          10  -1.17172208E-03   1.69789302E-03 -0.500000000    
          30          11  0.209510624      -8.63804016E-03 -0.500000000    
          30          12   9.71073210E-02  -1.05748996E-02 -0.500000000    
          30          13   1.38653601E-02  -1.81623567E-02 -0.500000000    
          30          14  -2.55990378E-03  -3.58817019E-02 -0.500000000    
          30          15  -1.35572609E-02  -4.08274308E-02 -0.500000000    
          30          16  -1.50615443E-02  -3.68655995E-02 -0.500000000    
          30          17  -1.48499804E-02  -3.50131728E-02 -0.500000000    
          30          18  -1.42250452E-02  -3.70285958E-02 -0.500000000    
          30          19  -1.17106931E-02  -4.15107608E-02 -0.500000000    
          30          20   1.91770843E-03  -3.54403183E-02 -0.500000000    
          30          21   1.97576322E-02  -1.45246694E-02 -0.500000000    
          30          22  0.116843157      -7.26185646E-03 -0.500000000    
          30          23  0.227979153      -4.95110499E-03 -0.500000000    
          30          24   3.37095745E-02   3.98030644E-03 -0.500000000    
          30          25  -7.36824097E-03   7.49210687E-03 -0.500000000    
          30          26  -4.31829598E-03   8.19358695E-03 -0.500000000    
          30          27  0.170356601       2.31683720E-03 -0.500000000    
          30          28  0.339861602       8.38650623E-04 -0.500000000    
          30          29  0.354346991       1.66756264E-03 -0.500000000    
          30          30  0.286528230       4.10096115E-03 -0.500000000    
          30          31  0.188246801       1.35943834E-02 -0.500000000    
          30          32   6.43945262E-02   2.74107046E-02 -0.500000000    
          30          33   7.44819641E-02   2.94837337E-02 -0.500000000    
          31           1  -5.88945337E-02   3.27426605E-02 -0.500000000    
          31           2   3.77053693E-02   2.66289543E-02 -0.500000000    
          31           3  0.131647095       1.84864495E-02 -0.500000000    
          31           4  0.170273662       1.01728374E-02 -0.500000000    
          31           5  0.167659730       4.98860143E-04 -0.500000000    
          31           6   8.18470195E-02  -8.96133296E-03 -0.500000000    
          31           7  -8.86763330E-04  -1.45171033E-02 -0.500000000    
          31           8  -3.00219543E-02  -1.98298190E-02 -0.500000000    
          31           9   2.90262024E-03  -2.40905471E-02 -0.500000000    
          31          10   6.04928210E-02  -1.89942457E-02 -0.500000000    
          31          11   5.57830669E-02  -9.81333293E-03 -0.500000000    
          31          12  0.160327062      -2.36197356E-02 -0.500000000    
          31          13   2.77180634E-02  -4.03983854E-02 -0.500000000    
          31          14  -4.26084287E-02  -5.60754612E-02 -0.500000000    
          31          15  -6.16525672E-02  -5.45485727E-02 -0.500000000    
          31          16  -6.44376799E-02  -5.01324311E-02 -0.500000000    
          31          17  -6.47830963E-02  -4.88681272E-02 -0.500000000    
          31          18  -6.28807247E-02  -5.00467010E-02 -0.500000000    
          31          19  -5.81938811E-02  -5.48915789E-02 -0.500000000    
          31          20  -3.36730853E-02  -5.62179983E-02 -0.500000000    
          31          21   5.31611443E-02  -3.72708328E-02 -0.500000000    
          31          22  0.182041720      -1.96968894E-02 -0.500000000    
          31          23   4.89896685E-02  -5.57899056E-03 -0.500000000    
          31          24  0.107064746      -1.70150641E-02 -0.500000000    
          31          25   2.47647911E-02  -1.64983552E-02 -0.500000000    
          31          26   1.41304070E-02  -1.09935906E-02 -0.500000000    
          31          27   3.83911468E-02  -3.65637103E-03 -0.500000000    
          31          28  0.110189050       4.22185939E-03 -0.500000000    
          31          29  0.182428747       1.08047826E-02 -0.500000000    
          31          30  0.188238457       1.35968076E-02 -0.500000000    
          31          31  0.147833675       1.73119400E-02 -0.500000000    
          31          32   3.12686376E-02   2.66075861E-02 -0.500000000    
          31          33  -2.86410842E-02   3.16535421E-02 -0.500000000    
          32           1 -0.125960320       4.25981916E-02 -0.500000000    
          32           2  -8.55622441E-03   2.26127282E-02 -0.500000000    
          32           3   3.23849395E-02   1.49924187E-02 -0.500000000    
          32           4   3.24938931E-02   1.14705646E-02 -0.500000000    
          32           5  -3.50275412E-02   1.54404389E-03 -0.500000000    
          32           6 -0.120409511      -1.20566515E-02 -0.500000000    
          32           7 -0.115194418      -2.44393367E-02 -0.500000000    
          32           8  -3.24346758E-02  -3.67948189E-02 -0.500000000    
          32           9   4.01024967E-02  -4.69646230E-02 -0.500000000    
          32          10   7.91144371E-02  -3.84019613E-02 -0.500000000    
          32          11 -0.220107704       1.57466833E-03 -0.500000000    
          32          12  0.138650477      -3.57466079E-02 -0.500000000    
          32          13   1.25340605E-02  -6.76444918E-02 -0.500000000    
          32          14  -8.35802555E-02  -7.24605024E-02 -0.500000000    
          32          15  -9.86943021E-02  -6.55534565E-02 -0.500000000    
          32          16  -9.88890827E-02  -6.21053614E-02 -0.500000000    
          32          17  -9.91961360E-02  -6.14245236E-02 -0.500000000    
          32          18  -9.96860862E-02  -6.18150905E-02 -0.500000000    
          32          19  -9.94248018E-02  -6.53816983E-02 -0.500000000    
          32          20  -7.89200515E-02  -7.27794543E-02 -0.500000000    
          32          21   4.93675321E-02  -6.60523921E-02 -0.500000000    
          32          22  0.160969511      -3.03877164E-02 -0.500000000    
          32          23 -0.221201390       5.99117577E-03 -0.500000000    
          32          24  0.109266452      -3.48895714E-02 -0.500000000    
          32          25   5.86633272E-02  -3.71424966E-02 -0.500000000    
          32          26  -6.23731455E-03  -2.48755496E-02 -0.500000000    
          32          27  -7.84831643E-02  -1.18248910E-02 -0.500000000    
          32          28  -5.96859641E-02   4.05237777E-03 -0.500000000    
          32          29   3.03312894E-02   2.03625895E-02 -0.500000000    
          32          30   6.43905178E-02   2.74147931E-02 -0.500000000    
          32          31   3.12645249E-02   2.66102646E-02 -0.500000000    
          32          32  -6.05534427E-02   3.72054353E-02 -0.500000000    
          32          33 -0.224811718       6.28844053E-02 -0.500000000    
          33           1 -0.367733240       8.54963213E-02 -0.500000000    
          33           2  -7.59688765E-02   2.20155548E-02 -0.500000000    
          33           3   7.38611305E-03   1.02912448E-02 -0.500000000    
          33           4   2.74471510E-02   1.28246080E-02 -0.500000000    
          33           5  -3.21797617E-02   1.71740318E-03 -0.500000000    
          33           6  -9.70613882E-02  -1.89764742E-02 -0.500000000    
          33           7  -6.78242072E-02  -3.75631973E-02 -0.500000000    
          33           8   1.40216900E-03  -5.38918525E-02 -0.500000000    
          33           9   6.91643432E-02  -6.63932562E-02 -0.500000000    
          33          10 -0.139614925      -4.04653028E-02 -0.500000000    
          33          11 -0.330341101       1.38971750E-02 -0.500000000    
          33          12   8.13853666E-02  -4.42626327E-02 -0.500000000    
          33          13   2.59121433E-02  -8.99161100E-02 -0.500000000    
          33          14  -2.54646745E-02  -8.45524073E-02 -0.500000000    
          33          15  -2.64129750E-02  -7.50308484E-02 -0.500000000    
          33          16  -2.36215293E-02  -7.25998357E-02 -0.500000000    
          33          17  -2.29973663E-02  -7.22540691E-02 -0.500000000    
          33          18  -2.74593681E-02  -7.21662566E-02 -0.500000000    
          33          19  -3.31549644E-02  -7.44292066E-02 -0.500000000    
          33          20  -3.07940524E-02  -8.46912116E-02 -0.500000000    
          33          21   4.47960459E-02  -8.95925090E-02 -0.500000000    
          33          22   9.32167694E-02  -3.75571623E-02 -0.500000000    
          33          23 -0.312746555       1.81940161E-02 -0.500000000    
          33          24 -0.155175403      -3.28753591E-02 -0.500000000    
          33          25   2.96930177E-03  -5.02161160E-02 -0.500000000    
          33          26  -7.06990659E-02  -3.85429934E-02 -0.500000000    
          33          27  -9.91944224E-02  -2.45132800E-02 -0.500000000    
          33          28  -6.70742169E-02  -4.82910639E-03 -0.500000000    
          33          29   5.32497317E-02   1.80919264E-02 -0.500000000    
          33          30   7.44865388E-02   2.94875856E-02 -0.500000000    
          33          31  -2.86358837E-02   3.16565260E-02 -0.500000000    
          33          32 -0.224795043       6.28836453E-02 -0.500000000    
          33          33  -2.05033552E-02  0.104940876     -0.500000000    
