           1           1  0.112582341      -5.44456542E-02 -0.500000000    
           1           2   2.34779436E-02  -5.30970134E-02 -0.500000000    
           1           3  -2.69391201E-02  -5.37536182E-02 -0.500000000    
           1           4  -6.32382706E-02  -5.14165834E-02 -0.500000000    
           1           5   9.05959774E-03  -5.14963306E-02 -0.500000000    
           1           6   8.81680474E-02  -5.93952835E-02 -0.500000000    
           1           7  0.108927518      -7.14381486E-02 -0.500000000    
           1           8  0.122411609      -8.52303207E-02 -0.500000000    
           1           9  0.160199031     -0.103300489     -0.500000000    
           1          10  0.320651919     -0.118601426     -0.500000000    
           1          11  0.359004080      -9.44687426E-02 -0.500000000    
           1          12  -7.15514198E-02  -4.77852151E-02 -0.500000000    
           1          13  0.335127681     -0.100907020     -0.500000000    
           1          14  0.389027894     -0.139073402     -0.500000000    
           1          15  0.369859725     -0.138324037     -0.500000000    
           1          16  0.365963578     -0.131064504     -0.500000000    
           1          17  0.365032345     -0.128905281     -0.500000000    
           1          18  0.365513295     -0.130878374     -0.500000000    
           1          19  0.370278776     -0.138605267     -0.500000000    
           1          20  0.397217393     -0.138629049     -0.500000000    
           1          21  0.309819996      -9.56935212E-02 -0.500000000    
           1          22  -8.24533179E-02  -4.27585430E-02 -0.500000000    
           1          23  0.327204287      -9.12720412E-02 -0.500000000    
           1          24  0.251056761     -0.105013579     -0.500000000    
           1          25  0.125101045      -9.03162435E-02 -0.500000000    
           1          26  0.114393771      -7.64996782E-02 -0.500000000    
           1          27   9.03832838E-02  -6.26828596E-02 -0.500000000    
           1          28   4.28061746E-02  -4.73816022E-02 -0.500000000    
           1          29  -6.33082613E-02  -3.84510532E-02 -0.500000000    
           1          30 -0.116894431      -4.07018103E-02 -0.500000000    
           1          31  -6.55681491E-02  -4.50079031E-02 -0.500000000    
           1          32  -4.72588018E-02  -4.03794199E-02 -0.500000000    
           1          33   5.67254145E-03  -3.49970497E-02 -0.500000000    
           2           1   2.34840438E-02  -5.30983284E-02 -0.500000000    
           2           2 -0.126007229      -4.21509519E-02 -0.500000000    
           2           3 -0.139311105      -3.93204503E-02 -0.500000000    
           2           4  -7.91344196E-02  -4.19433266E-02 -0.500000000    
           2           5   2.60920972E-02  -4.84555662E-02 -0.500000000    
           2           6  0.105356231      -5.74960932E-02 -0.500000000    
           2           7   8.63128752E-02  -6.41917884E-02 -0.500000000    
           2           8   1.30690355E-02  -6.79027066E-02 -0.500000000    
           2           9  -2.71824766E-02  -7.46676400E-02 -0.500000000    
           2          10  -2.21302621E-02  -8.23865011E-02 -0.500000000    
           2          11  0.136683226      -7.27488399E-02 -0.500000000    
           2          12 -0.121190369      -5.09996265E-02 -0.500000000    
           2          13  0.157270372      -7.95443729E-02 -0.500000000    
           2          14  0.212530926     -0.102802582     -0.500000000    
           2          15  0.203826129     -0.111055151     -0.500000000    
           2          16  0.203302547     -0.107069992     -0.500000000    
           2          17  0.203863621     -0.104684412     -0.500000000    
           2          18  0.200505868     -0.107099473     -0.500000000    
           2          19  0.199491337     -0.111175932     -0.500000000    
           2          20  0.211154237     -0.100841917     -0.500000000    
           2          21  0.129707083      -7.53920674E-02 -0.500000000    
           2          22 -0.134743080      -4.64814492E-02 -0.500000000    
           2          23  0.137307420      -7.15957507E-02 -0.500000000    
           2          24  -3.22902240E-02  -7.35604987E-02 -0.500000000    
           2          25  -3.66198644E-02  -6.44686073E-02 -0.500000000    
           2          26  -2.47874334E-02  -5.76591678E-02 -0.500000000    
           2          27   1.73329860E-02  -5.17212488E-02 -0.500000000    
           2          28   1.94630772E-02  -4.45697755E-02 -0.500000000    
           2          29  -4.56872098E-02  -3.90567221E-02 -0.500000000    
           2          30 -0.111726239      -3.74760032E-02 -0.500000000    
           2          31 -0.135669693      -3.89380567E-02 -0.500000000    
           2          32  -7.47213885E-02  -4.58573252E-02 -0.500000000    
           2          33  0.115997732      -6.10095188E-02 -0.500000000    
           3           1  -2.69317236E-02  -5.37552796E-02 -0.500000000    
           3           2 -0.139307007      -3.93211581E-02 -0.500000000    
           3           3 -0.165550336      -2.63680276E-02 -0.500000000    
           3           4  -7.39867017E-02  -2.60127410E-02 -0.500000000    
           3           5   2.12535262E-02  -3.26745175E-02 -0.500000000    
           3           6   9.92362127E-02  -4.17164117E-02 -0.500000000    
           3           7  0.108058788      -5.07784821E-02 -0.500000000    
           3           8   5.06929457E-02  -5.33718877E-02 -0.500000000    
           3           9  -3.33670191E-02  -5.30153923E-02 -0.500000000    
           3          10  -9.32818353E-02  -5.53624779E-02 -0.500000000    
           3          11 -0.101581320      -4.68069278E-02 -0.500000000    
           3          12  -7.43691176E-02  -5.02669588E-02 -0.500000000    
           3          13   6.28418252E-02  -5.56871854E-02 -0.500000000    
           3          14   5.77433854E-02  -6.57723919E-02 -0.500000000    
           3          15   5.99167310E-02  -8.02929327E-02 -0.500000000    
           3          16   5.93072996E-02  -8.10991526E-02 -0.500000000    
           3          17   6.00422136E-02  -7.90252909E-02 -0.500000000    
           3          18   5.65519184E-02  -8.15549195E-02 -0.500000000    
           3          19   5.55455722E-02  -8.03277567E-02 -0.500000000    
           3          20   5.26325703E-02  -6.28746822E-02 -0.500000000    
           3          21   5.83423749E-02  -5.24819903E-02 -0.500000000    
           3          22  -9.18138549E-02  -4.66522761E-02 -0.500000000    
           3          23  -7.98828825E-02  -4.55696769E-02 -0.500000000    
           3          24 -0.105223291      -4.79888692E-02 -0.500000000    
           3          25  -3.36787812E-02  -4.56269719E-02 -0.500000000    
           3          26   2.84259748E-02  -4.43243943E-02 -0.500000000    
           3          27   7.53183737E-02  -4.11003642E-02 -0.500000000    
           3          28   7.86000192E-02  -3.57115231E-02 -0.500000000    
           3          29   3.29637043E-02  -3.18023562E-02 -0.500000000    
           3          30  -3.58067453E-02  -2.91580874E-02 -0.500000000    
           3          31 -0.111325383      -3.24180312E-02 -0.500000000    
           3          32  -6.56802282E-02  -4.67232801E-02 -0.500000000    
           3          33   1.70899499E-02  -5.77584766E-02 -0.500000000    
           4           1  -6.32321313E-02  -5.14181443E-02 -0.500000000    
           4           2  -7.91302994E-02  -4.19441350E-02 -0.500000000    
           4           3  -7.39841610E-02  -2.60129403E-02 -0.500000000    
           4           4   6.74826652E-02  -1.89718585E-02 -0.500000000    
           4           5  0.187176749      -1.89581178E-02 -0.500000000    
           4           6  0.242496565      -2.38111690E-02 -0.500000000    
           4           7  0.249846458      -3.29367556E-02 -0.500000000    
           4           8  0.149226457      -3.63912359E-02 -0.500000000    
           4           9  -8.69111717E-03  -2.74069719E-02 -0.500000000    
           4          10  -6.10225983E-02  -2.88916249E-02 -0.500000000    
           4          11 -0.177896455      -2.60217395E-02 -0.500000000    
           4          12   6.39862865E-02  -3.94657068E-02 -0.500000000    
           4          13   5.67537062E-02  -3.71871255E-02 -0.500000000    
           4          14   2.74657942E-02  -4.09591459E-02 -0.500000000    
           4          15   3.24566923E-02  -5.54159805E-02 -0.500000000    
           4          16   3.18084583E-02  -6.14700280E-02 -0.500000000    
           4          17   3.09912041E-02  -6.08728603E-02 -0.500000000    
           4          18   3.03368270E-02  -6.21130057E-02 -0.500000000    
           4          19   3.00152432E-02  -5.49121425E-02 -0.500000000    
           4          20   2.35884208E-02  -3.76532264E-02 -0.500000000    
           4          21   6.31361678E-02  -3.39492448E-02 -0.500000000    
           4          22   6.86190650E-02  -3.62396501E-02 -0.500000000    
           4          23 -0.176085219      -2.32475791E-02 -0.500000000    
           4          24  -9.00630802E-02  -2.24554334E-02 -0.500000000    
           4          25  -1.14618046E-02  -2.21129321E-02 -0.500000000    
           4          26  0.142815486      -2.98627783E-02 -0.500000000    
           4          27  0.254205406      -2.84691416E-02 -0.500000000    
           4          28  0.272619814      -2.52588987E-02 -0.500000000    
           4          29  0.237872958      -2.56096404E-02 -0.500000000    
           4          30  0.119266517      -2.69970689E-02 -0.500000000    
           4          31  -3.15228216E-02  -3.25513221E-02 -0.500000000    
           4          32  -5.31994365E-02  -4.49638218E-02 -0.500000000    
           4          33  -9.05316323E-02  -4.75962460E-02 -0.500000000    
           5           1   9.06101335E-03  -5.14975153E-02 -0.500000000    
           5           2   2.60928627E-02  -4.84561622E-02 -0.500000000    
           5           3   2.12546531E-02  -3.26746479E-02 -0.500000000    
           5           4  0.187180817      -1.89581607E-02 -0.500000000    
           5           5  0.335140765      -1.02958549E-02 -0.500000000    
           5           6  0.384439915      -6.80954615E-03 -0.500000000    
           5           7  0.354604036      -8.86943191E-03 -0.500000000    
           5           8  0.208884060      -6.34376286E-03 -0.500000000    
           5           9   3.86051871E-02   4.95680142E-03 -0.500000000    
           5          10   3.57812620E-03   1.16258394E-03 -0.500000000    
           5          11  -5.48200160E-02  -8.00442602E-03 -0.500000000    
           5          12   5.64398579E-02  -2.21692137E-02 -0.500000000    
           5          13   6.08089827E-02  -2.08115540E-02 -0.500000000    
           5          14   5.56594357E-02  -2.15208456E-02 -0.500000000    
           5          15   5.76430932E-02  -3.10949236E-02 -0.500000000    
           5          16   5.93993925E-02  -4.10483629E-02 -0.500000000    
           5          17   5.73662892E-02  -4.30343896E-02 -0.500000000    
           5          18   5.82335033E-02  -4.15501036E-02 -0.500000000    
           5          19   5.52444123E-02  -2.98833698E-02 -0.500000000    
           5          20   5.31261154E-02  -1.83191113E-02 -0.500000000    
           5          21   6.25424460E-02  -1.75967757E-02 -0.500000000    
           5          22   5.55400550E-02  -1.92556418E-02 -0.500000000    
           5          23  -7.30989128E-02  -4.10965644E-03 -0.500000000    
           5          24  -2.67681610E-02   5.60834305E-03 -0.500000000    
           5          25   4.37105112E-02   8.44352506E-03 -0.500000000    
           5          26  0.242039785      -4.06937115E-03 -0.500000000    
           5          27  0.410396069      -9.69631504E-03 -0.500000000    
           5          28  0.451676190      -1.31793618E-02 -0.500000000    
           5          29  0.408334345      -2.00598221E-02 -0.500000000    
           5          30  0.239757836      -2.77470704E-02 -0.500000000    
           5          31   2.47239247E-02  -3.76615524E-02 -0.500000000    
           5          32  -2.12238189E-02  -4.70236950E-02 -0.500000000    
           5          33  -9.68527719E-02  -4.29457016E-02 -0.500000000    
           6           1   8.81661177E-02  -5.93957305E-02 -0.500000000    
           6           2  0.105354592      -5.74962050E-02 -0.500000000    
           6           3   9.92351472E-02  -4.17164303E-02 -0.500000000    
           6           4  0.242501363      -2.38109343E-02 -0.500000000    
           6           5  0.384445906      -6.80935755E-03 -0.500000000    
           6           6  0.428769588       7.58343935E-03 -0.500000000    
           6           7  0.364640057       1.87196638E-02 -0.500000000    
           6           8  0.232422754       2.98733581E-02 -0.500000000    
           6           9  0.107345358       3.41793373E-02 -0.500000000    
           6          10   2.84434222E-02   2.82380432E-02 -0.500000000    
           6          11   3.74975055E-02   6.99683791E-03 -0.500000000    
           6          12   2.29121000E-02  -3.01172445E-03 -0.500000000    
           6          13   4.88898642E-02  -4.36142087E-03 -0.500000000    
           6          14   7.57496431E-02  -3.94288730E-03 -0.500000000    
           6          15   7.37320855E-02  -7.12771760E-03 -0.500000000    
           6          16   7.75287300E-02  -1.82576999E-02 -0.500000000    
           6          17   7.57031664E-02  -2.30615921E-02 -0.500000000    
           6          18   7.61483312E-02  -1.83941666E-02 -0.500000000    
           6          19   7.08819106E-02  -5.46065439E-03 -0.500000000    
           6          20   7.35257268E-02  -1.26183254E-03 -0.500000000    
           6          21   4.37116623E-02  -1.52978487E-03 -0.500000000    
           6          22   8.39210302E-03  -8.84028967E-04 -0.500000000    
           6          23   1.71446726E-02   1.05812624E-02 -0.500000000    
           6          24  -6.14738651E-03   3.20133716E-02 -0.500000000    
           6          25  0.117233440       3.58331539E-02 -0.500000000    
           6          26  0.294046134       2.77187973E-02 -0.500000000    
           6          27  0.452961147       1.24101788E-02 -0.500000000    
           6          28  0.523939371      -2.20176717E-03 -0.500000000    
           6          29  0.470187604      -1.71874221E-02 -0.500000000    
           6          30  0.277700186      -3.14476527E-02 -0.500000000    
           6          31   4.96928841E-02  -4.44522500E-02 -0.500000000    
           6          32   2.05510412E-03  -5.30562736E-02 -0.500000000    
           6          33  -4.35541794E-02  -5.08115925E-02 -0.500000000    
           7           1  0.108922578      -7.14374259E-02 -0.500000000    
           7           2   8.63091871E-02  -6.41913041E-02 -0.500000000    
           7           3  0.108056009      -5.07780313E-02 -0.500000000    
           7           4  0.249847740      -3.29362303E-02 -0.500000000    
           7           5  0.354609311      -8.86902399E-03 -0.500000000    
           7           6  0.364643872       1.87198315E-02 -0.500000000    
           7           7  0.303109705       4.30243276E-02 -0.500000000    
           7           8  0.174462900       5.96864000E-02 -0.500000000    
           7           9   2.92752385E-02   5.92969358E-02 -0.500000000    
           7          10   6.25862479E-02   4.42620143E-02 -0.500000000    
           7          11   6.60485774E-02   2.64166985E-02 -0.500000000    
           7          12  -3.67491879E-03   1.77917965E-02 -0.500000000    
           7          13   7.29430420E-03   1.23642944E-02 -0.500000000    
           7          14   5.67517094E-02   1.26898512E-02 -0.500000000    
           7          15   5.60510196E-02   1.48876896E-02 -0.500000000    
           7          16   5.97006902E-02   5.18257357E-03 -0.500000000    
           7          17   5.93258142E-02  -1.62969122E-03 -0.500000000    
           7          18   5.79428226E-02   5.54888695E-03 -0.500000000    
           7          19   5.31138219E-02   1.67129487E-02 -0.500000000    
           7          20   5.35573736E-02   1.47044137E-02 -0.500000000    
           7          21  -3.63677647E-03   1.45118246E-02 -0.500000000    
           7          22  -2.15517506E-02   1.91432666E-02 -0.500000000    
           7          23   4.61560562E-02   2.88875364E-02 -0.500000000    
           7          24   4.31341268E-02   4.74939570E-02 -0.500000000    
           7          25   2.37669814E-02   5.98257780E-02 -0.500000000    
           7          26  0.226600811       5.52617423E-02 -0.500000000    
           7          27  0.383450329       3.35020646E-02 -0.500000000    
           7          28  0.448054135       7.57328887E-03 -0.500000000    
           7          29  0.405187041      -1.78970601E-02 -0.500000000    
           7          30  0.220288530      -3.68476696E-02 -0.500000000    
           7          31   8.61320458E-03  -4.83097732E-02 -0.500000000    
           7          32  -1.97686944E-02  -5.84060550E-02 -0.500000000    
           7          33   1.48361586E-02  -6.44469708E-02 -0.500000000    
           8           1  0.122402057      -8.52282271E-02 -0.500000000    
           8           2   1.30629512E-02  -6.79012984E-02 -0.500000000    
           8           3   5.06872162E-02  -5.33705540E-02 -0.500000000    
           8           4  0.149223045      -3.63901220E-02 -0.500000000    
           8           5  0.208884910      -6.34299032E-03 -0.500000000    
           8           6  0.232424840       2.98735909E-02 -0.500000000    
           8           7  0.174462974       5.96863106E-02 -0.500000000    
           8           8   1.56456716E-02   7.53918812E-02 -0.500000000    
           8           9   9.86719653E-02   6.93484470E-02 -0.500000000    
           8          10  0.140339300       5.77291138E-02 -0.500000000    
           8          11   8.96195248E-02   4.81503643E-02 -0.500000000    
           8          12  -2.40071397E-02   3.72530073E-02 -0.500000000    
           8          13  -4.91255671E-02   2.80361790E-02 -0.500000000    
           8          14   4.96048713E-03   2.79298667E-02 -0.500000000    
           8          15   6.62619155E-03   3.36784087E-02 -0.500000000    
           8          16   6.11595996E-03   2.70192754E-02 -0.500000000    
           8          17   7.41786649E-03   1.96048431E-02 -0.500000000    
           8          18   5.11814933E-03   2.78533380E-02 -0.500000000    
           8          19   6.42568618E-03   3.53369378E-02 -0.500000000    
           8          20   4.82456526E-03   2.91223098E-02 -0.500000000    
           8          21  -5.78916445E-02   2.90938094E-02 -0.500000000    
           8          22  -3.00607868E-02   3.76214758E-02 -0.500000000    
           8          23   8.52017179E-02   4.89900112E-02 -0.500000000    
           8          24  0.150318384       5.89177646E-02 -0.500000000    
           8          25  0.110174805       6.86152279E-02 -0.500000000    
           8          26   5.07037267E-02   6.82592615E-02 -0.500000000    
           8          27  0.209610760       4.91017960E-02 -0.500000000    
           8          28  0.241509199       2.14667208E-02 -0.500000000    
           8          29  0.175509840      -1.02881882E-02 -0.500000000    
           8          30   7.12289736E-02  -3.43046188E-02 -0.500000000    
           8          31  -4.09070812E-02  -4.80230786E-02 -0.500000000    
           8          32  -4.89543080E-02  -6.40053079E-02 -0.500000000    
           8          33   8.07196572E-02  -7.94690102E-02 -0.500000000    
           9           1  0.160167605     -0.103295811     -0.500000000    
           9           2  -2.71958150E-02  -7.46647790E-02 -0.500000000    
           9           3  -3.33767906E-02  -5.30132689E-02 -0.500000000    
           9           4  -8.69981572E-03  -2.74050664E-02 -0.500000000    
           9           5   3.86022218E-02   4.95819887E-03 -0.500000000    
           9           6  0.107344732       3.41799483E-02 -0.500000000    
           9           7   2.92743519E-02   5.92966750E-02 -0.500000000    
           9           8   9.86746848E-02   6.93478584E-02 -0.500000000    
           9           9  0.261941224       6.65500313E-02 -0.500000000    
           9          10  0.291375160       6.48071170E-02 -0.500000000    
           9          11  0.218903407       6.04641512E-02 -0.500000000    
           9          12   5.34396209E-02   4.80601862E-02 -0.500000000    
           9          13  -1.35905445E-02   3.66321057E-02 -0.500000000    
           9          14   2.77528204E-02   3.62228937E-02 -0.500000000    
           9          15   2.63917446E-02   4.40591164E-02 -0.500000000    
           9          16   1.59052666E-02   4.11320478E-02 -0.500000000    
           9          17   1.78511366E-02   3.44920009E-02 -0.500000000    
           9          18   1.87668949E-02   4.22308967E-02 -0.500000000    
           9          19   3.47450078E-02   4.51715253E-02 -0.500000000    
           9          20   3.78058106E-02   3.63005400E-02 -0.500000000    
           9          21  -1.16780633E-02   3.61417718E-02 -0.500000000    
           9          22   6.36390522E-02   4.72864918E-02 -0.500000000    
           9          23  0.233588904       5.96706085E-02 -0.500000000    
           9          24  0.307285607       6.38897121E-02 -0.500000000    
           9          25  0.273887098       6.40307143E-02 -0.500000000    
           9          26  0.110663176       6.16320185E-02 -0.500000000    
           9          27   5.19967712E-02   4.86098751E-02 -0.500000000    
           9          28   9.51846763E-02   2.68332046E-02 -0.500000000    
           9          29  -1.32380892E-02   2.63254507E-03 -0.500000000    
           9          30  -8.82225782E-02  -2.60348599E-02 -0.500000000    
           9          31  -9.52253267E-02  -5.07898778E-02 -0.500000000    
           9          32  -3.83458473E-02  -7.38012865E-02 -0.500000000    
           9          33  0.174451187      -9.85697582E-02 -0.500000000    
          10           1  0.320562959     -0.118594237     -0.500000000    
          10           2  -2.21707970E-02  -8.23817179E-02 -0.500000000    
          10           3  -9.33005586E-02  -5.53592369E-02 -0.500000000    
          10           4  -6.10347986E-02  -2.88889688E-02 -0.500000000    
          10           5   3.57432081E-03   1.16475369E-03 -0.500000000    
          10           6   2.84411386E-02   2.82390248E-02 -0.500000000    
          10           7   6.25853315E-02   4.42617647E-02 -0.500000000    
          10           8  0.140343577       5.77281192E-02 -0.500000000    
          10           9  0.291380346       6.48064166E-02 -0.500000000    
          10          10  0.387878269       6.69651628E-02 -0.500000000    
          10          11  0.332617700       6.40710369E-02 -0.500000000    
          10          12  0.192379430       5.05220629E-02 -0.500000000    
          10          13   9.40685645E-02   3.78432795E-02 -0.500000000    
          10          14  0.125686288       3.56784128E-02 -0.500000000    
          10          15  0.135858551       4.36066538E-02 -0.500000000    
          10          16  0.121697038       4.41697910E-02 -0.500000000    
          10          17  0.124385305       3.93490046E-02 -0.500000000    
          10          18  0.125824466       4.55613285E-02 -0.500000000    
          10          19  0.146326482       4.44159433E-02 -0.500000000    
          10          20  0.134265229       3.52641866E-02 -0.500000000    
          10          21   9.43532288E-02   3.67221050E-02 -0.500000000    
          10          22  0.201351672       4.96276207E-02 -0.500000000    
          10          23  0.346811861       6.32230863E-02 -0.500000000    
          10          24  0.397172004       6.53360561E-02 -0.500000000    
          10          25  0.288686454       6.09944575E-02 -0.500000000    
          10          26  0.139381617       4.95011248E-02 -0.500000000    
          10          27   6.19120672E-02   3.43269445E-02 -0.500000000    
          10          28   2.02682465E-02   2.11219992E-02 -0.500000000    
          10          29  -2.45974381E-02  -8.18120607E-04 -0.500000000    
          10          30  -8.60186443E-02  -2.92778164E-02 -0.500000000    
          10          31  -7.98028782E-02  -5.52816689E-02 -0.500000000    
          10          32  -9.88487341E-03  -7.95250162E-02 -0.500000000    
          10          33  0.240307391     -0.108865470     -0.500000000    
          11           1  0.358921528      -9.44602787E-02 -0.500000000    
          11           2  0.136613220      -7.27425069E-02 -0.500000000    
          11           3 -0.101616137      -4.68027145E-02 -0.500000000    
          11           4 -0.177902132      -2.60185711E-02 -0.500000000    
          11           5  -5.48178889E-02  -8.00182857E-03 -0.500000000    
          11           6   3.74951959E-02   6.99827448E-03 -0.500000000    
          11           7   6.60459101E-02   2.64167748E-02 -0.500000000    
          11           8   8.96221101E-02   4.81496975E-02 -0.500000000    
          11           9  0.218910530       6.04633130E-02 -0.500000000    
          11          10  0.332621872       6.40709251E-02 -0.500000000    
          11          11  0.347526878       6.16610907E-02 -0.500000000    
          11          12  0.274165928       5.07685766E-02 -0.500000000    
          11          13  0.160800204       3.85187566E-02 -0.500000000    
          11          14  0.173580080       3.41482013E-02 -0.500000000    
          11          15  0.200002268       4.08838429E-02 -0.500000000    
          11          16  0.189475104       4.44057770E-02 -0.500000000    
          11          17  0.192480773       4.20020670E-02 -0.500000000    
          11          18  0.192333549       4.60238270E-02 -0.500000000    
          11          19  0.206838503       4.15027700E-02 -0.500000000    
          11          20  0.174282238       3.34663168E-02 -0.500000000    
          11          21  0.156264320       3.70074734E-02 -0.500000000    
          11          22  0.277941436       4.94551621E-02 -0.500000000    
          11          23  0.353516698       6.01942204E-02 -0.500000000    
          11          24  0.336464733       6.12202659E-02 -0.500000000    
          11          25  0.209585667       5.46743982E-02 -0.500000000    
          11          26   7.24588707E-02   3.92125845E-02 -0.500000000    
          11          27   3.99084687E-02   1.81179065E-02 -0.500000000    
          11          28   1.35033941E-02   2.00629118E-03 -0.500000000    
          11          29  -3.76647972E-02  -9.13140643E-03 -0.500000000    
          11          30 -0.156223193      -2.21014712E-02 -0.500000000    
          11          31 -0.149053812      -3.67895104E-02 -0.500000000    
          11          32  -3.94594520E-02  -5.48485480E-02 -0.500000000    
          11          33  -2.05323938E-02  -6.33615255E-02 -0.500000000    
          12           1  -7.16026723E-02  -4.77751978E-02 -0.500000000    
          12           2 -0.121244490      -5.09920679E-02 -0.500000000    
          12           3  -7.43845999E-02  -5.02623394E-02 -0.500000000    
          12           4   6.39920235E-02  -3.94621752E-02 -0.500000000    
          12           5   5.64388856E-02  -2.21661702E-02 -0.500000000    
          12           6   2.29079518E-02  -3.00981430E-03 -0.500000000    
          12           7  -3.67946317E-03   1.77922826E-02 -0.500000000    
          12           8  -2.40075514E-02   3.72524522E-02 -0.500000000    
          12           9   5.34459874E-02   4.80594672E-02 -0.500000000    
          12          10  0.192385405       5.05221002E-02 -0.500000000    
          12          11  0.274168462       5.07689007E-02 -0.500000000    
          12          12  0.264376104       4.40208428E-02 -0.500000000    
          12          13  0.163404763       3.30560133E-02 -0.500000000    
          12          14  0.153515637       2.72336509E-02 -0.500000000    
          12          15  0.188308299       3.26416083E-02 -0.500000000    
          12          16  0.184118003       3.86502184E-02 -0.500000000    
          12          17  0.186329171       3.87538970E-02 -0.500000000    
          12          18  0.185281336       4.02399115E-02 -0.500000000    
          12          19  0.190195933       3.28546762E-02 -0.500000000    
          12          20  0.146759391       2.60465685E-02 -0.500000000    
          12          21  0.154640302       3.09691913E-02 -0.500000000    
          12          22  0.260714382       4.20531817E-02 -0.500000000    
          12          23  0.270266265       4.84804176E-02 -0.500000000    
          12          24  0.185928643       4.69196811E-02 -0.500000000    
          12          25   4.20792177E-02   4.15523760E-02 -0.500000000    
          12          26  -3.99590507E-02   2.89395247E-02 -0.500000000    
          12          27  -2.65294537E-02   1.22227091E-02 -0.500000000    
          12          28   8.81259516E-03  -3.92241543E-03 -0.500000000    
          12          29   6.72830269E-02  -1.97335891E-02 -0.500000000    
          12          30   9.43054706E-02  -3.48895639E-02 -0.500000000    
          12          31 -0.110223606      -4.11276855E-02 -0.500000000    
          12          32 -0.292817563      -3.41179706E-02 -0.500000000    
          12          33 -0.260840386      -2.53198035E-02 -0.500000000    
          13           1  0.335065573     -0.100894228     -0.500000000    
          13           2  0.157225192      -7.95343742E-02 -0.500000000    
          13           3   6.28212690E-02  -5.56813367E-02 -0.500000000    
          13           4   5.67482598E-02  -3.71829793E-02 -0.500000000    
          13           5   6.08056933E-02  -2.08081361E-02 -0.500000000    
          13           6   4.88849729E-02  -4.35910607E-03 -0.500000000    
          13           7   7.28825573E-03   1.23650469E-02 -0.500000000    
          13           8  -4.91282120E-02   2.80356407E-02 -0.500000000    
          13           9  -1.35862101E-02   3.66311893E-02 -0.500000000    
          13          10   9.40727592E-02   3.78432386E-02 -0.500000000    
          13          11  0.160801739       3.85191888E-02 -0.500000000    
          13          12  0.163404807       3.30561996E-02 -0.500000000    
          13          13   7.39733353E-02   2.21294779E-02 -0.500000000    
          13          14   4.81372252E-02   1.47110596E-02 -0.500000000    
          13          15   8.43790919E-02   1.84202697E-02 -0.500000000    
          13          16   8.65704045E-02   2.59894393E-02 -0.500000000    
          13          17   8.72991458E-02   2.82008927E-02 -0.500000000    
          13          18   8.61819237E-02   2.75587309E-02 -0.500000000    
          13          19   8.24378803E-02   1.84880476E-02 -0.500000000    
          13          20   3.76176275E-02   1.34700937E-02 -0.500000000    
          13          21   6.56509250E-02   2.01820266E-02 -0.500000000    
          13          22  0.163307264       3.14674936E-02 -0.500000000    
          13          23  0.171009094       3.68239023E-02 -0.500000000    
          13          24  0.112208396       3.51621173E-02 -0.500000000    
          13          25   6.04153797E-03   3.11579835E-02 -0.500000000    
          13          26  -3.29108872E-02   2.08465662E-02 -0.500000000    
          13          27   9.40742809E-03   7.94781744E-03 -0.500000000    
          13          28   3.84076722E-02  -3.69290868E-03 -0.500000000    
          13          29   3.88271920E-02  -1.62497424E-02 -0.500000000    
          13          30   2.18995754E-02  -3.10647711E-02 -0.500000000    
          13          31   6.22855360E-03  -4.88896668E-02 -0.500000000    
          13          32   7.91095123E-02  -6.92193583E-02 -0.500000000    
          13          33  0.215449780      -8.45284238E-02 -0.500000000    
          14           1  0.388979912     -0.139057994     -0.500000000    
          14           2  0.212491468     -0.102790274     -0.500000000    
          14           3   5.77175319E-02  -6.57650158E-02 -0.500000000    
          14           4   2.74565089E-02  -4.09545116E-02 -0.500000000    
          14           5   5.56553043E-02  -2.15169396E-02 -0.500000000    
          14           6   7.57449046E-02  -3.94018507E-03 -0.500000000    
          14           7   5.67455739E-02   1.26908729E-02 -0.500000000    
          14           8   4.95747849E-03   2.79293470E-02 -0.500000000    
          14           9   2.77572125E-02   3.62217911E-02 -0.500000000    
          14          10  0.125690028       3.56780998E-02 -0.500000000    
          14          11  0.173580155       3.41484696E-02 -0.500000000    
          14          12  0.153513730       2.72338185E-02 -0.500000000    
          14          13   4.81353588E-02   1.47109758E-02 -0.500000000    
          14          14   2.67171697E-03   5.18599432E-03 -0.500000000    
          14          15   3.12560573E-02   6.87713549E-03 -0.500000000    
          14          16   3.17499451E-02   1.49685899E-02 -0.500000000    
          14          17   3.08410320E-02   1.86224245E-02 -0.500000000    
          14          18   3.37084718E-02   1.66965462E-02 -0.500000000    
          14          19   3.35585289E-02   7.27620441E-03 -0.500000000    
          14          20  -1.16218044E-03   4.56959149E-03 -0.500000000    
          14          21   5.03270254E-02   1.37720443E-02 -0.500000000    
          14          22  0.166190431       2.70494036E-02 -0.500000000    
          14          23  0.197993562       3.41437422E-02 -0.500000000    
          14          24  0.154096678       3.48250531E-02 -0.500000000    
          14          25   5.02557531E-02   3.25329080E-02 -0.500000000    
          14          26   1.61800086E-02   2.27034073E-02 -0.500000000    
          14          27   4.76134457E-02   9.83358640E-03 -0.500000000    
          14          28   5.29799797E-02  -3.17758345E-03 -0.500000000    
          14          29   2.60316227E-02  -1.92858819E-02 -0.500000000    
          14          30  -1.42707098E-02  -3.93976718E-02 -0.500000000    
          14          31  -1.70859564E-02  -6.30436465E-02 -0.500000000    
          14          32   9.98046845E-02  -9.10643116E-02 -0.500000000    
          14          33  0.229457706     -0.113391347     -0.500000000    
          15           1  0.369818687     -0.138307303     -0.500000000    
          15           2  0.203790158     -0.111041613     -0.500000000    
          15           3   5.98897338E-02  -8.02847296E-02 -0.500000000    
          15           4   3.24460864E-02  -5.54107167E-02 -0.500000000    
          15           5   5.76389246E-02  -3.10906749E-02 -0.500000000    
          15           6   7.37275332E-02  -7.12476345E-03 -0.500000000    
          15           7   5.60449138E-02   1.48889497E-02 -0.500000000    
          15           8   6.62243832E-03   3.36780511E-02 -0.500000000    
          15           9   2.63964832E-02   4.40579131E-02 -0.500000000    
          15          10  0.135863751       4.36061434E-02 -0.500000000    
          15          11  0.200003281       4.08839993E-02 -0.500000000    
          15          12  0.188306719       3.26415487E-02 -0.500000000    
          15          13   8.43768045E-02   1.84199046E-02 -0.500000000    
          15          14   3.12556922E-02   6.87681185E-03 -0.500000000    
          15          15   5.77998608E-02   6.70598540E-03 -0.500000000    
          15          16   5.89735806E-02   1.47863310E-02 -0.500000000    
          15          17   5.71251549E-02   1.93653256E-02 -0.500000000    
          15          18   6.17632084E-02   1.67784393E-02 -0.500000000    
          15          19   6.08651228E-02   7.65218679E-03 -0.500000000    
          15          20   2.82507073E-02   7.10346922E-03 -0.500000000    
          15          21   8.78486782E-02   1.86050925E-02 -0.500000000    
          15          22  0.199649468       3.36849876E-02 -0.500000000    
          15          23  0.220004722       4.19167392E-02 -0.500000000    
          15          24  0.156448305       4.32546176E-02 -0.500000000    
          15          25   4.02121916E-02   4.00458649E-02 -0.500000000    
          15          26   1.04574300E-02   2.73916665E-02 -0.500000000    
          15          27   4.36179228E-02   1.00278668E-02 -0.500000000    
          15          28   5.21369874E-02  -9.15611908E-03 -0.500000000    
          15          29   2.87349094E-02  -3.12922411E-02 -0.500000000    
          15          30  -1.68763995E-02  -5.37133217E-02 -0.500000000    
          15          31  -2.96345726E-02  -7.29186535E-02 -0.500000000    
          15          32   8.77558142E-02  -9.10675526E-02 -0.500000000    
          15          33  0.219551131     -0.104751691     -0.500000000    
          16           1  0.365924269     -0.131047532     -0.500000000    
          16           2  0.203267962     -0.107056096     -0.500000000    
          16           3   5.92802465E-02  -8.10906589E-02 -0.500000000    
          16           4   3.17974798E-02  -6.14646077E-02 -0.500000000    
          16           5   5.93952052E-02  -4.10440937E-02 -0.500000000    
          16           6   7.75243193E-02  -1.82544515E-02 -0.500000000    
          16           7   5.96944913E-02   5.18398080E-03 -0.500000000    
          16           8   6.11157250E-03   2.70190705E-02 -0.500000000    
          16           9   1.59097090E-02   4.11309227E-02 -0.500000000    
          16          10  0.121702485       4.41693142E-02 -0.500000000    
          16          11  0.189476609       4.44059782E-02 -0.500000000    
          16          12  0.184116960       3.86501290E-02 -0.500000000    
          16          13   8.65682438E-02   2.59890612E-02 -0.500000000    
          16          14   3.17497998E-02   1.49681922E-02 -0.500000000    
          16          15   5.89739867E-02   1.47862025E-02 -0.500000000    
          16          16   6.27273098E-02   2.33846642E-02 -0.500000000    
          16          17   6.04520515E-02   2.85425931E-02 -0.500000000    
          16          18   6.48475736E-02   2.52112206E-02 -0.500000000    
          16          19   6.04437813E-02   1.53935663E-02 -0.500000000    
          16          20   2.69055814E-02   1.46398610E-02 -0.500000000    
          16          21   8.88763815E-02   2.53445096E-02 -0.500000000    
          16          22  0.194479853       3.84374335E-02 -0.500000000    
          16          23  0.209771633       4.36755009E-02 -0.500000000    
          16          24  0.143934071       4.16008607E-02 -0.500000000    
          16          25   3.19343507E-02   3.47346440E-02 -0.500000000    
          16          26   1.12937875E-02   1.88283417E-02 -0.500000000    
          16          27   4.74329554E-02  -4.48500534E-04 -0.500000000    
          16          28   5.47959208E-02  -1.93590093E-02 -0.500000000    
          16          29   2.82761492E-02  -3.85180451E-02 -0.500000000    
          16          30  -1.99540369E-02  -5.59148826E-02 -0.500000000    
          16          31  -3.09863165E-02  -7.00777769E-02 -0.500000000    
          16          32   8.88684094E-02  -8.48494843E-02 -0.500000000    
          16          33  0.218345255      -9.69412401E-02 -0.500000000    
          17           1  0.364993900     -0.128888071     -0.500000000    
          17           2  0.203829244     -0.104670361     -0.500000000    
          17           3   6.00148328E-02  -7.90167078E-02 -0.500000000    
          17           4   3.09803933E-02  -6.08674474E-02 -0.500000000    
          17           5   5.73621839E-02  -4.30301577E-02 -0.500000000    
          17           6   7.56987780E-02  -2.30584405E-02 -0.500000000    
          17           7   5.93193732E-02  -1.62826967E-03 -0.500000000    
          17           8   7.41362944E-03   1.96045656E-02 -0.500000000    
          17           9   1.78553350E-02   3.44909281E-02 -0.500000000    
          17          10  0.124390900       3.93486470E-02 -0.500000000    
          17          11  0.192482144       4.20022681E-02 -0.500000000    
          17          12  0.186327994       3.87539379E-02 -0.500000000    
          17          13   8.72971863E-02   2.82006320E-02 -0.500000000    
          17          14   3.08409128E-02   1.86220966E-02 -0.500000000    
          17          15   5.71254380E-02   1.93652939E-02 -0.500000000    
          17          16   6.04521222E-02   2.85427123E-02 -0.500000000    
          17          17   5.81530966E-02   3.38497087E-02 -0.500000000    
          17          18   6.28753901E-02   3.00582629E-02 -0.500000000    
          17          19   5.91232628E-02   1.93382017E-02 -0.500000000    
          17          20   2.68358253E-02   1.73315890E-02 -0.500000000    
          17          21   9.05995965E-02   2.62848102E-02 -0.500000000    
          17          22  0.197556093       3.70195433E-02 -0.500000000    
          17          23  0.213136151       3.96905243E-02 -0.500000000    
          17          24  0.145948619       3.54535729E-02 -0.500000000    
          17          25   3.25311720E-02   2.73995567E-02 -0.500000000    
          17          26   1.12097273E-02   1.16657661E-02 -0.500000000    
          17          27   4.61435653E-02  -6.01096684E-03 -0.500000000    
          17          28   5.27990572E-02  -2.22798381E-02 -0.500000000    
          17          29   2.68379748E-02  -3.86622325E-02 -0.500000000    
          17          30  -2.00382005E-02  -5.41345999E-02 -0.500000000    
          17          31  -3.04055065E-02  -6.76741377E-02 -0.500000000    
          17          32   8.91740471E-02  -8.27234015E-02 -0.500000000    
          17          33  0.217264876      -9.52023938E-02 -0.500000000    
          18           1  0.365473747     -0.130861640     -0.500000000    
          18           2  0.200471073     -0.107085869     -0.500000000    
          18           3   5.65251783E-02  -8.15465748E-02 -0.500000000    
          18           4   3.03263050E-02  -6.21077307E-02 -0.500000000    
          18           5   5.82293645E-02  -4.15459834E-02 -0.500000000    
          18           6   7.61437565E-02  -1.83910429E-02 -0.500000000    
          18           7   5.79363927E-02   5.55016613E-03 -0.500000000    
          18           8   5.11415163E-03   2.78529897E-02 -0.500000000    
          18           9   1.87709499E-02   4.22297344E-02 -0.500000000    
          18          10  0.125830069       4.55608442E-02 -0.500000000    
          18          11  0.192334905       4.60239723E-02 -0.500000000    
          18          12  0.185279965       4.02398929E-02 -0.500000000    
          18          13   8.61800760E-02   2.75582913E-02 -0.500000000    
          18          14   3.37084010E-02   1.66961700E-02 -0.500000000    
          18          15   6.17635623E-02   1.67784356E-02 -0.500000000    
          18          16   6.48476109E-02   2.52112821E-02 -0.500000000    
          18          17   6.28754050E-02   3.00581753E-02 -0.500000000    
          18          18   6.69285655E-02   2.70652957E-02 -0.500000000    
          18          19   6.33363277E-02   1.74170304E-02 -0.500000000    
          18          20   2.88006682E-02   1.63843594E-02 -0.500000000    
          18          21   8.79984125E-02   2.68885233E-02 -0.500000000    
          18          22  0.195235059       3.99536937E-02 -0.500000000    
          18          23  0.212101534       4.51586246E-02 -0.500000000    
          18          24  0.147716314       4.27876972E-02 -0.500000000    
          18          25   3.47331837E-02   3.55432853E-02 -0.500000000    
          18          26   1.05791017E-02   1.92096923E-02 -0.500000000    
          18          27   4.58810925E-02  -6.07238209E-04 -0.500000000    
          18          28   5.34317978E-02  -1.99332852E-02 -0.500000000    
          18          29   2.72423755E-02  -3.92563157E-02 -0.500000000    
          18          30  -2.08259076E-02  -5.66089377E-02 -0.500000000    
          18          31  -3.30910087E-02  -7.05436021E-02 -0.500000000    
          18          32   8.57495815E-02  -8.49910975E-02 -0.500000000    
          18          33  0.216854364      -9.69184190E-02 -0.500000000    
          19           1  0.370236814     -0.138589218     -0.500000000    
          19           2  0.199455127     -0.111163087     -0.500000000    
          19           3   5.55200279E-02  -8.03200081E-02 -0.500000000    
          19           4   3.00056059E-02  -5.49071394E-02 -0.500000000    
          19           5   5.52403145E-02  -2.98793931E-02 -0.500000000    
          19           6   7.08772838E-02  -5.45778964E-03 -0.500000000    
          19           7   5.31076379E-02   1.67140067E-02 -0.500000000    
          19           8   6.42235158E-03   3.53364870E-02 -0.500000000    
          19           9   3.47499661E-02   4.51702550E-02 -0.500000000    
          19          10  0.146331593       4.44154628E-02 -0.500000000    
          19          11  0.206839442       4.15028408E-02 -0.500000000    
          19          12  0.190194115       3.28546241E-02 -0.500000000    
          19          13   8.24356675E-02   1.84876602E-02 -0.500000000    
          19          14   3.35582308E-02   7.27590732E-03 -0.500000000    
          19          15   6.08651564E-02   7.65217515E-03 -0.500000000    
          19          16   6.04433715E-02   1.53936120E-02 -0.500000000    
          19          17   5.91227822E-02   1.93381533E-02 -0.500000000    
          19          18   6.33357763E-02   1.74170490E-02 -0.500000000    
          19          19   6.45053983E-02   8.64177104E-03 -0.500000000    
          19          20   3.10026314E-02   7.54106930E-03 -0.500000000    
          19          21   8.55535269E-02   1.86910164E-02 -0.500000000    
          19          22  0.201368362       3.39344963E-02 -0.500000000    
          19          23  0.226225346       4.26209792E-02 -0.500000000    
          19          24  0.166268229       4.42001261E-02 -0.500000000    
          19          25   4.80428934E-02   4.12801430E-02 -0.500000000    
          19          26   1.02736773E-02   2.88837105E-02 -0.500000000    
          19          27   4.07710932E-02   1.13798333E-02 -0.500000000    
          19          28   4.94188406E-02  -8.16765334E-03 -0.500000000    
          19          29   2.70318482E-02  -3.08367629E-02 -0.500000000    
          19          30  -1.76457986E-02  -5.39495982E-02 -0.500000000    
          19          31  -3.23814116E-02  -7.36423954E-02 -0.500000000    
          19          32   8.28169435E-02  -9.18162689E-02 -0.500000000    
          19          33  0.217856899     -0.105455704     -0.500000000    
          20           1  0.397168398     -0.138614699     -0.500000000    
          20           2  0.211115226     -0.100830428     -0.500000000    
          20           3   5.26091568E-02  -6.28678799E-02 -0.500000000    
          20           4   2.35800967E-02  -3.76486965E-02 -0.500000000    
          20           5   5.31221814E-02  -1.83154717E-02 -0.500000000    
          20           6   7.35209882E-02  -1.25937571E-03 -0.500000000    
          20           7   5.35515808E-02   1.47050805E-02 -0.500000000    
          20           8   4.82198503E-03   2.91215871E-02 -0.500000000    
          20           9   3.78106013E-02   3.62993591E-02 -0.500000000    
          20          10  0.134269044       3.52638923E-02 -0.500000000    
          20          11  0.174282044       3.34666111E-02 -0.500000000    
          20          12  0.146757364       2.60466374E-02 -0.500000000    
          20          13   3.76156904E-02   1.34699875E-02 -0.500000000    
          20          14  -1.16222422E-03   4.56948485E-03 -0.500000000    
          20          15   2.82509103E-02   7.10371323E-03 -0.500000000    
          20          16   2.69057043E-02   1.46401767E-02 -0.500000000    
          20          17   2.68359780E-02   1.73318125E-02 -0.500000000    
          20          18   2.88007408E-02   1.63846407E-02 -0.500000000    
          20          19   3.10028475E-02   7.54127139E-03 -0.500000000    
          20          20  -4.57890099E-03   3.96843161E-03 -0.500000000    
          20          21   3.90730053E-02   1.24995755E-02 -0.500000000    
          20          22  0.159402847       2.58321911E-02 -0.500000000    
          20          23  0.198733687       3.35073732E-02 -0.500000000    
          20          24  0.163485244       3.45661566E-02 -0.500000000    
          20          25   6.16976731E-02   3.28527838E-02 -0.500000000    
          20          26   1.80799235E-02   2.38698982E-02 -0.500000000    
          20          27   4.59586717E-02   1.15719559E-02 -0.500000000    
          20          28   5.09279706E-02  -8.63158144E-04 -0.500000000    
          20          29   2.37088315E-02  -1.65067427E-02 -0.500000000    
          20          30  -1.49140451E-02  -3.68241891E-02 -0.500000000    
          20          31  -1.59338713E-02  -6.15296066E-02 -0.500000000    
          20          32  0.100198604      -9.10467282E-02 -0.500000000    
          20          33  0.233417004     -0.114627443     -0.500000000    
          21           1  0.309757829      -9.56813395E-02 -0.500000000    
          21           2  0.129662871      -7.53827691E-02 -0.500000000    
          21           3   5.83247170E-02  -5.24764173E-02 -0.500000000    
          21           4   6.31312057E-02  -3.39452960E-02 -0.500000000    
          21           5   6.25385791E-02  -1.75935440E-02 -0.500000000    
          21           6   4.37063649E-02  -1.52774132E-03 -0.500000000    
          21           7  -3.64248129E-03   1.45123731E-02 -0.500000000    
          21           8  -5.78931794E-02   2.90930979E-02 -0.500000000    
          21           9  -1.16733769E-02   3.61408405E-02 -0.500000000    
          21          10   9.43570808E-02   3.67220603E-02 -0.500000000    
          21          11  0.156265661       3.70078720E-02 -0.500000000    
          21          12  0.154640093       3.09693348E-02 -0.500000000    
          21          13   6.56510144E-02   2.01819837E-02 -0.500000000    
          21          14   5.03289364E-02   1.37721002E-02 -0.500000000    
          21          15   8.78509060E-02   1.86053738E-02 -0.500000000    
          21          16   8.88782442E-02   2.53448095E-02 -0.500000000    
          21          17   9.06014517E-02   2.62850281E-02 -0.500000000    
          21          18   8.80000666E-02   2.68888567E-02 -0.500000000    
          21          19   8.55555683E-02   1.86913908E-02 -0.500000000    
          21          20   3.90749723E-02   1.24997124E-02 -0.500000000    
          21          21   5.46802655E-02   1.81340668E-02 -0.500000000    
          21          22  0.152208850       2.92574633E-02 -0.500000000    
          21          23  0.163884327       3.53004895E-02 -0.500000000    
          21          24  0.111682497       3.42024751E-02 -0.500000000    
          21          25   9.39832814E-03   3.10145747E-02 -0.500000000    
          21          26  -3.83005142E-02   2.19684206E-02 -0.500000000    
          21          27   2.26233061E-03   9.85369645E-03 -0.500000000    
          21          28   3.55072320E-02  -1.18119828E-03 -0.500000000    
          21          29   4.12387401E-02  -1.32207312E-02 -0.500000000    
          21          30   2.96581294E-02  -2.78706551E-02 -0.500000000    
          21          31   1.01009496E-02  -4.58809659E-02 -0.500000000    
          21          32   6.83413669E-02  -6.62006363E-02 -0.500000000    
          21          33  0.204532623      -8.13025162E-02 -0.500000000    
          22           1  -8.25073272E-02  -4.27493714E-02 -0.500000000    
          22           2 -0.134795472      -4.64744642E-02 -0.500000000    
          22           3  -9.18272212E-02  -4.66476642E-02 -0.500000000    
          22           4   6.86248392E-02  -3.62361521E-02 -0.500000000    
          22           5   5.55388182E-02  -1.92529857E-02 -0.500000000    
          22           6   8.38766713E-03  -8.82476219E-04 -0.500000000    
          22           7  -2.15561166E-02   1.91435218E-02 -0.500000000    
          22           8  -3.00603844E-02   3.76207493E-02 -0.500000000    
          22           9   6.36456236E-02   4.72857766E-02 -0.500000000    
          22          10  0.201356977       4.96277288E-02 -0.500000000    
          22          11  0.277943581       4.94554751E-02 -0.500000000    
          22          12  0.260714054       4.20531519E-02 -0.500000000    
          22          13  0.163307518       3.14672589E-02 -0.500000000    
          22          14  0.166192293       2.70492677E-02 -0.500000000    
          22          15  0.199651018       3.36850658E-02 -0.500000000    
          22          16  0.194480985       3.84374261E-02 -0.500000000    
          22          17  0.197557330       3.70194614E-02 -0.500000000    
          22          18  0.195236444       3.99537273E-02 -0.500000000    
          22          19  0.201370060       3.39345597E-02 -0.500000000    
          22          20  0.159405097       2.58320905E-02 -0.500000000    
          22          21  0.152209461       2.92572659E-02 -0.500000000    
          22          22  0.254830658       3.98726612E-02 -0.500000000    
          22          23  0.270475894       4.70352322E-02 -0.500000000    
          22          24  0.191419899       4.60210443E-02 -0.500000000    
          22          25   4.93867211E-02   4.10149954E-02 -0.500000000    
          22          26  -4.69389670E-02   2.93407850E-02 -0.500000000    
          22          27  -4.17893343E-02   1.32074365E-02 -0.500000000    
          22          28   6.47441251E-04  -2.45847995E-03 -0.500000000    
          22          29   7.70048946E-02  -1.75382067E-02 -0.500000000    
          22          30  0.111520171      -3.22769806E-02 -0.500000000    
          22          31 -0.119652011      -3.78850326E-02 -0.500000000    
          22          32 -0.322618008      -2.99359933E-02 -0.500000000    
          22          33 -0.300361276      -2.08136812E-02 -0.500000000    
          23           1  0.327123463      -9.12650004E-02 -0.500000000    
          23           2  0.137250826      -7.15904385E-02 -0.500000000    
          23           3  -7.99068511E-02  -4.55659218E-02 -0.500000000    
          23           4 -0.176088199      -2.32445076E-02 -0.500000000    
          23           5  -7.30960891E-02  -4.10742778E-03 -0.500000000    
          23           6   1.71423182E-02   1.05822710E-02 -0.500000000    
          23           7   4.61537503E-02   2.88873650E-02 -0.500000000    
          23           8   8.52048621E-02   4.89891544E-02 -0.500000000    
          23           9  0.233595699       5.96699454E-02 -0.500000000    
          23          10  0.346815228       6.32230639E-02 -0.500000000    
          23          11  0.353516132       6.01942167E-02 -0.500000000    
          23          12  0.270263910       4.84800823E-02 -0.500000000    
          23          13  0.171008080       3.68234329E-02 -0.500000000    
          23          14  0.197993770       3.41434963E-02 -0.500000000    
          23          15  0.220003620       4.19166163E-02 -0.500000000    
          23          16  0.209770381       4.36753295E-02 -0.500000000    
          23          17  0.213134989       3.96902896E-02 -0.500000000    
          23          18  0.212100402       4.51584086E-02 -0.500000000    
          23          19  0.226224631       4.26208414E-02 -0.500000000    
          23          20  0.198734358       3.35071459E-02 -0.500000000    
          23          21  0.163883790       3.53001431E-02 -0.500000000    
          23          22  0.270474106       4.70349044E-02 -0.500000000    
          23          23  0.354884505       5.86865768E-02 -0.500000000    
          23          24  0.346207559       6.04368933E-02 -0.500000000    
          23          25  0.220328674       5.42121194E-02 -0.500000000    
          23          26   6.60208762E-02   4.01142091E-02 -0.500000000    
          23          27   2.21809875E-02   1.99778564E-02 -0.500000000    
          23          28  -2.44652736E-03   4.51532146E-03 -0.500000000    
          23          29  -4.72235680E-02  -6.21526549E-03 -0.500000000    
          23          30 -0.144083440      -1.99694932E-02 -0.500000000    
          23          31 -0.102477923      -3.65063958E-02 -0.500000000    
          23          32  -6.09513186E-03  -5.54916039E-02 -0.500000000    
          23          33  -4.44027446E-02  -6.23723082E-02 -0.500000000    
          24           1  0.250990510     -0.105007775     -0.500000000    
          24           2  -3.23164873E-02  -7.35567287E-02 -0.500000000    
          24           3 -0.105236024      -4.79860455E-02 -0.500000000    
          24           4  -9.00725573E-02  -2.24529896E-02 -0.500000000    
          24           5  -2.67706886E-02   5.61014423E-03 -0.500000000    
          24           6  -6.14782795E-03   3.20138633E-02 -0.500000000    
          24           7   4.31339704E-02   4.74932455E-02 -0.500000000    
          24           8  0.150322765       5.89165650E-02 -0.500000000    
          24           9  0.307289690       6.38891235E-02 -0.500000000    
          24          10  0.397170961       6.53361157E-02 -0.500000000    
          24          11  0.336460203       6.12203218E-02 -0.500000000    
          24          12  0.185923278       4.69195470E-02 -0.500000000    
          24          13  0.112205058       3.51620428E-02 -0.500000000    
          24          14  0.154093310       3.48252729E-02 -0.500000000    
          24          15  0.156443909       4.32548821E-02 -0.500000000    
          24          16  0.143929228       4.16011214E-02 -0.500000000    
          24          17  0.145944104       3.54538150E-02 -0.500000000    
          24          18  0.147711754       4.27878834E-02 -0.500000000    
          24          19  0.166264012       4.42004614E-02 -0.500000000    
          24          20  0.163482279       3.45663354E-02 -0.500000000    
          24          21  0.111679636       3.42023969E-02 -0.500000000    
          24          22  0.191415146       4.60208543E-02 -0.500000000    
          24          23  0.346203923       6.04368709E-02 -0.500000000    
          24          24  0.401588351       6.38885573E-02 -0.500000000    
          24          25  0.300008774       6.05953708E-02 -0.500000000    
          24          26  0.144063339       5.11215106E-02 -0.500000000    
          24          27   3.94119695E-02   3.72280739E-02 -0.500000000    
          24          28  -1.29136164E-02   2.39620134E-02 -0.500000000    
          24          29  -4.38355394E-02   2.47801514E-03 -0.500000000    
          24          30  -9.20573771E-02  -2.41900962E-02 -0.500000000    
          24          31  -6.96100369E-02  -4.87847291E-02 -0.500000000    
          24          32  -2.43109604E-03  -7.10186064E-02 -0.500000000    
          24          33  0.192435041      -9.61473137E-02 -0.500000000    
          25           1  0.125080854      -9.03127566E-02 -0.500000000    
          25           2  -3.66303250E-02  -6.44661933E-02 -0.500000000    
          25           3  -3.36885490E-02  -4.56248820E-02 -0.500000000    
          25           4  -1.14706717E-02  -2.21113078E-02 -0.500000000    
          25           5   4.37086038E-02   8.44456069E-03 -0.500000000    
          25           6  0.117234156       3.58332582E-02 -0.500000000    
          25           7   2.37680059E-02   5.98249696E-02 -0.500000000    
          25           8  0.110177830       6.86143711E-02 -0.500000000    
          25           9  0.273885965       6.40305802E-02 -0.500000000    
          25          10  0.288681030       6.09949604E-02 -0.500000000    
          25          11  0.209579200       5.46749197E-02 -0.500000000    
          25          12   4.20738421E-02   4.15527709E-02 -0.500000000    
          25          13   6.03793655E-03   3.11585423E-02 -0.500000000    
          25          14   5.02517149E-02   3.25337276E-02 -0.500000000    
          25          15   4.02079709E-02   4.00468335E-02 -0.500000000    
          25          16   3.19304392E-02   3.47355977E-02 -0.500000000    
          25          17   3.25270817E-02   2.74005160E-02 -0.500000000    
          25          18   3.47291306E-02   3.55442502E-02 -0.500000000    
          25          19   4.80382666E-02   4.12810780E-02 -0.500000000    
          25          20   6.16930090E-02   3.28536592E-02 -0.500000000    
          25          21   9.39425174E-03   3.10152937E-02 -0.500000000    
          25          22   4.93809953E-02   4.10155877E-02 -0.500000000    
          25          23  0.220322236       5.42127155E-02 -0.500000000    
          25          24  0.300004065       6.05959110E-02 -0.500000000    
          25          25  0.281457603       6.24755323E-02 -0.500000000    
          25          26  0.112332292       6.19378388E-02 -0.500000000    
          25          27   4.06742692E-02   4.92282324E-02 -0.500000000    
          25          28   9.80153829E-02   2.79895999E-02 -0.500000000    
          25          29  -1.30203851E-02   6.01882394E-03 -0.500000000    
          25          30  -8.47491324E-02  -2.08125301E-02 -0.500000000    
          25          31  -7.77308345E-02  -4.35168594E-02 -0.500000000    
          25          32  -4.19136621E-02  -6.32873774E-02 -0.500000000    
          25          33  0.137411609      -8.64385217E-02 -0.500000000    
          26           1  0.114384249      -7.64979869E-02 -0.500000000    
          26           2  -2.47959178E-02  -5.76577112E-02 -0.500000000    
          26           3   2.84188539E-02  -4.43232544E-02 -0.500000000    
          26           4  0.142811924      -2.98620258E-02 -0.500000000    
          26           5  0.242043152      -4.06920537E-03 -0.500000000    
          26           6  0.294051498       2.77182274E-02 -0.500000000    
          26           7  0.226602226       5.52610606E-02 -0.500000000    
          26           8   5.07036038E-02   6.82589710E-02 -0.500000000    
          26           9  0.110659614       6.16324246E-02 -0.500000000    
          26          10  0.139377221       4.95019145E-02 -0.500000000    
          26          11   7.24563971E-02   3.92133743E-02 -0.500000000    
          26          12  -3.99590880E-02   2.89401710E-02 -0.500000000    
          26          13  -3.29095013E-02   2.08473094E-02 -0.500000000    
          26          14   1.61814746E-02   2.27043647E-02 -0.500000000    
          26          15   1.04596512E-02   2.73925420E-02 -0.500000000    
          26          16   1.12962499E-02   1.88291874E-02 -0.500000000    
          26          17   1.12122074E-02   1.16665596E-02 -0.500000000    
          26          18   1.05813555E-02   1.92105994E-02 -0.500000000    
          26          19   1.02754142E-02   2.88847536E-02 -0.500000000    
          26          20   1.80809405E-02   2.38710586E-02 -0.500000000    
          26          21  -3.82996127E-02   2.19694953E-02 -0.500000000    
          26          22  -4.69393395E-02   2.93417051E-02 -0.500000000    
          26          23   6.60179928E-02   4.01152223E-02 -0.500000000    
          26          24  0.144058406       5.11226915E-02 -0.500000000    
          26          25  0.112328313       6.19387887E-02 -0.500000000    
          26          26   7.89063498E-02   6.27350509E-02 -0.500000000    
          26          27  0.262054354       4.54507135E-02 -0.500000000    
          26          28  0.301464647       1.91847049E-02 -0.500000000    
          26          29  0.206701368      -8.19460116E-03 -0.500000000    
          26          30   6.83817789E-02  -2.77809575E-02 -0.500000000    
          26          31  -4.68094647E-02  -3.96546684E-02 -0.500000000    
          26          32  -7.90476352E-02  -5.47136702E-02 -0.500000000    
          26          33   7.66779184E-02  -7.19443560E-02 -0.500000000    
          27           1   9.03751850E-02  -6.26823381E-02 -0.500000000    
          27           2   1.73242576E-02  -5.17208762E-02 -0.500000000    
          27           3   7.53150806E-02  -4.11002450E-02 -0.500000000    
          27           4  0.254211128      -2.84693502E-02 -0.500000000    
          27           5  0.410407454      -9.69673321E-03 -0.500000000    
          27           6  0.452969104       1.24093927E-02 -0.500000000    
          27           7  0.383452654       3.35015729E-02 -0.500000000    
          27           8  0.209609687       4.91019860E-02 -0.500000000    
          27           9   5.19948229E-02   4.86106649E-02 -0.500000000    
          27          10   6.19110130E-02   3.43277007E-02 -0.500000000    
          27          11   3.99095379E-02   1.81183740E-02 -0.500000000    
          27          12  -2.65260953E-02   1.22230388E-02 -0.500000000    
          27          13   9.41106584E-03   7.94810522E-03 -0.500000000    
          27          14   4.76173609E-02   9.83388349E-03 -0.500000000    
          27          15   4.36218232E-02   1.00278966E-02 -0.500000000    
          27          16   4.74371351E-02  -4.48420295E-04 -0.500000000    
          27          17   4.61477898E-02  -6.01098547E-03 -0.500000000    
          27          18   4.58852984E-02  -6.07138732E-04 -0.500000000    
          27          19   4.07751650E-02   1.13800056E-02 -0.500000000    
          27          20   4.59623486E-02   1.15724886E-02 -0.500000000    
          27          21   2.26633181E-03   9.85432882E-03 -0.500000000    
          27          22  -4.17856202E-02   1.32080996E-02 -0.500000000    
          27          23   2.21814103E-02   1.99787393E-02 -0.500000000    
          27          24   3.94092016E-02   3.72294597E-02 -0.500000000    
          27          25   4.06704172E-02   4.92297225E-02 -0.500000000    
          27          26  0.262051731       4.54515442E-02 -0.500000000    
          27          27  0.463014305       2.44476553E-02 -0.500000000    
          27          28  0.526516020       1.53017801E-03 -0.500000000    
          27          29  0.451276690      -1.83982085E-02 -0.500000000    
          27          30  0.221214190      -3.13328728E-02 -0.500000000    
          27          31  -1.57916080E-02  -3.80205736E-02 -0.500000000    
          27          32  -7.90695623E-02  -4.75520641E-02 -0.500000000    
          27          33   6.14793086E-03  -5.75137809E-02 -0.500000000    
          28           1   4.27988060E-02  -4.73820791E-02 -0.500000000    
          28           2   1.94572080E-02  -4.45702896E-02 -0.500000000    
          28           3   7.86008388E-02  -3.57121155E-02 -0.500000000    
          28           4  0.272631466      -2.52594445E-02 -0.500000000    
          28           5  0.451688498      -1.31801376E-02 -0.500000000    
          28           6  0.523944020      -2.20238790E-03 -0.500000000    
          28           7  0.448052764       7.57319480E-03 -0.500000000    
          28           8  0.241504580       2.14672107E-02 -0.500000000    
          28           9   9.51819420E-02   2.68336721E-02 -0.500000000    
          28          10   2.02674177E-02   2.11222116E-02 -0.500000000    
          28          11   1.35042118E-02   2.00624322E-03 -0.500000000    
          28          12   8.81562568E-03  -3.92277213E-03 -0.500000000    
          28          13   3.84110510E-02  -3.69350868E-03 -0.500000000    
          28          14   5.29831387E-02  -3.17841885E-03 -0.500000000    
          28          15   5.21403626E-02  -9.15720779E-03 -0.500000000    
          28          16   5.47995530E-02  -1.93601232E-02 -0.500000000    
          28          17   5.28024845E-02  -2.22809445E-02 -0.500000000    
          28          18   5.34351617E-02  -1.99342258E-02 -0.500000000    
          28          19   4.94224615E-02  -8.16852227E-03 -0.500000000    
          28          20   5.09315208E-02  -8.63796275E-04 -0.500000000    
          28          21   3.55115682E-02  -1.18150096E-03 -0.500000000    
          28          22   6.51729526E-04  -2.45854352E-03 -0.500000000    
          28          23  -2.44591176E-03   4.51577222E-03 -0.500000000    
          28          24  -1.29178166E-02   2.39629932E-02 -0.500000000    
          28          25   9.80098769E-02   2.79909298E-02 -0.500000000    
          28          26  0.301454335       1.91861056E-02 -0.500000000    
          28          27  0.526507080       1.53105764E-03 -0.500000000    
          28          28  0.593472540      -1.19053563E-02 -0.500000000    
          28          29  0.511068761      -2.36853585E-02 -0.500000000    
          28          30  0.296017557      -3.18419002E-02 -0.500000000    
          28          31   3.21958512E-02  -3.59987952E-02 -0.500000000    
          28          32  -7.11469650E-02  -3.96684781E-02 -0.500000000    
          28          33  -5.65180741E-02  -4.06780951E-02 -0.500000000    
          29           1  -6.33113310E-02  -3.84525992E-02 -0.500000000    
          29           2  -4.56890985E-02  -3.90578918E-02 -0.500000000    
          29           3   3.29681113E-02  -3.18033472E-02 -0.500000000    
          29           4  0.237883121      -2.56104469E-02 -0.500000000    
          29           5  0.408340752      -2.00605579E-02 -0.500000000    
          29           6  0.470185786      -1.71876550E-02 -0.500000000    
          29           7  0.405179858      -1.78967565E-02 -0.500000000    
          29           8  0.175504297      -1.02878287E-02 -0.500000000    
          29           9  -1.32400598E-02   2.63251434E-03 -0.500000000    
          29          10  -2.45998204E-02  -8.18648608E-04 -0.500000000    
          29          11  -3.76711898E-02  -9.13206674E-03 -0.500000000    
          29          12   6.72811493E-02  -1.97344590E-02 -0.500000000    
          29          13   3.88287753E-02  -1.62508208E-02 -0.500000000    
          29          14   2.60342583E-02  -1.92872360E-02 -0.500000000    
          29          15   2.87385099E-02  -3.12938467E-02 -0.500000000    
          29          16   2.82798856E-02  -3.85197140E-02 -0.500000000    
          29          17   2.68416330E-02  -3.86638790E-02 -0.500000000    
          29          18   2.72461623E-02  -3.92579809E-02 -0.500000000    
          29          19   2.70354897E-02  -3.08383163E-02 -0.500000000    
          29          20   2.37118434E-02  -1.65080614E-02 -0.500000000    
          29          21   4.12418768E-02  -1.32217649E-02 -0.500000000    
          29          22   7.70049766E-02  -1.75389796E-02 -0.500000000    
          29          23  -4.72289249E-02  -6.21563103E-03 -0.500000000    
          29          24  -4.38419953E-02   2.47815019E-03 -0.500000000    
          29          25  -1.30256917E-02   6.01949543E-03 -0.500000000    
          29          26  0.206688643      -8.19334108E-03 -0.500000000    
          29          27  0.451256543      -1.83968470E-02 -0.500000000    
          29          28  0.511055171      -2.36846469E-02 -0.500000000    
          29          29  0.447341979      -3.05767544E-02 -0.500000000    
          29          30  0.269818753      -3.44390906E-02 -0.500000000    
          29          31   4.29484472E-02  -3.50975730E-02 -0.500000000    
          29          32  -7.34734386E-02  -3.56703810E-02 -0.500000000    
          29          33  -9.76833478E-02  -3.07257958E-02 -0.500000000    
          30           1 -0.116887853      -4.07041125E-02 -0.500000000    
          30           2 -0.111721449      -3.74775976E-02 -0.500000000    
          30           3  -3.58020701E-02  -2.91592795E-02 -0.500000000    
          30           4  0.119270362      -2.69978680E-02 -0.500000000    
          30           5  0.239757448      -2.77476031E-02 -0.500000000    
          30           6  0.277695030      -3.14475819E-02 -0.500000000    
          30           7  0.220282346      -3.68471108E-02 -0.500000000    
          30           8   7.12281540E-02  -3.43043134E-02 -0.500000000    
          30           9  -8.82190391E-02  -2.60351561E-02 -0.500000000    
          30          10  -8.60170275E-02  -2.92786472E-02 -0.500000000    
          30          11 -0.156234726      -2.21025310E-02 -0.500000000    
          30          12   9.42893475E-02  -3.48905362E-02 -0.500000000    
          30          13   2.18998753E-02  -3.10658161E-02 -0.500000000    
          30          14  -1.42637091E-02  -3.93991247E-02 -0.500000000    
          30          15  -1.68671291E-02  -5.37150949E-02 -0.500000000    
          30          16  -1.99440271E-02  -5.59166409E-02 -0.500000000    
          30          17  -2.00283732E-02  -5.41364178E-02 -0.500000000    
          30          18  -2.08163243E-02  -5.66107631E-02 -0.500000000    
          30          19  -1.76374875E-02  -5.39512448E-02 -0.500000000    
          30          20  -1.49081452E-02  -3.68255936E-02 -0.500000000    
          30          21   2.96588913E-02  -2.78719980E-02 -0.500000000    
          30          22  0.111509286      -3.22782397E-02 -0.500000000    
          30          23 -0.144094735      -1.99704338E-02 -0.500000000    
          30          24  -9.20597762E-02  -2.41905041E-02 -0.500000000    
          30          25  -8.47460404E-02  -2.08122414E-02 -0.500000000    
          30          26   6.83784485E-02  -2.77800225E-02 -0.500000000    
          30          27  0.221195340      -3.13313194E-02 -0.500000000    
          30          28  0.295995593      -3.18406634E-02 -0.500000000    
          30          29  0.269805849      -3.44384164E-02 -0.500000000    
          30          30  0.150623664      -3.58874202E-02 -0.500000000    
          30          31   3.70704802E-03  -3.58544365E-02 -0.500000000    
          30          32  -7.60650411E-02  -3.95592265E-02 -0.500000000    
          30          33  -8.99359584E-02  -3.63770537E-02 -0.500000000    
          31           1  -6.55582622E-02  -4.50105593E-02 -0.500000000    
          31           2 -0.135663569      -3.89398411E-02 -0.500000000    
          31           3 -0.111323766      -3.24190408E-02 -0.500000000    
          31           4  -3.15243118E-02  -3.25517841E-02 -0.500000000    
          31           5   2.47206744E-02  -3.76614034E-02 -0.500000000    
          31           6   4.96892333E-02  -4.44515496E-02 -0.500000000    
          31           7   8.61116126E-03  -4.83088642E-02 -0.500000000    
          31           8  -4.09044512E-02  -4.80227992E-02 -0.500000000    
          31           9  -9.52212512E-02  -5.07901832E-02 -0.500000000    
          31          10  -7.98020512E-02  -5.52826971E-02 -0.500000000    
          31          11 -0.149048343      -3.67908403E-02 -0.500000000    
          31          12 -0.110240445      -4.11286168E-02 -0.500000000    
          31          13   6.23787753E-03  -4.88908105E-02 -0.500000000    
          31          14  -1.70596559E-02  -6.30453080E-02 -0.500000000    
          31          15  -2.96024028E-02  -7.29209557E-02 -0.500000000    
          31          16  -3.09529938E-02  -7.00802803E-02 -0.500000000    
          31          17  -3.03726345E-02  -6.76766708E-02 -0.500000000    
          31          18  -3.30596752E-02  -7.05460683E-02 -0.500000000    
          31          19  -3.23535800E-02  -7.36445561E-02 -0.500000000    
          31          20  -1.59128457E-02  -6.15313016E-02 -0.500000000    
          31          21   1.01054106E-02  -4.58824709E-02 -0.500000000    
          31          22 -0.119664848      -3.78866345E-02 -0.500000000    
          31          23 -0.102481015      -3.65074463E-02 -0.500000000    
          31          24  -6.96126968E-02  -4.87852767E-02 -0.500000000    
          31          25  -7.77260065E-02  -4.35168035E-02 -0.500000000    
          31          26  -4.68048751E-02  -3.96540575E-02 -0.500000000    
          31          27  -1.57947876E-02  -3.80189903E-02 -0.500000000    
          31          28   3.21837850E-02  -3.59968580E-02 -0.500000000    
          31          29   4.29350846E-02  -3.50959599E-02 -0.500000000    
          31          30   3.70052666E-03  -3.58535424E-02 -0.500000000    
          31          31  -6.39529526E-02  -3.93757448E-02 -0.500000000    
          31          32  -7.29162768E-02  -4.56464924E-02 -0.500000000    
          31          33  -2.39171181E-02  -4.62582782E-02 -0.500000000    
          32           1  -4.72507738E-02  -4.03814092E-02 -0.500000000    
          32           2  -7.47191831E-02  -4.58581969E-02 -0.500000000    
          32           3  -6.56827018E-02  -4.67232615E-02 -0.500000000    
          32           4  -5.32057583E-02  -4.49632034E-02 -0.500000000    
          32           5  -2.12299488E-02  -4.70225364E-02 -0.500000000    
          32           6   2.05070293E-03  -5.30549772E-02 -0.500000000    
          32           7  -1.97689291E-02  -5.84051348E-02 -0.500000000    
          32           8  -4.89518009E-02  -6.40049800E-02 -0.500000000    
          32           9  -3.83443162E-02  -7.38016143E-02 -0.500000000    
          32          10  -9.88148712E-03  -7.95262903E-02 -0.500000000    
          32          11  -3.94224189E-02  -5.48503213E-02 -0.500000000    
          32          12 -0.292790294      -3.41193900E-02 -0.500000000    
          32          13   7.91504458E-02  -6.92216381E-02 -0.500000000    
          32          14   9.98615250E-02  -9.10681412E-02 -0.500000000    
          32          15   8.78172442E-02  -9.10724625E-02 -0.500000000    
          32          16   8.89303461E-02  -8.48546773E-02 -0.500000000    
          32          17   8.92349556E-02  -8.27285647E-02 -0.500000000    
          32          18   8.58085901E-02  -8.49959850E-02 -0.500000000    
          32          19   8.28723609E-02  -9.18207020E-02 -0.500000000    
          32          20  0.100247301      -9.10502002E-02 -0.500000000    
          32          21   6.83704242E-02  -6.62033334E-02 -0.500000000    
          32          22 -0.322598487      -2.99380496E-02 -0.500000000    
          32          23  -6.07875921E-03  -5.54930046E-02 -0.500000000    
          32          24  -2.43105716E-03  -7.10192472E-02 -0.500000000    
          32          25  -4.19102348E-02  -6.32874444E-02 -0.500000000    
          32          26  -7.90391937E-02  -5.47132269E-02 -0.500000000    
          32          27  -7.90594667E-02  -4.75509688E-02 -0.500000000    
          32          28  -7.11448714E-02  -3.96662988E-02 -0.500000000    
          32          29  -7.34828264E-02  -3.56676057E-02 -0.500000000    
          32          30  -7.60774463E-02  -3.95567156E-02 -0.500000000    
          32          31  -7.29245394E-02  -4.56447862E-02 -0.500000000    
          32          32  -6.24722689E-02  -4.48548645E-02 -0.500000000    
          32          33  -2.16043033E-02  -3.84680815E-02 -0.500000000    
          33           1   5.66141121E-03  -3.49963382E-02 -0.500000000    
          33           2  0.115984932      -6.10081963E-02 -0.500000000    
          33           3   1.70787759E-02  -5.77566810E-02 -0.500000000    
          33           4  -9.05424207E-02  -4.75940481E-02 -0.500000000    
          33           5  -9.68586206E-02  -4.29436266E-02 -0.500000000    
          33           6  -4.35543880E-02  -5.08101732E-02 -0.500000000    
          33           7   1.48394816E-02  -6.44464046E-02 -0.500000000    
          33           8   8.07236359E-02  -7.94690773E-02 -0.500000000    
          33           9  0.174456030      -9.85706598E-02 -0.500000000    
          33          10  0.240327626     -0.108867466     -0.500000000    
          33          11  -2.04573236E-02  -6.33638576E-02 -0.500000000    
          33          12 -0.260788947      -2.53218804E-02 -0.500000000    
          33          13  0.215509847      -8.45324397E-02 -0.500000000    
          33          14  0.229527041     -0.113397337     -0.500000000    
          33          15  0.219622061     -0.104758851     -0.500000000    
          33          16  0.218416810      -9.69488099E-02 -0.500000000    
          33          17  0.217335150      -9.52098891E-02 -0.500000000    
          33          18  0.216923624      -9.69256759E-02 -0.500000000    
          33          19  0.217923656     -0.105462357     -0.500000000    
          33          20  0.233479425     -0.114633039     -0.500000000    
          33          21  0.204580814      -8.13067108E-02 -0.500000000    
          33          22 -0.300319374      -2.08162274E-02 -0.500000000    
          33          23  -4.43542935E-02  -6.23740107E-02 -0.500000000    
          33          24  0.192448243      -9.61485133E-02 -0.500000000    
          33          25  0.137416780      -8.64389539E-02 -0.500000000    
          33          26   7.66869485E-02  -7.19443187E-02 -0.500000000    
          33          27   6.15990162E-03  -5.75130023E-02 -0.500000000    
          33          28  -5.65093569E-02  -4.06764895E-02 -0.500000000    
          33          29  -9.76846069E-02  -3.07228770E-02 -0.500000000    
          33          30  -8.99468809E-02  -3.63733955E-02 -0.500000000    
          33          31  -2.39324067E-02  -4.62546088E-02 -0.500000000    
          33          32  -2.16196347E-02  -3.84651534E-02 -0.500000000    
          33          33 -0.415461123       1.87425632E-02 -0.500000000    
