           1           1  0.734564900     -0.201030642     -0.500000000    
           1           2  0.733256102     -0.194605500     -0.500000000    
           1           3  0.645333350     -0.192596316     -0.500000000    
           1           4  0.390874594     -0.183410600     -0.500000000    
           1           5   4.75497358E-02 -0.115416475     -0.500000000    
           1           6  -4.12215013E-04  -8.41787010E-02 -0.500000000    
           1           7   2.36610807E-02  -7.83687681E-02 -0.500000000    
           1           8   6.66849911E-02  -7.70875812E-02 -0.500000000    
           1           9  0.297044873      -7.13329017E-02 -0.500000000    
           1          10  0.548415542      -6.12137578E-02 -0.500000000    
           1          11  0.581147432      -5.21117225E-02 -0.500000000    
           1          12  0.503049135      -4.63775918E-02 -0.500000000    
           1          13  0.438629031      -5.11715822E-02 -0.500000000    
           1          14  0.489787519      -6.96029365E-02 -0.500000000    
           1          15  0.328955859      -3.63893211E-02 -0.500000000    
           1          16  -9.00502652E-02   2.20624767E-02 -0.500000000    
           1          17 -0.156576663       2.94257235E-02 -0.500000000    
           1          18  -6.88458383E-02   2.38777883E-02 -0.500000000    
           1          19  0.348381728      -4.06202339E-02 -0.500000000    
           1          20  0.476743639      -6.54423982E-02 -0.500000000    
           1          21  0.428314000      -5.12488373E-02 -0.500000000    
           1          22  0.511019588      -5.06177209E-02 -0.500000000    
           1          23  0.571313977      -5.69757000E-02 -0.500000000    
           1          24  0.517631054      -6.72385544E-02 -0.500000000    
           1          25  0.275998086      -8.28554928E-02 -0.500000000    
           1          26   9.44089442E-02  -9.53615755E-02 -0.500000000    
           1          27   4.67373654E-02 -0.101429448     -0.500000000    
           1          28   4.30606538E-03 -0.110076524     -0.500000000    
           1          29   9.31879804E-02 -0.144331053     -0.500000000    
           1          30  0.562976241     -0.202604145     -0.500000000    
           1          31  0.663679302     -0.191007659     -0.500000000    
           1          32  0.697345734     -0.191785768     -0.500000000    
           1          33  0.654456973     -0.195618436     -0.500000000    
           2           1  0.733253062     -0.194605276     -0.500000000    
           2           2  0.727345586     -0.192549512     -0.500000000    
           2           3  0.684773743     -0.201380432     -0.500000000    
           2           4  0.229130164     -0.165913329     -0.500000000    
           2           5   6.90003410E-02 -0.119192801     -0.500000000    
           2           6   7.52801597E-02  -9.34018791E-02 -0.500000000    
           2           7   9.28143635E-02  -7.90961459E-02 -0.500000000    
           2           8   8.19616914E-02  -7.13033453E-02 -0.500000000    
           2           9  0.196926743      -6.60711527E-02 -0.500000000    
           2          10  0.506619036      -6.14387691E-02 -0.500000000    
           2          11  0.646558881      -5.89491241E-02 -0.500000000    
           2          12  0.615312040      -5.58690690E-02 -0.500000000    
           2          13  0.513222098      -5.84748685E-02 -0.500000000    
           2          14  0.319480240      -6.76787496E-02 -0.500000000    
           2          15  0.126289055      -2.43063625E-02 -0.500000000    
           2          16 -0.159282327       7.47973984E-03 -0.500000000    
           2          17 -0.145975918       2.03222898E-03 -0.500000000    
           2          18 -0.151628524       8.38943757E-03 -0.500000000    
           2          19  0.124341726      -2.83441916E-02 -0.500000000    
           2          20  0.293204665      -6.32538274E-02 -0.500000000    
           2          21  0.508190870      -5.82676530E-02 -0.500000000    
           2          22  0.629409432      -6.00033961E-02 -0.500000000    
           2          23  0.669628918      -6.54114112E-02 -0.500000000    
           2          24  0.531981349      -7.15869814E-02 -0.500000000    
           2          25  0.214752987      -8.05433542E-02 -0.500000000    
           2          26   6.99747428E-02  -8.67484957E-02 -0.500000000    
           2          27   7.56219998E-02  -9.33625177E-02 -0.500000000    
           2          28   7.34753907E-02 -0.108600795     -0.500000000    
           2          29  0.100185759     -0.135327607     -0.500000000    
           2          30  0.346177042     -0.180757523     -0.500000000    
           2          31  0.754521966     -0.201192021     -0.500000000    
           2          32  0.741547823     -0.190686315     -0.500000000    
           2          33  0.724703014     -0.191743508     -0.500000000    
           3           1  0.645326078     -0.192595154     -0.500000000    
           3           2  0.684766650     -0.201379284     -0.500000000    
           3           3  0.400438815     -0.185526878     -0.500000000    
           3           4  0.177910909     -0.146409661     -0.500000000    
           3           5  0.200345024     -0.121958300     -0.500000000    
           3           6  0.208697796      -9.69785824E-02 -0.500000000    
           3           7  0.164057761      -7.51491711E-02 -0.500000000    
           3           8  0.103644721      -6.51301518E-02 -0.500000000    
           3           9  0.116215304      -6.50020912E-02 -0.500000000    
           3          10  0.393945634      -6.70773014E-02 -0.500000000    
           3          11  0.638788819      -6.79064244E-02 -0.500000000    
           3          12  0.627326071      -6.81440681E-02 -0.500000000    
           3          13  0.402527392      -6.64325356E-02 -0.500000000    
           3          14  0.150038436      -5.66724427E-02 -0.500000000    
           3          15   3.12042087E-02  -1.54065154E-02 -0.500000000    
           3          16 -0.179177374      -1.30089680E-02 -0.500000000    
           3          17 -0.107654788      -2.57360935E-02 -0.500000000    
           3          18 -0.183033273      -1.35005657E-02 -0.500000000    
           3          19   4.11361940E-02  -1.88048761E-02 -0.500000000    
           3          20  0.129609495      -5.30071594E-02 -0.500000000    
           3          21  0.402695149      -6.51270598E-02 -0.500000000    
           3          22  0.636636853      -7.18310252E-02 -0.500000000    
           3          23  0.681321442      -7.52711669E-02 -0.500000000    
           3          24  0.461281061      -7.93833137E-02 -0.500000000    
           3          25  0.148003191      -8.11827555E-02 -0.500000000    
           3          26   5.84248640E-02  -7.86002055E-02 -0.500000000    
           3          27  0.103563286      -8.21362585E-02 -0.500000000    
           3          28  0.166644603      -9.94269624E-02 -0.500000000    
           3          29  0.183350280     -0.121661223     -0.500000000    
           3          30  0.214270964     -0.145177245     -0.500000000    
           3          31  0.442790806     -0.179616630     -0.500000000    
           3          32  0.712828457     -0.197698832     -0.500000000    
           3          33  0.721734703     -0.195121512     -0.500000000    
           4           1  0.390855849     -0.183405280     -0.500000000    
           4           2  0.229120180     -0.165909603     -0.500000000    
           4           3  0.177907750     -0.146408096     -0.500000000    
           4           4  0.234553024     -0.130618855     -0.500000000    
           4           5  0.317948610     -0.114038840     -0.500000000    
           4           6  0.320646435      -9.24794152E-02 -0.500000000    
           4           7  0.224513844      -7.17950389E-02 -0.500000000    
           4           8  0.144758299      -6.43722340E-02 -0.500000000    
           4           9  0.117479779      -6.69200197E-02 -0.500000000    
           4          10  0.208373740      -7.21251369E-02 -0.500000000    
           4          11  0.389699370      -7.52224177E-02 -0.500000000    
           4          12  0.366343647      -7.09695518E-02 -0.500000000    
           4          13  0.162616000      -5.33228852E-02 -0.500000000    
           4          14  0.170943856      -4.58598509E-02 -0.500000000    
           4          15   1.31600220E-02  -1.37625746E-02 -0.500000000    
           4          16 -0.115742281      -2.97345538E-02 -0.500000000    
           4          17  -4.78255972E-02  -3.92899550E-02 -0.500000000    
           4          18 -0.125962943      -3.18155661E-02 -0.500000000    
           4          19   4.09573577E-02  -1.55082941E-02 -0.500000000    
           4          20  0.168787092      -4.46816012E-02 -0.500000000    
           4          21  0.195896611      -5.27029559E-02 -0.500000000    
           4          22  0.370542884      -7.04981536E-02 -0.500000000    
           4          23  0.402698308      -7.95520321E-02 -0.500000000    
           4          24  0.237601489      -8.21813792E-02 -0.500000000    
           4          25  0.119009070      -7.87265822E-02 -0.500000000    
           4          26  0.103945486      -7.24700168E-02 -0.500000000    
           4          27  0.181485102      -7.39945546E-02 -0.500000000    
           4          28  0.295738965      -8.91612247E-02 -0.500000000    
           4          29  0.289926499     -0.106069446     -0.500000000    
           4          30  0.232879117     -0.120710455     -0.500000000    
           4          31  0.181790814     -0.132646546     -0.500000000    
           4          32  0.207615077     -0.145025924     -0.500000000    
           4          33  0.301915437     -0.157334864     -0.500000000    
           5           1   4.75449413E-02 -0.115409598     -0.500000000    
           5           2   6.89952374E-02 -0.119187728     -0.500000000    
           5           3  0.200342819     -0.121955670     -0.500000000    
           5           4  0.317949593     -0.114037961     -0.500000000    
           5           5  0.434219986     -0.103187501     -0.500000000    
           5           6  0.449374467      -8.75676200E-02 -0.500000000    
           5           7  0.336076707      -7.14769810E-02 -0.500000000    
           5           8  0.222987548      -6.41076416E-02 -0.500000000    
           5           9  0.137454942      -6.13336377E-02 -0.500000000    
           5          10   4.08113971E-02  -6.04719184E-02 -0.500000000    
           5          11   6.54464215E-02  -5.99872358E-02 -0.500000000    
           5          12  0.140886843      -5.45675643E-02 -0.500000000    
           5          13   9.51564908E-02  -3.83957960E-02 -0.500000000    
           5          14  0.204245448      -2.81870160E-02 -0.500000000    
           5          15   3.81242484E-04  -1.63736138E-02 -0.500000000    
           5          16  -1.05116032E-02  -3.26569229E-02 -0.500000000    
           5          17   1.49552291E-03  -3.74024175E-02 -0.500000000    
           5          18  -1.69089828E-02  -3.53314951E-02 -0.500000000    
           5          19   1.89315937E-02  -1.71452891E-02 -0.500000000    
           5          20  0.216595173      -2.86292806E-02 -0.500000000    
           5          21  0.134130642      -3.85027155E-02 -0.500000000    
           5          22  0.166809484      -5.55326827E-02 -0.500000000    
           5          23   6.43206611E-02  -6.30443245E-02 -0.500000000    
           5          24   1.60456374E-02  -6.53428808E-02 -0.500000000    
           5          25  0.101269312      -6.49860799E-02 -0.500000000    
           5          26  0.189322561      -6.35934547E-02 -0.500000000    
           5          27  0.333593011      -6.62242845E-02 -0.500000000    
           5          28  0.468031913      -7.89138377E-02 -0.500000000    
           5          29  0.427317739      -9.14822891E-02 -0.500000000    
           5          30  0.308154523     -0.101590373     -0.500000000    
           5          31  0.177926034     -0.107869305     -0.500000000    
           5          32   4.08324525E-02 -0.102939904     -0.500000000    
           5          33   2.84610782E-03  -9.77947339E-02 -0.500000000    
           6           1  -4.19420656E-04  -8.41694400E-02 -0.500000000    
           6           2   7.52702057E-02  -9.33945850E-02 -0.500000000    
           6           3  0.208692133      -9.69742388E-02 -0.500000000    
           6           4  0.320646524      -9.24775004E-02 -0.500000000    
           6           5  0.449376732      -8.75671282E-02 -0.500000000    
           6           6  0.483943641      -7.80485272E-02 -0.500000000    
           6           7  0.359806836      -6.88304603E-02 -0.500000000    
           6           8  0.219252184      -6.37731031E-02 -0.500000000    
           6           9  0.100547597      -5.90689778E-02 -0.500000000    
           6          10  -6.66158786E-03  -5.50896078E-02 -0.500000000    
           6          11   5.41871786E-03  -5.06249368E-02 -0.500000000    
           6          12   7.56532028E-02  -3.89726087E-02 -0.500000000    
           6          13   7.31830671E-02  -2.31499318E-02 -0.500000000    
           6          14   9.24820304E-02  -8.09264928E-03 -0.500000000    
           6          15   3.08487993E-02  -1.13546094E-02 -0.500000000    
           6          16   6.21416606E-02  -2.24862099E-02 -0.500000000    
           6          17   2.81458683E-02  -2.67905518E-02 -0.500000000    
           6          18   6.28876984E-02  -2.46530194E-02 -0.500000000    
           6          19   3.07805687E-02  -1.25409830E-02 -0.500000000    
           6          20  0.111849055      -8.48029926E-03 -0.500000000    
           6          21   8.90182629E-02  -2.34208293E-02 -0.500000000    
           6          22   8.23039636E-02  -4.22000177E-02 -0.500000000    
           6          23  -1.26800090E-02  -5.47446348E-02 -0.500000000    
           6          24  -4.68239151E-02  -5.86253814E-02 -0.500000000    
           6          25   5.34485541E-02  -5.92753254E-02 -0.500000000    
           6          26  0.183180138      -5.86493984E-02 -0.500000000    
           6          27  0.364993989      -5.84278256E-02 -0.500000000    
           6          28  0.502216637      -6.47438318E-02 -0.500000000    
           6          29  0.424054861      -7.22227544E-02 -0.500000000    
           6          30  0.271747351      -7.68933147E-02 -0.500000000    
           6          31  0.140498996      -8.21297616E-02 -0.500000000    
           6          32   4.41693608E-03  -7.97481760E-02 -0.500000000    
           6          33  -5.65534383E-02  -7.43626207E-02 -0.500000000    
           7           1   2.36533750E-02  -7.83573687E-02 -0.500000000    
           7           2   9.28030610E-02  -7.90866613E-02 -0.500000000    
           7           3  0.164047703      -7.51422644E-02 -0.500000000    
           7           4  0.224508911      -7.17912018E-02 -0.500000000    
           7           5  0.336078584      -7.14756548E-02 -0.500000000    
           7           6  0.359810740      -6.88302666E-02 -0.500000000    
           7           7  0.251530647      -6.88942000E-02 -0.500000000    
           7           8  0.142680719      -7.07855150E-02 -0.500000000    
           7           9   5.14788404E-02  -6.97474256E-02 -0.500000000    
           7          10   1.74175203E-02  -6.54126331E-02 -0.500000000    
           7          11   4.24648076E-02  -5.38672470E-02 -0.500000000    
           7          12   3.51279974E-02  -3.01059112E-02 -0.500000000    
           7          13   2.70279311E-02  -1.41397081E-02 -0.500000000    
           7          14  -2.77121663E-02   7.27871666E-04 -0.500000000    
           7          15   6.18424751E-02  -4.64329729E-03 -0.500000000    
           7          16   8.03416669E-02  -1.66469496E-02 -0.500000000    
           7          17   3.25987749E-02  -2.24291179E-02 -0.500000000    
           7          18   8.56748596E-02  -1.82140153E-02 -0.500000000    
           7          19   6.36134595E-02  -5.80054894E-03 -0.500000000    
           7          20  -2.62402520E-02   4.89964266E-04 -0.500000000    
           7          21   3.34097408E-02  -1.51970722E-02 -0.500000000    
           7          22   2.51307823E-02  -3.34955119E-02 -0.500000000    
           7          23   1.39742680E-02  -5.71668260E-02 -0.500000000    
           7          24  -1.69114936E-02  -6.62224814E-02 -0.500000000    
           7          25   1.59207173E-02  -6.74957559E-02 -0.500000000    
           7          26  0.118003935      -6.46712407E-02 -0.500000000    
           7          27  0.258627146      -5.89721762E-02 -0.500000000    
           7          28  0.378081918      -5.66424094E-02 -0.500000000    
           7          29  0.301125616      -5.75421341E-02 -0.500000000    
           7          30  0.153862417      -5.66018075E-02 -0.500000000    
           7          31   8.17524567E-02  -6.04012460E-02 -0.500000000    
           7          32   1.79031529E-02  -6.48818687E-02 -0.500000000    
           7          33  -2.63673887E-02  -6.51784763E-02 -0.500000000    
           8           1   6.66650832E-02  -7.70763382E-02 -0.500000000    
           8           2   8.19521993E-02  -7.12932348E-02 -0.500000000    
           8           3  0.103635028      -6.51215464E-02 -0.500000000    
           8           4  0.144747421      -6.43660650E-02 -0.500000000    
           8           5  0.222987175      -6.41048402E-02 -0.500000000    
           8           6  0.219256580      -6.37724549E-02 -0.500000000    
           8           7  0.142683357      -7.07853958E-02 -0.500000000    
           8           8   7.45887384E-02  -7.85928369E-02 -0.500000000    
           8           9   3.20631079E-02  -7.99987316E-02 -0.500000000    
           8          10   4.29400057E-02  -7.32234865E-02 -0.500000000    
           8          11   7.38886446E-02  -5.39038889E-02 -0.500000000    
           8          12   4.16057818E-02  -2.75701731E-02 -0.500000000    
           8          13  -3.27457599E-02  -7.50763481E-03 -0.500000000    
           8          14  -4.92070988E-02   2.05279631E-03 -0.500000000    
           8          15   5.65347560E-02  -2.96902936E-03 -0.500000000    
           8          16   7.61180744E-02  -1.79724712E-02 -0.500000000    
           8          17   3.41344513E-02  -2.52352990E-02 -0.500000000    
           8          18   8.52577016E-02  -1.88246649E-02 -0.500000000    
           8          19   6.08265810E-02  -3.61039140E-03 -0.500000000    
           8          20  -4.89764549E-02   2.70965346E-03 -0.500000000    
           8          21  -3.66422087E-02  -7.94351380E-03 -0.500000000    
           8          22   3.41316722E-02  -3.01184691E-02 -0.500000000    
           8          23   4.63448018E-02  -5.58295287E-02 -0.500000000    
           8          24   1.40583199E-02  -7.08636418E-02 -0.500000000    
           8          25   2.47794972E-03  -7.44458213E-02 -0.500000000    
           8          26   5.19085079E-02  -7.10382983E-02 -0.500000000    
           8          27  0.133701533      -6.17482513E-02 -0.500000000    
           8          28  0.215958759      -5.39961345E-02 -0.500000000    
           8          29  0.171019360      -5.20355590E-02 -0.500000000    
           8          30   5.17825447E-02  -4.77185734E-02 -0.500000000    
           8          31   2.83382088E-02  -4.70671989E-02 -0.500000000    
           8          32   4.55697700E-02  -5.33510111E-02 -0.500000000    
           8          33   5.31012304E-02  -5.81430010E-02 -0.500000000    
           9           1  0.297000378      -7.13230371E-02 -0.500000000    
           9           2  0.196894437      -6.60614893E-02 -0.500000000    
           9           3  0.116193764      -6.49932921E-02 -0.500000000    
           9           4  0.117465250      -6.69124201E-02 -0.500000000    
           9           5  0.137455717      -6.13290705E-02 -0.500000000    
           9           6  0.100551300      -5.90674989E-02 -0.500000000    
           9           7   5.14822155E-02  -6.97470084E-02 -0.500000000    
           9           8   3.20641249E-02  -7.99984261E-02 -0.500000000    
           9           9   2.79852729E-02  -7.97864497E-02 -0.500000000    
           9          10   9.99336466E-02  -6.84851706E-02 -0.500000000    
           9          11  0.188010156      -4.64538895E-02 -0.500000000    
           9          12  0.119228661      -2.13165041E-02 -0.500000000    
           9          13  -4.08988222E-02  -4.14698385E-03 -0.500000000    
           9          14  -3.60290483E-02   2.98270024E-03 -0.500000000    
           9          15   6.09362610E-02   3.77437333E-04 -0.500000000    
           9          16   8.85272101E-02  -1.73076764E-02 -0.500000000    
           9          17   5.93801588E-02  -2.57297885E-02 -0.500000000    
           9          18  0.101918414      -1.73608214E-02 -0.500000000    
           9          19   6.73718750E-02   4.35390772E-04 -0.500000000    
           9          20  -3.17104086E-02   4.17608349E-03 -0.500000000    
           9          21  -5.29616736E-02  -2.79768882E-03 -0.500000000    
           9          22  0.118731886      -2.32144333E-02 -0.500000000    
           9          23  0.173132807      -4.67132665E-02 -0.500000000    
           9          24   8.35098550E-02  -6.42256290E-02 -0.500000000    
           9          25   1.28650125E-02  -7.21002370E-02 -0.500000000    
           9          26   1.40838437E-02  -7.10194185E-02 -0.500000000    
           9          27   2.86275167E-02  -6.06938750E-02 -0.500000000    
           9          28   7.25449026E-02  -5.03850505E-02 -0.500000000    
           9          29   8.44059736E-02  -4.96954322E-02 -0.500000000    
           9          30   3.25729772E-02  -4.82143201E-02 -0.500000000    
           9          31   7.67519623E-02  -4.30704281E-02 -0.500000000    
           9          32  0.200238898      -4.24960628E-02 -0.500000000    
           9          33  0.294071496      -4.67860140E-02 -0.500000000    
          10           1  0.548412442      -6.12052605E-02 -0.500000000    
          10           2  0.506605685      -6.14304841E-02 -0.500000000    
          10           3  0.393931240      -6.70695752E-02 -0.500000000    
          10           4  0.208371803      -7.21171796E-02 -0.500000000    
          10           5   4.08220738E-02  -6.04659989E-02 -0.500000000    
          10           6  -6.65600039E-03  -5.50867729E-02 -0.500000000    
          10           7   1.74200535E-02  -6.54113665E-02 -0.500000000    
          10           8   4.29402925E-02  -7.32225850E-02 -0.500000000    
          10           9   9.99353230E-02  -6.84842989E-02 -0.500000000    
          10          10  0.275846660      -5.39793819E-02 -0.500000000    
          10          11  0.365408093      -3.77641730E-02 -0.500000000    
          10          12  0.164309502      -1.73277389E-02 -0.500000000    
          10          13   3.11850365E-02  -4.49163280E-03 -0.500000000    
          10          14   1.45814046E-02   8.25434364E-03 -0.500000000    
          10          15  0.107390761       6.47900673E-03 -0.500000000    
          10          16  0.145698175      -1.24333436E-02 -0.500000000    
          10          17  0.135511220      -2.10945234E-02 -0.500000000    
          10          18  0.161986351      -1.17990850E-02 -0.500000000    
          10          19  0.117277943       7.24395877E-03 -0.500000000    
          10          20   1.65971592E-02   9.65575501E-03 -0.500000000    
          10          21   2.07927655E-02  -2.33049225E-03 -0.500000000    
          10          22  0.154128328      -1.75624937E-02 -0.500000000    
          10          23  0.358960390      -3.68905589E-02 -0.500000000    
          10          24  0.257519275      -4.84051555E-02 -0.500000000    
          10          25   9.57358256E-02  -5.94095513E-02 -0.500000000    
          10          26   4.27086502E-02  -6.36293963E-02 -0.500000000    
          10          27   9.22408886E-03  -5.57758473E-02 -0.500000000    
          10          28  -1.83336195E-02  -4.56384085E-02 -0.500000000    
          10          29   6.28007576E-02  -4.76496704E-02 -0.500000000    
          10          30  0.236013919      -5.17285690E-02 -0.500000000    
          10          31  0.385692060      -4.37955633E-02 -0.500000000    
          10          32  0.482654452      -3.49437594E-02 -0.500000000    
          10          33  0.516289353      -3.19808088E-02 -0.500000000    
          11           1  0.581205785      -5.21038994E-02 -0.500000000    
          11           2  0.646599770      -5.89416809E-02 -0.500000000    
          11           3  0.638827860      -6.78995624E-02 -0.500000000    
          11           4  0.389737725      -7.52148628E-02 -0.500000000    
          11           5   6.54719397E-02  -5.99806048E-02 -0.500000000    
          11           6   5.42805344E-03  -5.06209731E-02 -0.500000000    
          11           7   4.24681939E-02  -5.38653471E-02 -0.500000000    
          11           8   7.38897175E-02  -5.39023355E-02 -0.500000000    
          11           9  0.188016400      -4.64520678E-02 -0.500000000    
          11          10  0.365414768      -3.77629735E-02 -0.500000000    
          11          11  0.342929006      -2.75089946E-02 -0.500000000    
          11          12  0.261632323      -1.65464841E-02 -0.500000000    
          11          13  0.130386606      -1.22480124E-05 -0.500000000    
          11          14  0.103745013       1.59541778E-02 -0.500000000    
          11          15  0.169662431       1.37271537E-02 -0.500000000    
          11          16  0.229909465      -3.83703434E-03 -0.500000000    
          11          17  0.247390702      -1.13753984E-02 -0.500000000    
          11          18  0.244347766      -2.71937624E-03 -0.500000000    
          11          19  0.177557006       1.51200453E-02 -0.500000000    
          11          20   9.76944193E-02   1.73795708E-02 -0.500000000    
          11          21  0.115909852       1.97720458E-03 -0.500000000    
          11          22  0.248092756      -1.53181506E-02 -0.500000000    
          11          23  0.323615760      -2.47940440E-02 -0.500000000    
          11          24  0.339295179      -3.07233222E-02 -0.500000000    
          11          25  0.163045630      -3.56025361E-02 -0.500000000    
          11          26   6.71711341E-02  -4.30252329E-02 -0.500000000    
          11          27   5.61824962E-02  -4.34954353E-02 -0.500000000    
          11          28   4.97334972E-02  -3.88250276E-02 -0.500000000    
          11          29  0.188380063      -4.40268405E-02 -0.500000000    
          11          30  0.514354646      -5.30279316E-02 -0.500000000    
          11          31  0.654054224      -4.39318195E-02 -0.500000000    
          11          32  0.621387661      -3.02396603E-02 -0.500000000    
          11          33  0.578529418      -1.99619085E-02 -0.500000000    
          12           1  0.503154397      -4.63715829E-02 -0.500000000    
          12           2  0.615406334      -5.58633581E-02 -0.500000000    
          12           3  0.627417147      -6.81383386E-02 -0.500000000    
          12           4  0.366419256      -7.09631369E-02 -0.500000000    
          12           5  0.140927076      -5.45612685E-02 -0.500000000    
          12           6   7.56665915E-02  -3.89682353E-02 -0.500000000    
          12           7   3.51288915E-02  -3.01036239E-02 -0.500000000    
          12           8   4.16051187E-02  -2.75682323E-02 -0.500000000    
          12           9  0.119235419      -2.13140547E-02 -0.500000000    
          12          10  0.164319351      -1.73256230E-02 -0.500000000    
          12          11  0.261639655      -1.65454969E-02 -0.500000000    
          12          12  0.263273835      -6.74211467E-03 -0.500000000    
          12          13  0.181052685       1.14724021E-02 -0.500000000    
          12          14  0.144510612       2.66784988E-02 -0.500000000    
          12          15  0.166183338       2.39928495E-02 -0.500000000    
          12          16  0.244140387       1.04387579E-02 -0.500000000    
          12          17  0.288242847       5.01947571E-03 -0.500000000    
          12          18  0.251886725       1.18136294E-02 -0.500000000    
          12          19  0.165337712       2.57343221E-02 -0.500000000    
          12          20  0.128489077       2.79440973E-02 -0.500000000    
          12          21  0.156357050       1.27529353E-02 -0.500000000    
          12          22  0.242555037      -5.22634992E-03 -0.500000000    
          12          23  0.234658509      -1.21535948E-02 -0.500000000    
          12          24  0.136806756      -9.56515968E-03 -0.500000000    
          12          25   8.82026777E-02  -1.11833038E-02 -0.500000000    
          12          26   1.19608063E-02  -1.74841769E-02 -0.500000000    
          12          27   4.13712524E-02  -1.99897476E-02 -0.500000000    
          12          28  0.123661935      -2.48803161E-02 -0.500000000    
          12          29  0.266797006      -3.49802822E-02 -0.500000000    
          12          30  0.558582067      -4.74687032E-02 -0.500000000    
          12          31  0.743857682      -4.22736555E-02 -0.500000000    
          12          32  0.659524620      -2.93865036E-02 -0.500000000    
          12          33  0.547150552      -1.86661575E-02 -0.500000000    
          13           1  0.438747793      -5.11692353E-02 -0.500000000    
          13           2  0.513342500      -5.84726222E-02 -0.500000000    
          13           3  0.402632028      -6.64293841E-02 -0.500000000    
          13           4  0.162685245      -5.33183180E-02 -0.500000000    
          13           5   9.51952264E-02  -3.83901633E-02 -0.500000000    
          13           6   7.31953606E-02  -2.31453255E-02 -0.500000000    
          13           7   2.70227157E-02  -1.41375167E-02 -0.500000000    
          13           8  -3.27490270E-02  -7.50564691E-03 -0.500000000    
          13           9  -4.08961028E-02  -4.14442969E-03 -0.500000000    
          13          10   3.11919600E-02  -4.48919134E-03 -0.500000000    
          13          11  0.130393416      -1.07119849E-05 -0.500000000    
          13          12  0.181054950       1.14728995E-02 -0.500000000    
          13          13  0.149369687       2.86870077E-02 -0.500000000    
          13          14   9.11523625E-02   4.09357809E-02 -0.500000000    
          13          15   7.95047283E-02   3.87710556E-02 -0.500000000    
          13          16  0.154383138       3.02875228E-02 -0.500000000    
          13          17  0.212036431       2.71462165E-02 -0.500000000    
          13          18  0.156368017       3.17842476E-02 -0.500000000    
          13          19   7.27491528E-02   4.05235924E-02 -0.500000000    
          13          20   7.09263831E-02   4.17717062E-02 -0.500000000    
          13          21  0.124871656       2.88820602E-02 -0.500000000    
          13          22  0.159569308       1.22262482E-02 -0.500000000    
          13          23  0.111757033       3.88658140E-03 -0.500000000    
          13          24   2.17267182E-02   2.34713848E-03 -0.500000000    
          13          25  -4.69031669E-02   3.44288629E-03 -0.500000000    
          13          26  -5.07129580E-02   7.85172742E-05 -0.500000000    
          13          27   2.16029119E-02  -5.13664866E-03 -0.500000000    
          13          28  0.127463907      -1.05237747E-02 -0.500000000    
          13          29  0.203946903      -2.05636937E-02 -0.500000000    
          13          30  0.339990824      -3.33846323E-02 -0.500000000    
          13          31  0.635164440      -4.58340459E-02 -0.500000000    
          13          32  0.691695511      -4.01969776E-02 -0.500000000    
          13          33  0.589219630      -3.57899293E-02 -0.500000000    
          14           1  0.489851564      -6.96043670E-02 -0.500000000    
          14           2  0.319543988      -6.76797256E-02 -0.500000000    
          14           3  0.150089383      -5.66717312E-02 -0.500000000    
          14           4  0.170987442      -4.58564349E-02 -0.500000000    
          14           5  0.204270765      -2.81817876E-02 -0.500000000    
          14           6   9.24835354E-02  -8.08806811E-03 -0.500000000    
          14           7  -2.77179424E-02   7.30158878E-04 -0.500000000    
          14           8  -4.92092632E-02   2.05458398E-03 -0.500000000    
          14           9  -3.60274874E-02   2.98507232E-03 -0.500000000    
          14          10   1.45860342E-02   8.25664401E-03 -0.500000000    
          14          11  0.103748456       1.59555227E-02 -0.500000000    
          14          12  0.144509777       2.66786572E-02 -0.500000000    
          14          13   9.11499262E-02   4.09352481E-02 -0.500000000    
          14          14   2.19418742E-02   4.98677753E-02 -0.500000000    
          14          15  -7.27073383E-03   4.81609926E-02 -0.500000000    
          14          16   5.98505326E-02   4.31881770E-02 -0.500000000    
          14          17  0.121613316       4.17033657E-02 -0.500000000    
          14          18   6.05663769E-02   4.50040251E-02 -0.500000000    
          14          19  -1.38342557E-02   5.03517874E-02 -0.500000000    
          14          20   3.54694063E-03   5.10059819E-02 -0.500000000    
          14          21   7.49551579E-02   4.12076116E-02 -0.500000000    
          14          22  0.134592995       2.76110657E-02 -0.500000000    
          14          23   9.92100686E-02   2.00755522E-02 -0.500000000    
          14          24   2.58148257E-02   1.52721219E-02 -0.500000000    
          14          25  -1.41340988E-02   1.00419372E-02 -0.500000000    
          14          26  -2.93825809E-02   7.22391065E-03 -0.500000000    
          14          27  -2.33209431E-02   6.50149491E-03 -0.500000000    
          14          28  0.118181206       3.68247088E-03 -0.500000000    
          14          29  0.279365748      -1.12675829E-02 -0.500000000    
          14          30  0.292195678      -2.94425711E-02 -0.500000000    
          14          31  0.331128865      -4.47374173E-02 -0.500000000    
          14          32  0.566470861      -5.80599122E-02 -0.500000000    
          14          33  0.707613230      -6.06187098E-02 -0.500000000    
          15           1  0.328931540      -3.63959819E-02 -0.500000000    
          15           2  0.126271844      -2.43111290E-02 -0.500000000    
          15           3   3.11988033E-02  -1.54081909E-02 -0.500000000    
          15           4   1.31625310E-02  -1.37610594E-02 -0.500000000    
          15           5   3.86769883E-04  -1.63692515E-02 -0.500000000    
          15           6   3.08533553E-02  -1.13498801E-02 -0.500000000    
          15           7   6.18418045E-02  -4.64080693E-03 -0.500000000    
          15           8   5.65333031E-02  -2.96717160E-03 -0.500000000    
          15           9   6.09387867E-02   3.79822915E-04 -0.500000000    
          15          10  0.107395783       6.48140255E-03 -0.500000000    
          15          11  0.169664964       1.37284938E-02 -0.500000000    
          15          12  0.166179895       2.39930004E-02 -0.500000000    
          15          13   7.94994906E-02   3.87703441E-02 -0.500000000    
          15          14  -7.27322092E-03   4.81607020E-02 -0.500000000    
          15          15  -4.54592966E-02   4.74653766E-02 -0.500000000    
          15          16   2.03394797E-02   4.45946679E-02 -0.500000000    
          15          17   8.49055499E-02   4.40348499E-02 -0.500000000    
          15          18   2.39707101E-02   4.63690050E-02 -0.500000000    
          15          19  -4.67518792E-02   4.95147295E-02 -0.500000000    
          15          20  -1.87725574E-02   4.89223115E-02 -0.500000000    
          15          21   7.33584911E-02   3.84976566E-02 -0.500000000    
          15          22  0.169875413       2.45427508E-02 -0.500000000    
          15          23  0.177803293       1.76803861E-02 -0.500000000    
          15          24  0.125766322       1.39980773E-02 -0.500000000    
          15          25   8.67583007E-02   8.84397887E-03 -0.500000000    
          15          26   8.22608545E-02   4.00199834E-03 -0.500000000    
          15          27   8.53822008E-02   1.75222149E-03 -0.500000000    
          15          28   4.88075688E-02  -1.14694645E-03 -0.500000000    
          15          29   1.07501727E-02  -1.70596002E-03 -0.500000000    
          15          30   2.07198523E-02   6.17284444E-04 -0.500000000    
          15          31   5.89571223E-02  -2.79249740E-03 -0.500000000    
          15          32  0.193338633      -1.26320133E-02 -0.500000000    
          15          33  0.388703704      -2.23970842E-02 -0.500000000    
          16           1  -9.01073441E-02   2.20526084E-02 -0.500000000    
          16           2 -0.159315392       7.47302826E-03 -0.500000000    
          16           3 -0.179183438      -1.30116893E-02 -0.500000000    
          16           4 -0.115731478      -2.97333598E-02 -0.500000000    
          16           5  -1.04946801E-02  -3.26524600E-02 -0.500000000    
          16           6   6.21510409E-02  -2.24813186E-02 -0.500000000    
          16           7   8.03416669E-02  -1.66443028E-02 -0.500000000    
          16           8   7.61164501E-02  -1.79705434E-02 -0.500000000    
          16           9   8.85296836E-02  -1.73051506E-02 -0.500000000    
          16          10  0.145704880      -1.24305598E-02 -0.500000000    
          16          11  0.229913905      -3.83517658E-03 -0.500000000    
          16          12  0.244138047       1.04393745E-02 -0.500000000    
          16          13  0.154377684       3.02872695E-02 -0.500000000    
          16          14   5.98477535E-02   4.31883074E-02 -0.500000000    
          16          15   2.03393213E-02   4.45951410E-02 -0.500000000    
          16          16   9.01612341E-02   4.35705744E-02 -0.500000000    
          16          17  0.158448353       4.36103456E-02 -0.500000000    
          16          18   9.49577689E-02   4.47672009E-02 -0.500000000    
          16          19   2.05509495E-02   4.54834811E-02 -0.500000000    
          16          20   4.95203808E-02   4.21853997E-02 -0.500000000    
          16          21  0.147797987       2.77899150E-02 -0.500000000    
          16          22  0.243270487       8.69914889E-03 -0.500000000    
          16          23  0.229550391      -2.03646463E-03 -0.500000000    
          16          24  0.152608097      -6.73074648E-03 -0.500000000    
          16          25   9.69631299E-02  -9.68135335E-03 -0.500000000    
          16          26   7.93432519E-02  -9.76331998E-03 -0.500000000    
          16          27   8.49689394E-02  -6.31310930E-03 -0.500000000    
          16          28   8.47819895E-02  -6.78869057E-03 -0.500000000    
          16          29   3.86848412E-02  -1.26071488E-02 -0.500000000    
          16          30  -4.50740755E-02  -1.07175475E-02 -0.500000000    
          16          31 -0.103039607       1.17897266E-03 -0.500000000    
          16          32 -0.124798253       1.52356429E-02 -0.500000000    
          16          33 -0.128570497       2.38293912E-02 -0.500000000    
          17           1 -0.156598404       2.94157676E-02 -0.500000000    
          17           2 -0.145983368       2.02535884E-03 -0.500000000    
          17           3 -0.107641473      -2.57386304E-02 -0.500000000    
          17           4  -4.78031039E-02  -3.92883159E-02 -0.500000000    
          17           5   1.51516520E-03  -3.73977236E-02 -0.500000000    
          17           6   2.81545892E-02  -2.67855525E-02 -0.500000000    
          17           7   3.25982347E-02  -2.24264171E-02 -0.500000000    
          17           8   3.41327377E-02  -2.52332985E-02 -0.500000000    
          17           9   5.93828782E-02  -2.57271416E-02 -0.500000000    
          17          10  0.135519147      -2.10916381E-02 -0.500000000    
          17          11  0.247397497      -1.13732973E-02 -0.500000000    
          17          12  0.288242370       5.02029061E-03 -0.500000000    
          17          13  0.212032318       2.71462165E-02 -0.500000000    
          17          14  0.121611342       4.17037606E-02 -0.500000000    
          17          15   8.49063843E-02   4.40355763E-02 -0.500000000    
          17          16  0.158449635       4.36106287E-02 -0.500000000    
          17          17  0.228716820       4.37954143E-02 -0.500000000    
          17          18  0.161865652       4.45421487E-02 -0.500000000    
          17          19   8.25251713E-02   4.43980806E-02 -0.500000000    
          17          20  0.107497014       3.99297327E-02 -0.500000000    
          17          21  0.199656606       2.36929785E-02 -0.500000000    
          17          22  0.277803302       2.24891352E-03 -0.500000000    
          17          23  0.234098732      -1.06000779E-02 -0.500000000    
          17          24  0.128744647      -1.65233649E-02 -0.500000000    
          17          25   5.46642393E-02  -1.95492096E-02 -0.500000000    
          17          26   2.68340223E-02  -1.86344422E-02 -0.500000000    
          17          27   3.36186960E-02  -1.31205367E-02 -0.500000000    
          17          28   5.83100617E-02  -1.04382429E-02 -0.500000000    
          17          29   7.12866783E-02  -1.43242292E-02 -0.500000000    
          17          30   5.23953289E-02  -1.49377361E-02 -0.500000000    
          17          31   1.38453916E-02  -5.71663864E-03 -0.500000000    
          17          32  -7.07382103E-03   1.17969308E-02 -0.500000000    
          17          33  -7.08057545E-04   2.63284165E-02 -0.500000000    
          18           1  -6.88950717E-02   2.38690022E-02 -0.500000000    
          18           2 -0.151654333       8.38378817E-03 -0.500000000    
          18           3 -0.183035761      -1.35022430E-02 -0.500000000    
          18           4 -0.125952497      -3.18135396E-02 -0.500000000    
          18           5  -1.68932211E-02  -3.53267714E-02 -0.500000000    
          18           6   6.28965199E-02  -2.46480815E-02 -0.500000000    
          18           7   8.56747478E-02  -1.82113424E-02 -0.500000000    
          18           8   8.52562562E-02  -1.88227203E-02 -0.500000000    
          18           9  0.101920910      -1.73582174E-02 -0.500000000    
          18          10  0.161992982      -1.17962956E-02 -0.500000000    
          18          11  0.244352490      -2.71750614E-03 -0.500000000    
          18          12  0.251884401       1.18142301E-02 -0.500000000    
          18          13  0.156362593       3.17839719E-02 -0.500000000    
          18          14   6.05635084E-02   4.50042225E-02 -0.500000000    
          18          15   2.39705648E-02   4.63694930E-02 -0.500000000    
          18          16   9.49577019E-02   4.47672755E-02 -0.500000000    
          18          17  0.161864609       4.45418954E-02 -0.500000000    
          18          18  0.100749403       4.59184572E-02 -0.500000000    
          18          19   2.52658408E-02   4.71909083E-02 -0.500000000    
          18          20   5.12123592E-02   4.39535417E-02 -0.500000000    
          18          21  0.150387987       2.92383134E-02 -0.500000000    
          18          22  0.251537651       9.87919047E-03 -0.500000000    
          18          23  0.243850023      -1.21126638E-03 -0.500000000    
          18          24  0.167917520      -6.37366669E-03 -0.500000000    
          18          25  0.109075770      -9.92124807E-03 -0.500000000    
          18          26   8.71942565E-02  -1.07638724E-02 -0.500000000    
          18          27   8.90008658E-02  -8.09066370E-03 -0.500000000    
          18          28   8.42222497E-02  -9.21153184E-03 -0.500000000    
          18          29   3.07433847E-02  -1.52852051E-02 -0.500000000    
          18          30  -5.69475591E-02  -1.23578263E-02 -0.500000000    
          18          31 -0.108673126       1.67258794E-03 -0.500000000    
          18          32 -0.122169800       1.77910104E-02 -0.500000000    
          18          33 -0.120834753       2.76213996E-02 -0.500000000    
          19           1  0.348378986      -4.06257249E-02 -0.500000000    
          19           2  0.124339864      -2.83477735E-02 -0.500000000    
          19           3   4.11396325E-02  -1.88057758E-02 -0.500000000    
          19           4   4.09635343E-02  -1.55063514E-02 -0.500000000    
          19           5   1.89376064E-02  -1.71407163E-02 -0.500000000    
          19           6   3.07841357E-02  -1.25362063E-02 -0.500000000    
          19           7   6.36128783E-02  -5.79798780E-03 -0.500000000    
          19           8   6.08256049E-02  -3.60841211E-03 -0.500000000    
          19           9   6.73747733E-02   4.37827868E-04 -0.500000000    
          19          10  0.117283344       7.24636251E-03 -0.500000000    
          19          11  0.177559376       1.51213771E-02 -0.500000000    
          19          12  0.165334284       2.57343445E-02 -0.500000000    
          19          13   7.27438480E-02   4.05228809E-02 -0.500000000    
          19          14  -1.38367163E-02   5.03515825E-02 -0.500000000    
          19          15  -4.67517003E-02   4.95148264E-02 -0.500000000    
          19          16   2.05509886E-02   4.54831421E-02 -0.500000000    
          19          17   8.25240538E-02   4.43973355E-02 -0.500000000    
          19          18   2.52656881E-02   4.71904352E-02 -0.500000000    
          19          19  -4.71488312E-02   5.14866821E-02 -0.500000000    
          19          20  -2.47702599E-02   5.11132218E-02 -0.500000000    
          19          21   6.64215088E-02   4.02894504E-02 -0.500000000    
          19          22  0.168938369       2.60871425E-02 -0.500000000    
          19          23  0.185221538       1.87246967E-02 -0.500000000    
          19          24  0.135091186       1.44096715E-02 -0.500000000    
          19          25   9.41176489E-02   8.59266147E-03 -0.500000000    
          19          26   8.84115472E-02   3.04053980E-03 -0.500000000    
          19          27   8.75043720E-02   2.88644980E-04 -0.500000000    
          19          28   4.48936336E-02  -2.38071242E-03 -0.500000000    
          19          29   2.55315620E-02  -2.07683491E-03 -0.500000000    
          19          30   4.93078493E-02  -2.44515715E-04 -0.500000000    
          19          31   8.33666697E-02  -4.78853472E-03 -0.500000000    
          19          32  0.227090210      -1.50957052E-02 -0.500000000    
          19          33  0.452947080      -2.50703003E-02 -0.500000000    
          20           1  0.476812452      -6.54425174E-02 -0.500000000    
          20           2  0.293267101      -6.32537231E-02 -0.500000000    
          20           3  0.129656151      -5.30056842E-02 -0.500000000    
          20           4  0.168826520      -4.46777530E-02 -0.500000000    
          20           5  0.216617867      -2.86239609E-02 -0.500000000    
          20           6  0.111850053      -8.47570505E-03 -0.500000000    
          20           7  -2.62461416E-02   4.92318184E-04 -0.500000000    
          20           8  -4.89777029E-02   2.71168002E-03 -0.500000000    
          20           9  -3.17082107E-02   4.17846860E-03 -0.500000000    
          20          10   1.66019797E-02   9.65796225E-03 -0.500000000    
          20          11   9.76973549E-02   1.73806772E-02 -0.500000000    
          20          12  0.128487706       2.79440787E-02 -0.500000000    
          20          13   7.09237456E-02   4.17711660E-02 -0.500000000    
          20          14   3.54703143E-03   5.10059521E-02 -0.500000000    
          20          15  -1.87703297E-02   4.89225090E-02 -0.500000000    
          20          16   4.95228507E-02   4.21851724E-02 -0.500000000    
          20          17  0.107498698       3.99292745E-02 -0.500000000    
          20          18   5.12145050E-02   4.39533032E-02 -0.500000000    
          20          19  -2.47678589E-02   5.11133708E-02 -0.500000000    
          20          20  -1.44729940E-02   5.23304865E-02 -0.500000000    
          20          21   5.43366186E-02   4.23574783E-02 -0.500000000    
          20          22  0.118753709       2.89159566E-02 -0.500000000    
          20          23   9.40062180E-02   2.13428847E-02 -0.500000000    
          20          24   2.91984342E-02   1.65076498E-02 -0.500000000    
          20          25  -7.73299951E-03   1.12505108E-02 -0.500000000    
          20          26  -2.73581278E-02   8.06321763E-03 -0.500000000    
          20          27  -2.22765915E-02   6.52517239E-03 -0.500000000    
          20          28  0.140113980       3.33932694E-03 -0.500000000    
          20          29  0.295820862      -1.19292904E-02 -0.500000000    
          20          30  0.293052077      -2.85372343E-02 -0.500000000    
          20          31  0.314129531      -4.11473215E-02 -0.500000000    
          20          32  0.556471586      -5.31939007E-02 -0.500000000    
          20          33  0.707201660      -5.51907234E-02 -0.500000000    
          21           1  0.428418785      -5.12454547E-02 -0.500000000    
          21           2  0.508294821      -5.82643747E-02 -0.500000000    
          21           3  0.402779996      -6.51229694E-02 -0.500000000    
          21           4  0.195954010      -5.26977926E-02 -0.500000000    
          21           5  0.134162232      -3.84968668E-02 -0.500000000    
          21           6   8.90270397E-02  -2.34164577E-02 -0.500000000    
          21           7   3.34037952E-02  -1.51947103E-02 -0.500000000    
          21           8  -3.66451554E-02  -7.94142578E-03 -0.500000000    
          21           9  -5.29581420E-02  -2.79524666E-03 -0.500000000    
          21          10   2.07993984E-02  -2.32835556E-03 -0.500000000    
          21          11  0.115916036       1.97840994E-03 -0.500000000    
          21          12  0.156358570       1.27532184E-02 -0.500000000    
          21          13  0.124871515       2.88819596E-02 -0.500000000    
          21          14   7.49574676E-02   4.12080288E-02 -0.500000000    
          21          15   7.33632371E-02   3.84983048E-02 -0.500000000    
          21          16  0.147802725       2.77900863E-02 -0.500000000    
          21          17  0.199659944       2.36929618E-02 -0.500000000    
          21          18  0.150392607       2.92385109E-02 -0.500000000    
          21          19   6.64262176E-02   4.02900502E-02 -0.500000000    
          21          20   5.43394573E-02   4.23580222E-02 -0.500000000    
          21          21   9.79312062E-02   2.96311695E-02 -0.500000000    
          21          22  0.132595569       1.37964888E-02 -0.500000000    
          21          23   9.57801640E-02   5.92483068E-03 -0.500000000    
          21          24   1.06724799E-02   4.50224150E-03 -0.500000000    
          21          25  -5.73787615E-02   4.90895240E-03 -0.500000000    
          21          26  -5.18971309E-02  -6.75535994E-05 -0.500000000    
          21          27   2.98626088E-02  -5.96568221E-03 -0.500000000    
          21          28  0.140955463      -1.06376298E-02 -0.500000000    
          21          29  0.231101915      -1.97429191E-02 -0.500000000    
          21          30  0.353355289      -3.12371925E-02 -0.500000000    
          21          31  0.623532951      -4.33453172E-02 -0.500000000    
          21          32  0.682117879      -3.84438038E-02 -0.500000000    
          21          33  0.572189331      -3.42617407E-02 -0.500000000    
          22           1  0.511096478      -5.06113172E-02 -0.500000000    
          22           2  0.629482746      -5.99972680E-02 -0.500000000    
          22           3  0.636708021      -7.18247965E-02 -0.500000000    
          22           4  0.370600373      -7.04913363E-02 -0.500000000    
          22           5  0.166840062      -5.55263758E-02 -0.500000000    
          22           6   8.23130459E-02  -4.21957895E-02 -0.500000000    
          22           7   2.51307264E-02  -3.34932730E-02 -0.500000000    
          22           8   3.41307521E-02  -3.01161762E-02 -0.500000000    
          22           9  0.118738197      -2.32118480E-02 -0.500000000    
          22          10  0.154137656      -1.75604541E-02 -0.500000000    
          22          11  0.248099267      -1.53172314E-02 -0.500000000    
          22          12  0.242554531      -5.22625819E-03 -0.500000000    
          22          13  0.159567669       1.22261746E-02 -0.500000000    
          22          14  0.134594068       2.76114792E-02 -0.500000000    
          22          15  0.169878498       2.45431885E-02 -0.500000000    
          22          16  0.243272394       8.69912189E-03 -0.500000000    
          22          17  0.277803421       2.24859407E-03 -0.500000000    
          22          18  0.251539886       9.87906381E-03 -0.500000000    
          22          19  0.168942139       2.60875858E-02 -0.500000000    
          22          20  0.118755609       2.89164297E-02 -0.500000000    
          22          21  0.132594660       1.37965586E-02 -0.500000000    
          22          22  0.218440607      -3.71698104E-03 -0.500000000    
          22          23  0.217235073      -1.12579465E-02 -0.500000000    
          22          24  0.124231040      -1.02757541E-02 -0.500000000    
          22          25   8.83375630E-02  -1.32470801E-02 -0.500000000    
          22          26   5.80379181E-03  -1.97204184E-02 -0.500000000    
          22          27   3.46914567E-02  -2.28799488E-02 -0.500000000    
          22          28  0.134143084      -2.78791729E-02 -0.500000000    
          22          29  0.285346359      -3.56330574E-02 -0.500000000    
          22          30  0.548518002      -4.66688760E-02 -0.500000000    
          22          31  0.746249974      -4.47339416E-02 -0.500000000    
          22          32  0.660622001      -3.24594490E-02 -0.500000000    
          22          33  0.530337691      -2.20212173E-02 -0.500000000    
          23           1  0.571335495      -5.69677204E-02 -0.500000000    
          23           2  0.669646621      -6.54041767E-02 -0.500000000    
          23           3  0.681346297      -7.52642825E-02 -0.500000000    
          23           4  0.402725607      -7.95445070E-02 -0.500000000    
          23           5   6.43395036E-02  -6.30380437E-02 -0.500000000    
          23           6  -1.26730036E-02  -5.47407903E-02 -0.500000000    
          23           7   1.39773609E-02  -5.71647026E-02 -0.500000000    
          23           8   4.63459194E-02  -5.58272786E-02 -0.500000000    
          23           9  0.173138738      -4.67109792E-02 -0.500000000    
          23          10  0.358966619      -3.68889682E-02 -0.500000000    
          23          11  0.323615968      -2.47936398E-02 -0.500000000    
          23          12  0.234652191      -1.21540874E-02 -0.500000000    
          23          13  0.111752100       3.88588570E-03 -0.500000000    
          23          14   9.92082208E-02   2.00752020E-02 -0.500000000    
          23          15  0.177802026       1.76799335E-02 -0.500000000    
          23          16  0.229546994      -2.03738897E-03 -0.500000000    
          23          17  0.234093159      -1.06012132E-02 -0.500000000    
          23          18  0.243846685      -1.21221063E-03 -0.500000000    
          23          19  0.185220405       1.87242031E-02 -0.500000000    
          23          20   9.40052047E-02   2.13424638E-02 -0.500000000    
          23          21   9.57754999E-02   5.92427747E-03 -0.500000000    
          23          22  0.217229053      -1.12583544E-02 -0.500000000    
          23          23  0.303259104      -2.31023729E-02 -0.500000000    
          23          24  0.334847510      -3.10344901E-02 -0.500000000    
          23          25  0.148964509      -3.68741527E-02 -0.500000000    
          23          26   3.89696546E-02  -4.56710979E-02 -0.500000000    
          23          27   3.00545953E-02  -4.73146997E-02 -0.500000000    
          23          28   3.65420245E-02  -4.32587899E-02 -0.500000000    
          23          29  0.188139915      -4.71661799E-02 -0.500000000    
          23          30  0.528850257      -5.71162924E-02 -0.500000000    
          23          31  0.680239677      -4.99837548E-02 -0.500000000    
          23          32  0.607257128      -3.58292647E-02 -0.500000000    
          23          33  0.525488675      -2.38724854E-02 -0.500000000    
          24           1  0.517600358      -6.72299489E-02 -0.500000000    
          24           2  0.531948268      -7.15790093E-02 -0.500000000    
          24           3  0.461256206      -7.93758556E-02 -0.500000000    
          24           4  0.237595543      -8.21736902E-02 -0.500000000    
          24           5   1.60524584E-02  -6.53372034E-02 -0.500000000    
          24           6  -4.68202159E-02  -5.86223491E-02 -0.500000000    
          24           7  -1.69088412E-02  -6.62205219E-02 -0.500000000    
          24           8   1.40587464E-02  -7.08619580E-02 -0.500000000    
          24           9   8.35122168E-02  -6.42240420E-02 -0.500000000    
          24          10  0.257520258      -4.84044813E-02 -0.500000000    
          24          11  0.339289963      -3.07237171E-02 -0.500000000    
          24          12  0.136798933      -9.56646632E-03 -0.500000000    
          24          13   2.17223391E-02   2.34563136E-03 -0.500000000    
          24          14   2.58123837E-02   1.52708683E-02 -0.500000000    
          24          15  0.125762895       1.39966318E-02 -0.500000000    
          24          16  0.152603388      -6.73253695E-03 -0.500000000    
          24          17  0.128738910      -1.65253729E-02 -0.500000000    
          24          18  0.167912588      -6.37541804E-03 -0.500000000    
          24          19  0.135087848       1.44081935E-02 -0.500000000    
          24          20   2.91958638E-02   1.65063441E-02 -0.500000000    
          24          21   1.06683420E-02   4.50089620E-03 -0.500000000    
          24          22  0.124223530      -1.02770692E-02 -0.500000000    
          24          23  0.334843099      -3.10353581E-02 -0.500000000    
          24          24  0.241676375      -4.45335992E-02 -0.500000000    
          24          25   7.79724419E-02  -5.66872023E-02 -0.500000000    
          24          26   9.08733252E-03  -6.26456961E-02 -0.500000000    
          24          27  -2.74621714E-02  -5.81481047E-02 -0.500000000    
          24          28  -5.72831333E-02  -5.08937947E-02 -0.500000000    
          24          29   5.49318865E-02  -5.44463657E-02 -0.500000000    
          24          30  0.286932528      -6.23705722E-02 -0.500000000    
          24          31  0.424182028      -5.50427288E-02 -0.500000000    
          24          32  0.459413975      -4.29575406E-02 -0.500000000    
          24          33  0.450055480      -3.51936445E-02 -0.500000000    
          25           1  0.275947481      -8.28458592E-02 -0.500000000    
          25           2  0.214703873      -8.05340782E-02 -0.500000000    
          25           3  0.147962242      -8.11741278E-02 -0.500000000    
          25           4  0.118989855      -7.87191316E-02 -0.500000000    
          25           5  0.101268932      -6.49815500E-02 -0.500000000    
          25           6   5.34504950E-02  -5.92731498E-02 -0.500000000    
          25           7   1.59227308E-02  -6.74944669E-02 -0.500000000    
          25           8   2.47787591E-03  -7.44447261E-02 -0.500000000    
          25           9   1.28647611E-02  -7.20994696E-02 -0.500000000    
          25          10   9.57352445E-02  -5.94098233E-02 -0.500000000    
          25          11  0.163040146      -3.56037505E-02 -0.500000000    
          25          12   8.81970823E-02  -1.11851143E-02 -0.500000000    
          25          13  -4.69052084E-02   3.44116171E-03 -0.500000000    
          25          14  -1.41351465E-02   1.00403996E-02 -0.500000000    
          25          15   8.67563710E-02   8.84236861E-03 -0.500000000    
          25          16   9.69608501E-02  -9.68316942E-03 -0.500000000    
          25          17   5.46615086E-02  -1.95511840E-02 -0.500000000    
          25          18  0.109073304      -9.92328953E-03 -0.500000000    
          25          19   9.41151083E-02   8.59087426E-03 -0.500000000    
          25          20  -7.73517881E-03   1.12488819E-02 -0.500000000    
          25          21  -5.73809668E-02   4.90718335E-03 -0.500000000    
          25          22   8.83332491E-02  -1.32492101E-02 -0.500000000    
          25          23  0.148959294      -3.68759856E-02 -0.500000000    
          25          24   7.79711530E-02  -5.66883311E-02 -0.500000000    
          25          25  -8.23463686E-03  -6.60186931E-02 -0.500000000    
          25          26  -2.96054091E-02  -6.73644021E-02 -0.500000000    
          25          27  -2.43084375E-02  -6.08297996E-02 -0.500000000    
          25          28   1.14417244E-02  -5.35593033E-02 -0.500000000    
          25          29   5.71000576E-02  -5.75872250E-02 -0.500000000    
          25          30   5.43929487E-02  -6.30641356E-02 -0.500000000    
          25          31   9.23776105E-02  -5.91377765E-02 -0.500000000    
          25          32  0.188374460      -5.47766350E-02 -0.500000000    
          25          33  0.254956633      -5.53624667E-02 -0.500000000    
          26           1   9.43873599E-02  -9.53509584E-02 -0.500000000    
          26           2   6.99565411E-02  -8.67386609E-02 -0.500000000    
          26           3   5.84039800E-02  -7.85916969E-02 -0.500000000    
          26           4  0.103931978      -7.24640042E-02 -0.500000000    
          26           5  0.189323947      -6.35904595E-02 -0.500000000    
          26           6  0.183184862      -5.86480871E-02 -0.500000000    
          26           7  0.118005738      -6.46703541E-02 -0.500000000    
          26           8   5.19069731E-02  -7.10377470E-02 -0.500000000    
          26           9   1.40817035E-02  -7.10192621E-02 -0.500000000    
          26          10   4.27082554E-02  -6.36299849E-02 -0.500000000    
          26          11   6.71705678E-02  -4.30266410E-02 -0.500000000    
          26          12   1.19626336E-02  -1.74858253E-02 -0.500000000    
          26          13  -5.07102162E-02   7.69790786E-05 -0.500000000    
          26          14  -2.93819159E-02   7.22269807E-03 -0.500000000    
          26          15   8.22612867E-02   4.00074944E-03 -0.500000000    
          26          16   7.93435276E-02  -9.76474956E-03 -0.500000000    
          26          17   2.68345997E-02  -1.86359417E-02 -0.500000000    
          26          18   8.71942043E-02  -1.07653802E-02 -0.500000000    
          26          19   8.84111077E-02   3.03904619E-03 -0.500000000    
          26          20  -2.73583457E-02   8.06186348E-03 -0.500000000    
          26          21  -5.18942215E-02  -6.92094618E-05 -0.500000000    
          26          22   5.80604095E-03  -1.97225548E-02 -0.500000000    
          26          23   3.89696322E-02  -4.56731915E-02 -0.500000000    
          26          24   9.08785686E-03  -6.26474842E-02 -0.500000000    
          26          25  -2.96055451E-02  -6.73652515E-02 -0.500000000    
          26          26   1.62237324E-04  -6.57737255E-02 -0.500000000    
          26          27   7.31753111E-02  -5.82967214E-02 -0.500000000    
          26          28  0.147766531      -5.22778407E-02 -0.500000000    
          26          29  0.125255823      -5.68662658E-02 -0.500000000    
          26          30   1.00325253E-02  -6.09591268E-02 -0.500000000    
          26          31  -1.25463577E-02  -6.28951192E-02 -0.500000000    
          26          32   4.07408550E-02  -6.91457316E-02 -0.500000000    
          26          33   8.63690972E-02  -7.59217367E-02 -0.500000000    
          27           1   4.67197150E-02 -0.101419657     -0.500000000    
          27           2   7.56061077E-02  -9.33541134E-02 -0.500000000    
          27           3  0.103551231      -8.21298659E-02 -0.500000000    
          27           4  0.181482315      -7.39906579E-02 -0.500000000    
          27           5  0.333600074      -6.62223250E-02 -0.500000000    
          27           6  0.364999980      -5.84267229E-02 -0.500000000    
          27           7  0.258625358      -5.89715056E-02 -0.500000000    
          27           8  0.133694395      -6.17478304E-02 -0.500000000    
          27           9   2.86207348E-02  -6.06942475E-02 -0.500000000    
          27          10   9.22067463E-03  -5.57769947E-02 -0.500000000    
          27          11   5.61811663E-02  -4.34970148E-02 -0.500000000    
          27          12   4.13729325E-02  -1.99914407E-02 -0.500000000    
          27          13   2.16100290E-02  -5.13805915E-03 -0.500000000    
          27          14  -2.33160723E-02   6.50018221E-03 -0.500000000    
          27          15   8.53818208E-02   1.75060669E-03 -0.500000000    
          27          16   8.49686638E-02  -6.31479267E-03 -0.500000000    
          27          17   3.36191393E-02  -1.31223667E-02 -0.500000000    
          27          18   8.90004933E-02  -8.09242018E-03 -0.500000000    
          27          19   8.75038728E-02   2.86875264E-04 -0.500000000    
          27          20  -2.22723149E-02   6.52365480E-03 -0.500000000    
          27          21   2.98716146E-02  -5.96722588E-03 -0.500000000    
          27          22   3.46950293E-02  -2.28817891E-02 -0.500000000    
          27          23   3.00538354E-02  -4.73169349E-02 -0.500000000    
          27          24  -2.74644457E-02  -5.81504367E-02 -0.500000000    
          27          25  -2.43131537E-02  -6.08312674E-02 -0.500000000    
          27          26   7.31686726E-02  -5.82973696E-02 -0.500000000    
          27          27  0.223394603      -5.15678376E-02 -0.500000000    
          27          28  0.342061728      -4.91921082E-02 -0.500000000    
          27          29  0.267672509      -5.71003146E-02 -0.500000000    
          27          30   9.49497223E-02  -6.39274046E-02 -0.500000000    
          27          31   3.17409709E-02  -7.16881379E-02 -0.500000000    
          27          32   2.48058494E-02  -8.29301775E-02 -0.500000000    
          27          33   1.72169190E-02  -9.01233554E-02 -0.500000000    
          28           1   4.29045642E-03 -0.110068575     -0.500000000    
          28           2   7.34636635E-02 -0.108594500     -0.500000000    
          28           3  0.166640043      -9.94229466E-02 -0.500000000    
          28           4  0.295742214      -8.91587809E-02 -0.500000000    
          28           5  0.468039304      -7.89124668E-02 -0.500000000    
          28           6  0.502219081      -6.47427738E-02 -0.500000000    
          28           7  0.378075451      -5.66418469E-02 -0.500000000    
          28           8  0.215947822      -5.39964214E-02 -0.500000000    
          28           9   7.25368783E-02  -5.03862053E-02 -0.500000000    
          28          10  -1.83368400E-02  -4.56406660E-02 -0.500000000    
          28          11   4.97332290E-02  -3.88278961E-02 -0.500000000    
          28          12  0.123658322      -2.48833317E-02 -0.500000000    
          28          13  0.127459794      -1.05269998E-02 -0.500000000    
          28          14  0.118183158       3.67895956E-03 -0.500000000    
          28          15   4.88036573E-02  -1.15075777E-03 -0.500000000    
          28          16   8.47748145E-02  -6.79267431E-03 -0.500000000    
          28          17   5.83033152E-02  -1.04423715E-02 -0.500000000    
          28          18   8.42152759E-02  -9.21561848E-03 -0.500000000    
          28          19   4.48904186E-02  -2.38450640E-03 -0.500000000    
          28          20  0.140116557       3.33619118E-03 -0.500000000    
          28          21  0.140958279      -1.06405634E-02 -0.500000000    
          28          22  0.134145856      -2.78821681E-02 -0.500000000    
          28          23   3.65446545E-02  -4.32619601E-02 -0.500000000    
          28          24  -5.72850928E-02  -5.08968756E-02 -0.500000000    
          28          25   1.14345420E-02  -5.35616688E-02 -0.500000000    
          28          26  0.147751287      -5.22794873E-02 -0.500000000    
          28          27  0.342047065      -4.91929129E-02 -0.500000000    
          28          28  0.484354585      -5.44448234E-02 -0.500000000    
          28          29  0.416800916      -6.76031113E-02 -0.500000000    
          28          30  0.229825348      -7.74933025E-02 -0.500000000    
          28          31  0.111430034      -8.92679617E-02 -0.500000000    
          28          32   3.01813558E-02  -9.93817300E-02 -0.500000000    
          28          33  -1.69622283E-02 -0.101934075     -0.500000000    
          29           1   9.31689590E-02 -0.144323826     -0.500000000    
          29           2  0.100175105     -0.135322452     -0.500000000    
          29           3  0.183348075     -0.121658258     -0.500000000    
          29           4  0.289929360     -0.106067784     -0.500000000    
          29           5  0.427320719      -9.14812461E-02 -0.500000000    
          29           6  0.424053311      -7.22222477E-02 -0.500000000    
          29           7  0.301117748      -5.75425662E-02 -0.500000000    
          29           8  0.171012759      -5.20371869E-02 -0.500000000    
          29           9   8.44073072E-02  -4.96987291E-02 -0.500000000    
          29          10   6.28078878E-02  -4.76543345E-02 -0.500000000    
          29          11  0.188381955      -4.40320969E-02 -0.500000000    
          29          12  0.266781300      -3.49858589E-02 -0.500000000    
          29          13  0.203923896      -2.05696728E-02 -0.500000000    
          29          14  0.279345900      -1.12738274E-02 -0.500000000    
          29          15   1.07389968E-02  -1.71213772E-03 -0.500000000    
          29          16   3.86639386E-02  -1.26137100E-02 -0.500000000    
          29          17   7.12643713E-02  -1.43309841E-02 -0.500000000    
          29          18   3.07251625E-02  -1.52920242E-02 -0.500000000    
          29          19   2.55208500E-02  -2.08298001E-03 -0.500000000    
          29          20  0.295808345      -1.19348625E-02 -0.500000000    
          29          21  0.231092915      -1.97482388E-02 -0.500000000    
          29          22  0.285345048      -3.56382616E-02 -0.500000000    
          29          23  0.188147679      -4.71713208E-02 -0.500000000    
          29          24   5.49405701E-02  -5.44513203E-02 -0.500000000    
          29          25   5.71000017E-02  -5.75913377E-02 -0.500000000    
          29          26  0.125242874      -5.68692125E-02 -0.500000000    
          29          27  0.267651558      -5.71022741E-02 -0.500000000    
          29          28  0.416788936      -6.76039681E-02 -0.500000000    
          29          29  0.407402784      -8.37121233E-02 -0.500000000    
          29          30  0.271822751      -9.65075791E-02 -0.500000000    
          29          31  0.178020939     -0.111769564     -0.500000000    
          29          32   8.85262862E-02 -0.121993914     -0.500000000    
          29          33   6.69076815E-02 -0.125228509     -0.500000000    
          30           1  0.562946200     -0.202598944     -0.500000000    
          30           2  0.346156836     -0.180752829     -0.500000000    
          30           3  0.214267060     -0.145175010     -0.500000000    
          30           4  0.232878134     -0.120709479     -0.500000000    
          30           5  0.308151603     -0.101590119     -0.500000000    
          30           6  0.271740824      -7.68936574E-02 -0.500000000    
          30           7  0.153855979      -5.66036962E-02 -0.500000000    
          30           8   5.17846644E-02  -4.77225818E-02 -0.500000000    
          30           9   3.25952843E-02  -4.82205749E-02 -0.500000000    
          30          10  0.236057431      -5.17356209E-02 -0.500000000    
          30          11  0.514371932      -5.30349202E-02 -0.500000000    
          30          12  0.558559418      -4.74759899E-02 -0.500000000    
          30          13  0.339942932      -3.33919749E-02 -0.500000000    
          30          14  0.292152822      -2.94498317E-02 -0.500000000    
          30          15   2.06993874E-02   6.10565767E-04 -0.500000000    
          30          16  -4.51094024E-02  -1.07247978E-02 -0.500000000    
          30          17   5.23524806E-02  -1.49454242E-02 -0.500000000    
          30          18  -5.69788329E-02  -1.23656197E-02 -0.500000000    
          30          19   4.92873341E-02  -2.51024961E-04 -0.500000000    
          30          20  0.293022335      -2.85439044E-02 -0.500000000    
          30          21  0.353328466      -3.12439557E-02 -0.500000000    
          30          22  0.548512518      -4.66758832E-02 -0.500000000    
          30          23  0.528871417      -5.71230352E-02 -0.500000000    
          30          24  0.286972463      -6.23775758E-02 -0.500000000    
          30          25   5.44172339E-02  -6.30708039E-02 -0.500000000    
          30          26   1.00333486E-02  -6.09641783E-02 -0.500000000    
          30          27   9.49351564E-02  -6.39307275E-02 -0.500000000    
          30          28  0.229809463      -7.74950907E-02 -0.500000000    
          30          29  0.271813273      -9.65083987E-02 -0.500000000    
          30          30  0.216044083     -0.112010263     -0.500000000    
          30          31  0.218259126     -0.134396240     -0.500000000    
          30          32  0.306389511     -0.162510052     -0.500000000    
          30          33  0.464966416     -0.181369483     -0.500000000    
          31           1  0.663674533     -0.191006660     -0.500000000    
          31           2  0.754517257     -0.201190799     -0.500000000    
          31           3  0.442789644     -0.179616183     -0.500000000    
          31           4  0.181794435     -0.132647589     -0.500000000    
          31           5  0.177926511     -0.107870996     -0.500000000    
          31           6  0.140496030      -8.21320638E-02 -0.500000000    
          31           7   8.17517564E-02  -6.04049116E-02 -0.500000000    
          31           8   2.83465665E-02  -4.70733531E-02 -0.500000000    
          31           9   7.67861903E-02  -4.30782959E-02 -0.500000000    
          31          10  0.385744393      -4.38032076E-02 -0.500000000    
          31          11  0.654070973      -4.39389423E-02 -0.500000000    
          31          12  0.743838549      -4.22808938E-02 -0.500000000    
          31          13  0.635105073      -4.58419025E-02 -0.500000000    
          31          14  0.331068337      -4.47446518E-02 -0.500000000    
          31          15   5.89293614E-02  -2.79883179E-03 -0.500000000    
          31          16 -0.103085630       1.17230148E-03 -0.500000000    
          31          17   1.37823327E-02  -5.72400028E-03 -0.500000000    
          31          18 -0.108715229       1.66535680E-03 -0.500000000    
          31          19   8.33356827E-02  -4.79453756E-03 -0.500000000    
          31          20  0.314084053      -4.11540456E-02 -0.500000000    
          31          21  0.623494267      -4.33526114E-02 -0.500000000    
          31          22  0.746245563      -4.47409451E-02 -0.500000000    
          31          23  0.680265725      -4.99905609E-02 -0.500000000    
          31          24  0.424235582      -5.50502390E-02 -0.500000000    
          31          25   9.24166590E-02  -5.91458492E-02 -0.500000000    
          31          26  -1.25383660E-02  -6.29019961E-02 -0.500000000    
          31          27   3.17351967E-02  -7.16927424E-02 -0.500000000    
          31          28  0.111418247      -8.92711431E-02 -0.500000000    
          31          29  0.178012505     -0.111772031     -0.500000000    
          31          30  0.218259841     -0.134398401     -0.500000000    
          31          31  0.504969120     -0.179591998     -0.500000000    
          31          32  0.776992738     -0.200914353     -0.500000000    
          31          33  0.723516285     -0.195530698     -0.500000000    
          32           1  0.697339177     -0.191784963     -0.500000000    
          32           2  0.741542161     -0.190685868     -0.500000000    
          32           3  0.712834537     -0.197699845     -0.500000000    
          32           4  0.207617521     -0.145028740     -0.500000000    
          32           5   4.08315472E-02 -0.102943748     -0.500000000    
          32           6   4.41826973E-03  -7.97529444E-02 -0.500000000    
          32           7   1.79118905E-02  -6.48879632E-02 -0.500000000    
          32           8   4.55871709E-02  -5.33585995E-02 -0.500000000    
          32           9  0.200273976      -4.25041802E-02 -0.500000000    
          32          10  0.482680678      -3.49517576E-02 -0.500000000    
          32          11  0.621385992      -3.02477628E-02 -0.500000000    
          32          12  0.659507096      -2.93946099E-02 -0.500000000    
          32          13  0.691645265      -4.02045026E-02 -0.500000000    
          32          14  0.566406190      -5.80672584E-02 -0.500000000    
          32          15  0.193306521      -1.26377093E-02 -0.500000000    
          32          16 -0.124841847       1.52301062E-02 -0.500000000    
          32          17  -7.15145981E-03   1.17905680E-02 -0.500000000    
          32          18 -0.122210629       1.77849121E-02 -0.500000000    
          32          19  0.227049693      -1.51010370E-02 -0.500000000    
          32          20  0.556418061      -5.32008037E-02 -0.500000000    
          32          21  0.682082653      -3.84509601E-02 -0.500000000    
          32          22  0.660620272      -3.24671790E-02 -0.500000000    
          32          23  0.607273459      -3.58372070E-02 -0.500000000    
          32          24  0.459444940      -4.29654978E-02 -0.500000000    
          32          25  0.188404575      -5.47848269E-02 -0.500000000    
          32          26   4.07526419E-02  -6.91532418E-02 -0.500000000    
          32          27   2.48105917E-02  -8.29365030E-02 -0.500000000    
          32          28   3.01827881E-02  -9.93874371E-02 -0.500000000    
          32          29   8.85307938E-02 -0.121999599     -0.500000000    
          32          30  0.306407332     -0.162516311     -0.500000000    
          32          31  0.777003646     -0.200916499     -0.500000000    
          32          32  0.693644583     -0.190460533     -0.500000000    
          32          33  0.638159811     -0.191230506     -0.500000000    
          33           1  0.654447138     -0.195617229     -0.500000000    
          33           2  0.724696934     -0.191743016     -0.500000000    
          33           3  0.721741080     -0.195122615     -0.500000000    
          33           4  0.301923096     -0.157338738     -0.500000000    
          33           5   2.84230849E-03  -9.77995768E-02 -0.500000000    
          33           6  -5.65532558E-02  -7.43688568E-02 -0.500000000    
          33           7  -2.63545811E-02  -6.51861206E-02 -0.500000000    
          33           8   5.31266071E-02  -5.81518374E-02 -0.500000000    
          33           9  0.294102728      -4.67943326E-02 -0.500000000    
          33          10  0.516297817      -3.19887996E-02 -0.500000000    
          33          11  0.578511477      -1.99706592E-02 -0.500000000    
          33          12  0.547126293      -1.86752826E-02 -0.500000000    
          33          13  0.589186490      -3.57977860E-02 -0.500000000    
          33          14  0.707566500      -6.06258735E-02 -0.500000000    
          33          15  0.388668627      -2.24022996E-02 -0.500000000    
          33          16 -0.128603667       2.38248296E-02 -0.500000000    
          33          17  -7.93645158E-04   2.63226870E-02 -0.500000000    
          33          18 -0.120866172       2.76162699E-02 -0.500000000    
          33          19  0.452900082      -2.50752624E-02 -0.500000000    
          33          20  0.707162797      -5.51975369E-02 -0.500000000    
          33          21  0.572167575      -3.42692137E-02 -0.500000000    
          33          22  0.530334830      -2.20300071E-02 -0.500000000    
          33          23  0.525491595      -2.38814428E-02 -0.500000000    
          33          24  0.450066984      -3.52016650E-02 -0.500000000    
          33          25  0.254973292      -5.53702824E-02 -0.500000000    
          33          26   8.63855258E-02  -7.59298280E-02 -0.500000000    
          33          27   1.72304437E-02  -9.01313499E-02 -0.500000000    
          33          28  -1.69553384E-02 -0.101941913     -0.500000000    
          33          29   6.69155791E-02 -0.125236407     -0.500000000    
          33          30  0.465002209     -0.181377709     -0.500000000    
          33          31  0.723523200     -0.195532322     -0.500000000    
          33          32  0.638163865     -0.191231012     -0.500000000    
          33          33  0.528364778     -0.192951173     -0.500000000    
