           1           1  0.934195936     -0.100676276     -0.500000000    
           1           2  0.862594128      -9.62352529E-02 -0.500000000    
           1           3  0.500628769      -8.09765160E-02 -0.500000000    
           1           4  0.101788215      -5.66141196E-02 -0.500000000    
           1           5  -1.32828094E-02  -3.51490751E-02 -0.500000000    
           1           6  -1.63332094E-02  -1.16038453E-02 -0.500000000    
           1           7  -2.69494541E-02   2.02483162E-02 -0.500000000    
           1           8 -0.109767899       3.81295756E-02 -0.500000000    
           1           9  -7.50249848E-02   1.50542287E-02 -0.500000000    
           1          10   5.81417792E-02  -1.89480018E-02 -0.500000000    
           1          11   2.73091234E-02  -3.48620750E-02 -0.500000000    
           1          12 -0.164765283      -2.54771654E-02 -0.500000000    
           1          13 -0.176624686      -5.94601892E-02 -0.500000000    
           1          14  -7.55838752E-02  -6.99226558E-02 -0.500000000    
           1          15   5.90224639E-02  -7.27928355E-02 -0.500000000    
           1          16  0.424348265      -7.49130398E-02 -0.500000000    
           1          17  0.918037593      -6.33749962E-02 -0.500000000    
           1          18  0.492235720      -5.80522530E-02 -0.500000000    
           1          19   6.07589558E-02  -5.39005287E-02 -0.500000000    
           1          20  -9.32998583E-02  -5.49648106E-02 -0.500000000    
           1          21 -0.198269963      -4.69643697E-02 -0.500000000    
           1          22 -0.108546883      -2.06566546E-02 -0.500000000    
           1          23  0.105179057      -4.97303717E-02 -0.500000000    
           1          24   6.91832453E-02  -2.85468027E-02 -0.500000000    
           1          25  -8.09006616E-02   5.65923331E-03 -0.500000000    
           1          26  -9.41014364E-02   2.45829113E-02 -0.500000000    
           1          27  -5.40330075E-03   4.62152623E-03 -0.500000000    
           1          28   2.31062761E-03  -2.73215063E-02 -0.500000000    
           1          29   1.38265928E-02  -5.31017631E-02 -0.500000000    
           1          30  0.165156111      -7.96990916E-02 -0.500000000    
           1          31  0.571903706     -0.106004268     -0.500000000    
           1          32  0.878097117     -0.117869005     -0.500000000    
           1          33  0.944186568     -0.119465135     -0.500000000    
           2           1  0.862607121      -9.62323099E-02 -0.500000000    
           2           2  0.684353411      -8.66362602E-02 -0.500000000    
           2           3  0.329386503      -6.84100911E-02 -0.500000000    
           2           4   8.64034295E-02  -5.01753353E-02 -0.500000000    
           2           5   2.21220292E-02  -3.40192020E-02 -0.500000000    
           2           6   2.77336519E-02  -1.28013929E-02 -0.500000000    
           2           7   2.81847101E-02   1.37448926E-02 -0.500000000    
           2           8  -3.86074111E-02   3.00893001E-02 -0.500000000    
           2           9  -1.56351831E-02   1.82107035E-02 -0.500000000    
           2          10  0.154832825      -1.08779995E-02 -0.500000000    
           2          11   5.77281564E-02  -3.10844854E-02 -0.500000000    
           2          12 -0.169618681      -2.16118079E-02 -0.500000000    
           2          13  -3.24175647E-03  -5.20609878E-02 -0.500000000    
           2          14   6.92933500E-02  -5.93033060E-02 -0.500000000    
           2          15  0.152824059      -6.16133548E-02 -0.500000000    
           2          16  0.392824352      -6.49318397E-02 -0.500000000    
           2          17  0.514247000      -6.60833567E-02 -0.500000000    
           2          18  0.406673819      -5.29339947E-02 -0.500000000    
           2          19  0.135833785      -4.69467454E-02 -0.500000000    
           2          20   5.52872643E-02  -4.73092198E-02 -0.500000000    
           2          21  -9.08921240E-04  -4.32795882E-02 -0.500000000    
           2          22  -9.49289426E-02  -1.60595868E-02 -0.500000000    
           2          23  0.206082836      -4.14745137E-02 -0.500000000    
           2          24  0.175704554      -1.63678210E-02 -0.500000000    
           2          25  -2.96713673E-02   9.81073547E-03 -0.500000000    
           2          26  -3.92316207E-02   1.70555189E-02 -0.500000000    
           2          27   4.22071889E-02  -2.84164608E-03 -0.500000000    
           2          28   5.34233488E-02  -3.04329060E-02 -0.500000000    
           2          29   5.87153248E-02  -5.27470149E-02 -0.500000000    
           2          30  0.155417636      -7.16725141E-02 -0.500000000    
           2          31  0.436781853      -9.14002657E-02 -0.500000000    
           2          32  0.767737329     -0.105940826     -0.500000000    
           2          33  0.898665726     -0.110523343     -0.500000000    
           3           1  0.500670612      -8.09730962E-02 -0.500000000    
           3           2  0.329400480      -6.84089363E-02 -0.500000000    
           3           3  0.173635453      -5.47362678E-02 -0.500000000    
           3           4   9.29647237E-02  -4.54017706E-02 -0.500000000    
           3           5   6.85146973E-02  -3.34005095E-02 -0.500000000    
           3           6   6.96450248E-02  -1.37758497E-02 -0.500000000    
           3           7   5.28342314E-02   6.64588343E-03 -0.500000000    
           3           8   1.76118035E-02   2.03671083E-02 -0.500000000    
           3           9   5.57764955E-02   2.29566265E-02 -0.500000000    
           3          10  0.226415798       3.37990583E-03 -0.500000000    
           3          11  0.119160168      -2.37662941E-02 -0.500000000    
           3          12  -5.32546118E-02  -1.95888132E-02 -0.500000000    
           3          13   7.21617639E-02  -3.80923524E-02 -0.500000000    
           3          14  0.170200214      -4.14505117E-02 -0.500000000    
           3          15  0.258074015      -4.62083183E-02 -0.500000000    
           3          16  0.311481655      -5.12638427E-02 -0.500000000    
           3          17  0.181733862      -5.25379293E-02 -0.500000000    
           3          18  0.266193122      -4.47011255E-02 -0.500000000    
           3          19  0.237401083      -3.75917293E-02 -0.500000000    
           3          20  0.162348777      -3.34480330E-02 -0.500000000    
           3          21  0.109100908      -3.25902104E-02 -0.500000000    
           3          22   2.18313839E-02  -1.30697591E-02 -0.500000000    
           3          23  0.273835659      -2.72627231E-02 -0.500000000    
           3          24  0.220564499       2.39428761E-03 -0.500000000    
           3          25   2.71645598E-02   1.62681565E-02 -0.500000000    
           3          26   4.99936938E-03   9.59169492E-03 -0.500000000    
           3          27   5.94109595E-02  -8.25808384E-03 -0.500000000    
           3          28   8.97826329E-02  -3.06230448E-02 -0.500000000    
           3          29   9.63601097E-02  -5.07107265E-02 -0.500000000    
           3          30  0.142558813      -6.40979856E-02 -0.500000000    
           3          31  0.258653581      -7.46759847E-02 -0.500000000    
           3          32  0.445700079      -8.71727392E-02 -0.500000000    
           3          33  0.605317533      -9.54911858E-02 -0.500000000    
           4           1  0.101804078      -5.66123091E-02 -0.500000000    
           4           2   8.64077061E-02  -5.01743890E-02 -0.500000000    
           4           3   9.29655954E-02  -4.54013869E-02 -0.500000000    
           4           4   9.52597484E-02  -4.11418341E-02 -0.500000000    
           4           5   9.26119313E-02  -2.88106464E-02 -0.500000000    
           4           6   7.93528929E-02  -8.95340834E-03 -0.500000000    
           4           7   3.34354565E-02   5.88772260E-03 -0.500000000    
           4           8   3.65078188E-02   1.44444872E-02 -0.500000000    
           4           9   9.33418944E-02   2.84160115E-02 -0.500000000    
           4          10  0.201562405       2.27503702E-02 -0.500000000    
           4          11  0.134379104      -8.60453490E-03 -0.500000000    
           4          12  0.120325424      -1.74531713E-02 -0.500000000    
           4          13  0.164586797      -1.98628679E-02 -0.500000000    
           4          14  0.311027199      -2.10595820E-02 -0.500000000    
           4          15  0.317454517      -2.78860070E-02 -0.500000000    
           4          16  0.157984242      -2.97214165E-02 -0.500000000    
           4          17   5.24745025E-02  -2.74312515E-02 -0.500000000    
           4          18  0.123349562      -2.78173722E-02 -0.500000000    
           4          19  0.276394695      -2.55580116E-02 -0.500000000    
           4          20  0.304178089      -1.70671493E-02 -0.500000000    
           4          21  0.226394504      -1.57352611E-02 -0.500000000    
           4          22  0.180822700      -1.04231210E-02 -0.500000000    
           4          23  0.206377506      -3.73210502E-03 -0.500000000    
           4          24  0.166425884       2.41765827E-02 -0.500000000    
           4          25   5.18625639E-02   2.39202343E-02 -0.500000000    
           4          26   1.26684457E-02   7.43600447E-03 -0.500000000    
           4          27   2.55452376E-02  -4.35581570E-03 -0.500000000    
           4          28   7.75288269E-02  -2.09991839E-02 -0.500000000    
           4          29   9.54042077E-02  -4.09199372E-02 -0.500000000    
           4          30  0.110142715      -5.41056320E-02 -0.500000000    
           4          31  0.126962870      -5.96897304E-02 -0.500000000    
           4          32  0.135973662      -6.47384822E-02 -0.500000000    
           4          33  0.156281397      -6.93914592E-02 -0.500000000    
           5           1  -1.32821687E-02  -3.51496153E-02 -0.500000000    
           5           2   2.21193098E-02  -3.40194851E-02 -0.500000000    
           5           3   6.85135424E-02  -3.34000885E-02 -0.500000000    
           5           4   9.26114693E-02  -2.88099758E-02 -0.500000000    
           5           5   9.01708826E-02  -1.39378859E-02 -0.500000000    
           5           6   5.40296286E-02   4.86824661E-03 -0.500000000    
           5           7   1.54841691E-02   1.16314515E-02 -0.500000000    
           5           8   5.10948561E-02   1.45982951E-02 -0.500000000    
           5           9   8.84957165E-02   3.37644778E-02 -0.500000000    
           5          10  0.140527815       4.24173698E-02 -0.500000000    
           5          11   8.17208365E-03   7.65383942E-03 -0.500000000    
           5          12   8.52629170E-02  -1.33792041E-02 -0.500000000    
           5          13  0.100814037      -6.52742712E-03 -0.500000000    
           5          14  0.226751536      -6.93558156E-03 -0.500000000    
           5          15  0.219110981      -9.35318228E-03 -0.500000000    
           5          16  0.120407976      -6.34863041E-03 -0.500000000    
           5          17   8.48056152E-02  -4.95579280E-03 -0.500000000    
           5          18  0.116751656      -7.92412087E-03 -0.500000000    
           5          19  0.207435906      -1.16125625E-02 -0.500000000    
           5          20  0.220289215      -6.84246002E-03 -0.500000000    
           5          21  0.134408072      -3.32651590E-03 -0.500000000    
           5          22   9.70825255E-02  -8.69829115E-03 -0.500000000    
           5          23   1.24277007E-02   1.76688842E-02 -0.500000000    
           5          24   9.89898145E-02   4.37867641E-02 -0.500000000    
           5          25   3.40788327E-02   3.36490124E-02 -0.500000000    
           5          26   7.89634790E-03   1.36952782E-02 -0.500000000    
           5          27  -1.68721117E-02   8.20730161E-03 -0.500000000    
           5          28   1.83801968E-02  -2.88451556E-04 -0.500000000    
           5          29   5.97242117E-02  -1.94091666E-02 -0.500000000    
           5          30   7.40109384E-02  -3.53650860E-02 -0.500000000    
           5          31   6.65013567E-02  -4.19579111E-02 -0.500000000    
           5          32   3.05647478E-02  -4.41603400E-02 -0.500000000    
           5          33   1.53491599E-03  -4.55854610E-02 -0.500000000    
           6           1  -1.63388997E-02  -1.16068106E-02 -0.500000000    
           6           2   2.77228002E-02  -1.28029827E-02 -0.500000000    
           6           3   6.96347207E-02  -1.37753207E-02 -0.500000000    
           6           4   7.93466419E-02  -8.95175245E-03 -0.500000000    
           6           5   5.40274829E-02   4.86955699E-03 -0.500000000    
           6           6   1.79066230E-02   1.60995126E-02 -0.500000000    
           6           7   2.04036403E-02   1.30732590E-02 -0.500000000    
           6           8   5.93635403E-02   1.52762160E-02 -0.500000000    
           6           9   7.97507986E-02   3.34548689E-02 -0.500000000    
           6          10   2.33325344E-02   5.68323731E-02 -0.500000000    
           6          11  -2.28729788E-02   1.96448620E-02 -0.500000000    
           6          12   1.49406344E-02  -8.99117813E-03 -0.500000000    
           6          13   2.31403206E-02  -7.36107212E-03 -0.500000000    
           6          14   8.81144926E-02  -2.47605680E-03 -0.500000000    
           6          15  0.165199071       4.48228093E-03 -0.500000000    
           6          16  0.150600806       1.36990268E-02 -0.500000000    
           6          17  0.166589886       1.66059975E-02 -0.500000000    
           6          18  0.168759406       1.12917824E-02 -0.500000000    
           6          19  0.169246078       4.30118816E-05 -0.500000000    
           6          20   8.14291760E-02  -4.83169639E-03 -0.500000000    
           6          21   6.14357814E-02  -6.12406852E-03 -0.500000000    
           6          22   2.63234954E-02  -8.38431343E-03 -0.500000000    
           6          23  -3.34559530E-02   2.80337017E-02 -0.500000000    
           6          24  -2.90680844E-02   5.98084256E-02 -0.500000000    
           6          25   1.19067077E-02   3.83667424E-02 -0.500000000    
           6          26   8.11787136E-03   2.06067339E-02 -0.500000000    
           6          27  -2.79212911E-02   1.75689049E-02 -0.500000000    
           6          28  -3.35014164E-02   1.83111448E-02 -0.500000000    
           6          29   5.68012008E-04   5.84321469E-03 -0.500000000    
           6          30   3.15299928E-02  -9.81208589E-03 -0.500000000    
           6          31   3.64116877E-02  -1.84809268E-02 -0.500000000    
           6          32   9.30466317E-03  -2.17067935E-02 -0.500000000    
           6          33  -2.16785725E-02  -2.30433065E-02 -0.500000000    
           7           1  -2.69473884E-02   2.02446114E-02 -0.500000000    
           7           2   2.81739775E-02   1.37428306E-02 -0.500000000    
           7           3   5.28147854E-02   6.64579216E-03 -0.500000000    
           7           4   3.34190726E-02   5.88971190E-03 -0.500000000    
           7           5   1.54750803E-02   1.16340583E-02 -0.500000000    
           7           6   2.03978233E-02   1.30751766E-02 -0.500000000    
           7           7   2.06975490E-02   1.04398550E-02 -0.500000000    
           7           8  -1.03026675E-02   2.39166711E-02 -0.500000000    
           7           9  -5.11998311E-02   4.56790663E-02 -0.500000000    
           7          10  -7.02220574E-02   6.33194447E-02 -0.500000000    
           7          11   2.31079780E-03   4.57619540E-02 -0.500000000    
           7          12  -1.26387104E-02   9.38490219E-03 -0.500000000    
           7          13   6.24712445E-02  -4.49196622E-03 -0.500000000    
           7          14  -3.20075750E-02   4.02642554E-03 -0.500000000    
           7          15   8.30242485E-02   2.44874600E-02 -0.500000000    
           7          16  0.138259500       4.53915596E-02 -0.500000000    
           7          17  0.181587264       5.15276976E-02 -0.500000000    
           7          18  0.169455722       4.37834561E-02 -0.500000000    
           7          19   9.81818065E-02   2.11794153E-02 -0.500000000    
           7          20  -4.47443984E-02   9.41928243E-04 -0.500000000    
           7          21   8.20548236E-02  -6.00313954E-03 -0.500000000    
           7          22  -2.33815517E-04   5.97471092E-03 -0.500000000    
           7          23   4.59936447E-03   4.57540192E-02 -0.500000000    
           7          24 -0.128102109       6.62637800E-02 -0.500000000    
           7          25 -0.105669916       4.90863807E-02 -0.500000000    
           7          26  -7.72249624E-02   3.14799771E-02 -0.500000000    
           7          27  -3.93905193E-02   1.93797424E-02 -0.500000000    
           7          28  -2.96616256E-02   2.00652741E-02 -0.500000000    
           7          29  -1.76337846E-02   1.55912656E-02 -0.500000000    
           7          30  -1.07957572E-02   7.55805150E-03 -0.500000000    
           7          31  -4.32360079E-03   3.94210964E-03 -0.500000000    
           7          32  -2.42485162E-02   5.28785866E-03 -0.500000000    
           7          33  -6.13396950E-02   7.23601179E-03 -0.500000000    
           8           1 -0.109720886       3.81274484E-02 -0.500000000    
           8           2  -3.85726392E-02   3.00884247E-02 -0.500000000    
           8           3   1.76160913E-02   2.03668885E-02 -0.500000000    
           8           4   3.64910662E-02   1.44456401E-02 -0.500000000    
           8           5   5.10790087E-02   1.46013303E-02 -0.500000000    
           8           6   5.93512170E-02   1.52795063E-02 -0.500000000    
           8           7  -1.03105213E-02   2.39184573E-02 -0.500000000    
           8           8 -0.100436486       4.84432578E-02 -0.500000000    
           8           9 -0.238076016       7.43392333E-02 -0.500000000    
           8          10  -5.13003655E-02   7.38755763E-02 -0.500000000    
           8          11   2.16717720E-02   7.71955252E-02 -0.500000000    
           8          12  -5.06085455E-02   3.55322659E-02 -0.500000000    
           8          13   6.26892820E-02   7.44939689E-03 -0.500000000    
           8          14  -2.62593944E-02   1.06767332E-02 -0.500000000    
           8          15   4.23379708E-04   5.53262644E-02 -0.500000000    
           8          16   7.70665258E-02   8.29736516E-02 -0.500000000    
           8          17  0.104543038       9.03563574E-02 -0.500000000    
           8          18  0.118216842       8.11138302E-02 -0.500000000    
           8          19   2.76063811E-02   5.41450046E-02 -0.500000000    
           8          20  -2.77776197E-02   1.00420630E-02 -0.500000000    
           8          21   6.60274327E-02   6.02581864E-03 -0.500000000    
           8          22  -3.49902883E-02   3.07007115E-02 -0.500000000    
           8          23   2.76393592E-02   7.06226602E-02 -0.500000000    
           8          24  -4.57159132E-02   6.99796230E-02 -0.500000000    
           8          25 -0.250117242       7.55615234E-02 -0.500000000    
           8          26 -0.161652312       5.33602238E-02 -0.500000000    
           8          27  -6.75124228E-02   3.10115814E-02 -0.500000000    
           8          28   9.04139690E-03   2.18198318E-02 -0.500000000    
           8          29   2.86551453E-02   1.69693232E-02 -0.500000000    
           8          30   7.33207166E-03   1.31689459E-02 -0.500000000    
           8          31  -1.46199558E-02   1.43126855E-02 -0.500000000    
           8          32  -4.46805209E-02   1.95434839E-02 -0.500000000    
           8          33  -7.48406127E-02   2.38958392E-02 -0.500000000    
           9           1  -7.49734119E-02   1.50544541E-02 -0.500000000    
           9           2  -1.55739440E-02   1.82117429E-02 -0.500000000    
           9           3   5.58288395E-02   2.29576640E-02 -0.500000000    
           9           4   9.33517143E-02   2.84164473E-02 -0.500000000    
           9           5   8.84879455E-02   3.37664410E-02 -0.500000000    
           9           6   7.97438025E-02   3.34580913E-02 -0.500000000    
           9           7  -5.12041859E-02   4.56812046E-02 -0.500000000    
           9           8 -0.238078892       7.43397400E-02 -0.500000000    
           9           9 -0.145912498       7.98357949E-02 -0.500000000    
           9          10  -4.21317928E-02   8.46732631E-02 -0.500000000    
           9          11   1.27880424E-02   8.24533328E-02 -0.500000000    
           9          12  -6.19867519E-02   5.27118184E-02 -0.500000000    
           9          13   1.89982727E-02   1.68494359E-02 -0.500000000    
           9          14   7.47349709E-02   2.45426502E-02 -0.500000000    
           9          15  0.111102581       7.48744309E-02 -0.500000000    
           9          16   7.33258575E-02  0.113250986     -0.500000000    
           9          17   5.73237725E-02  0.121023357     -0.500000000    
           9          18  0.103773400      0.110964529     -0.500000000    
           9          19  0.132103071       7.19601735E-02 -0.500000000    
           9          20   9.04819742E-02   2.57264841E-02 -0.500000000    
           9          21   2.65870728E-02   1.91899035E-02 -0.500000000    
           9          22  -3.94000001E-02   4.98642363E-02 -0.500000000    
           9          23   9.36677679E-03   7.50043839E-02 -0.500000000    
           9          24  -3.51664722E-02   7.77921155E-02 -0.500000000    
           9          25 -0.113333836       7.50290975E-02 -0.500000000    
           9          26 -0.236340955       7.22067729E-02 -0.500000000    
           9          27 -0.112821855       5.11821620E-02 -0.500000000    
           9          28   5.81110865E-02   3.71666625E-02 -0.500000000    
           9          29   7.58722126E-02   3.33995000E-02 -0.500000000    
           9          30   6.60791844E-02   2.36421600E-02 -0.500000000    
           9          31   6.29790351E-02   1.24131218E-02 -0.500000000    
           9          32   6.14215918E-02   3.34363850E-03 -0.500000000    
           9          33   6.18040524E-02  -1.76536210E-03 -0.500000000    
          10           1   5.82484268E-02  -1.89445112E-02 -0.500000000    
          10           2  0.154939234      -1.08758546E-02 -0.500000000    
          10           3  0.226502419       3.38036707E-03 -0.500000000    
          10           4  0.201596200       2.27494128E-02 -0.500000000    
          10           5  0.140530929       4.24169153E-02 -0.500000000    
          10           6   2.33386029E-02   5.68333715E-02 -0.500000000    
          10           7  -7.02171400E-02   6.33202195E-02 -0.500000000    
          10           8  -5.13053499E-02   7.38761052E-02 -0.500000000    
          10           9  -4.21363227E-02   8.46735612E-02 -0.500000000    
          10          10  -1.00991977E-02   7.77543038E-02 -0.500000000    
          10          11   3.02915387E-02   6.80814311E-02 -0.500000000    
          10          12   4.10274742E-03   5.66825196E-02 -0.500000000    
          10          13   1.48434881E-02   2.62529664E-02 -0.500000000    
          10          14  0.214732975       3.71968932E-02 -0.500000000    
          10          15  0.222694442       8.20115581E-02 -0.500000000    
          10          16   8.90463665E-02  0.123323582     -0.500000000    
          10          17  -4.06936705E-02  0.138387054     -0.500000000    
          10          18   8.67113322E-02  0.120422848     -0.500000000    
          10          19  0.217187315       7.68220946E-02 -0.500000000    
          10          20  0.223515302       3.69678773E-02 -0.500000000    
          10          21   5.15889451E-02   2.94808876E-02 -0.500000000    
          10          22   4.21409644E-02   5.55276424E-02 -0.500000000    
          10          23   4.57816496E-02   6.28398731E-02 -0.500000000    
          10          24   9.43051279E-03   7.09114820E-02 -0.500000000    
          10          25  -2.60933843E-02   7.68514127E-02 -0.500000000    
          10          26  -5.47645427E-02   6.58804402E-02 -0.500000000    
          10          27  -9.00844485E-02   5.61531298E-02 -0.500000000    
          10          28  -3.36122736E-02   5.37955798E-02 -0.500000000    
          10          29   6.98275715E-02   3.93328518E-02 -0.500000000    
          10          30  0.170734182       1.25251506E-02 -0.500000000    
          10          31  0.301910043      -1.20324995E-02 -0.500000000    
          10          32  0.358594388      -2.71735918E-02 -0.500000000    
          10          33  0.352044463      -3.39189954E-02 -0.500000000    
          11           1   2.75110453E-02  -3.48565578E-02 -0.500000000    
          11           2   5.79261594E-02  -3.10794320E-02 -0.500000000    
          11           3  0.119306110      -2.37629563E-02 -0.500000000    
          11           4  0.134443089      -8.60484876E-03 -0.500000000    
          11           5   8.16486962E-03   7.65138818E-03 -0.500000000    
          11           6  -2.28754021E-02   1.96443126E-02 -0.500000000    
          11           7   2.31276499E-03   4.57627103E-02 -0.500000000    
          11           8   2.16739215E-02   7.71963596E-02 -0.500000000    
          11           9   1.27891451E-02   8.24540406E-02 -0.500000000    
          11          10   3.02913412E-02   6.80819377E-02 -0.500000000    
          11          11   7.13927150E-02   5.46603203E-02 -0.500000000    
          11          12   5.54384589E-02   4.70510274E-02 -0.500000000    
          11          13   5.12401834E-02   2.95313708E-02 -0.500000000    
          11          14  0.137683108       3.82462628E-02 -0.500000000    
          11          15  0.152132690       8.28350410E-02 -0.500000000    
          11          16   2.79361475E-02  0.123928025     -0.500000000    
          11          17   2.34677158E-02  0.133589178     -0.500000000    
          11          18   2.82802768E-02  0.118754625     -0.500000000    
          11          19  0.126770124       7.74584264E-02 -0.500000000    
          11          20  0.117782459       3.70841399E-02 -0.500000000    
          11          21   7.11218342E-02   2.99287960E-02 -0.500000000    
          11          22   8.58434215E-02   4.33352403E-02 -0.500000000    
          11          23   9.03951377E-02   4.76694517E-02 -0.500000000    
          11          24   7.18252882E-02   6.00450337E-02 -0.500000000    
          11          25   6.26856834E-02   7.48452991E-02 -0.500000000    
          11          26   5.22550978E-02   6.98867440E-02 -0.500000000    
          11          27   1.38060423E-02   3.94191109E-02 -0.500000000    
          11          28  -1.78222246E-02   1.05197486E-02 -0.500000000    
          11          29   5.83895249E-04  -7.47310929E-03 -0.500000000    
          11          30  0.187014043      -2.53856443E-02 -0.500000000    
          11          31  0.360875934      -3.65778022E-02 -0.500000000    
          11          32  0.436994821      -4.12055813E-02 -0.500000000    
          11          33  0.491692573      -4.35494222E-02 -0.500000000    
          12           1 -0.164496958      -2.54749246E-02 -0.500000000    
          12           2 -0.169430539      -2.16092337E-02 -0.500000000    
          12           3  -5.31269126E-02  -1.95864029E-02 -0.500000000    
          12           4  0.120418936      -1.74527634E-02 -0.500000000    
          12           5   8.52550715E-02  -1.33796930E-02 -0.500000000    
          12           6   1.49354022E-02  -8.98962095E-03 -0.500000000    
          12           7  -1.26427412E-02   9.38717462E-03 -0.500000000    
          12           8  -5.06110378E-02   3.55343074E-02 -0.500000000    
          12           9  -6.19894639E-02   5.27134426E-02 -0.500000000    
          12          10   4.09709429E-03   5.66839091E-02 -0.500000000    
          12          11   5.54307997E-02   4.70522121E-02 -0.500000000    
          12          12   1.89786740E-02   3.69622707E-02 -0.500000000    
          12          13   4.49382700E-02   2.81904209E-02 -0.500000000    
          12          14   6.31951839E-02   3.97949368E-02 -0.500000000    
          12          15   9.00402814E-02   8.16650167E-02 -0.500000000    
          12          16   4.58461978E-02  0.120356023     -0.500000000    
          12          17   7.00927451E-02  0.134895816     -0.500000000    
          12          18   3.78599390E-02  0.116849482     -0.500000000    
          12          19   6.43077344E-02   7.83089250E-02 -0.500000000    
          12          20   5.14508821E-02   3.82197946E-02 -0.500000000    
          12          21   4.01330926E-02   2.57216152E-02 -0.500000000    
          12          22   2.31313482E-02   3.03813089E-02 -0.500000000    
          12          23   4.53007668E-02   3.76610383E-02 -0.500000000    
          12          24   2.10848525E-02   4.59135212E-02 -0.500000000    
          12          25  -2.20542718E-02   4.35326584E-02 -0.500000000    
          12          26  -1.14028417E-02   2.87658554E-02 -0.500000000    
          12          27   1.98320560E-02   5.52149815E-03 -0.500000000    
          12          28   4.02246602E-02  -1.04561662E-02 -0.500000000    
          12          29   8.91316682E-02  -1.86085887E-02 -0.500000000    
          12          30  0.233745813      -2.75490526E-02 -0.500000000    
          12          31  0.234453827      -3.14679965E-02 -0.500000000    
          12          32  0.378105521      -3.52264978E-02 -0.500000000    
          12          33  0.554459095      -3.77830714E-02 -0.500000000    
          13           1 -0.176618293      -5.94551489E-02 -0.500000000    
          13           2  -3.24647129E-03  -5.20542897E-02 -0.500000000    
          13           3   7.21886158E-02  -3.80861685E-02 -0.500000000    
          13           4  0.164646029      -1.98599882E-02 -0.500000000    
          13           5  0.100797303      -6.52618892E-03 -0.500000000    
          13           6   2.31395531E-02  -7.35745579E-03 -0.500000000    
          13           7   6.24817498E-02  -4.48828703E-03 -0.500000000    
          13           8   6.26949072E-02   7.45183509E-03 -0.500000000    
          13           9   1.89938303E-02   1.68512594E-02 -0.500000000    
          13          10   1.48301367E-02   2.62549669E-02 -0.500000000    
          13          11   5.12302816E-02   2.95329504E-02 -0.500000000    
          13          12   4.49367687E-02   2.81903949E-02 -0.500000000    
          13          13  0.100906566       3.37008424E-02 -0.500000000    
          13          14  0.159264967       5.42913154E-02 -0.500000000    
          13          15  0.111804552       8.85426924E-02 -0.500000000    
          13          16   9.41700041E-02  0.114573583     -0.500000000    
          13          17   9.36530679E-02  0.122652307     -0.500000000    
          13          18   7.47672766E-02  0.111546174     -0.500000000    
          13          19   9.28762704E-02   8.59894231E-02 -0.500000000    
          13          20  0.144611359       5.36862724E-02 -0.500000000    
          13          21   9.83442962E-02   3.24670598E-02 -0.500000000    
          13          22   4.50431481E-02   2.48086601E-02 -0.500000000    
          13          23   1.87873989E-02   2.28355322E-02 -0.500000000    
          13          24  -3.76042649E-02   1.61599182E-02 -0.500000000    
          13          25  -4.58849780E-03   7.04504782E-03 -0.500000000    
          13          26   6.82166964E-02   2.58645555E-03 -0.500000000    
          13          27   8.39183405E-02  -3.28139518E-03 -0.500000000    
          13          28   4.08995524E-02  -3.60635482E-03 -0.500000000    
          13          29   9.61558074E-02  -5.87996654E-03 -0.500000000    
          13          30  0.249658674      -1.86361112E-02 -0.500000000    
          13          31  0.204796240      -3.21787670E-02 -0.500000000    
          13          32  0.197692528      -4.50582951E-02 -0.500000000    
          13          33  0.300023317      -5.23422360E-02 -0.500000000    
          14           1  -7.56631717E-02  -6.99132085E-02 -0.500000000    
          14           2   6.92609474E-02  -5.92935905E-02 -0.500000000    
          14           3  0.170206591      -4.14421670E-02 -0.500000000    
          14           4  0.311048418      -2.10541058E-02 -0.500000000    
          14           5  0.226716489      -6.92996010E-03 -0.500000000    
          14           6   8.80912617E-02  -2.46935361E-03 -0.500000000    
          14           7  -3.20040546E-02   4.03191801E-03 -0.500000000    
          14           8  -2.62450483E-02   1.06799193E-02 -0.500000000    
          14           9   7.47406259E-02   2.45445706E-02 -0.500000000    
          14          10  0.214728206       3.71984169E-02 -0.500000000    
          14          11  0.137670457       3.82465906E-02 -0.500000000    
          14          12   6.31973371E-02   3.97935361E-02 -0.500000000    
          14          13  0.159272939       5.42895459E-02 -0.500000000    
          14          14  0.218082130       8.02815855E-02 -0.500000000    
          14          15  0.125975147       9.93892699E-02 -0.500000000    
          14          16   9.87144336E-02  0.108875960     -0.500000000    
          14          17  0.177477151      0.108996235     -0.500000000    
          14          18   8.58020410E-02  0.105842911     -0.500000000    
          14          19  0.104400039       9.74066630E-02 -0.500000000    
          14          20  0.200220346       7.86179528E-02 -0.500000000    
          14          21  0.154493332       5.25168553E-02 -0.500000000    
          14          22   4.07483019E-02   3.72380540E-02 -0.500000000    
          14          23   8.23175162E-02   3.36066782E-02 -0.500000000    
          14          24  0.152234644       3.15040536E-02 -0.500000000    
          14          25   6.06475063E-02   1.86966285E-02 -0.500000000    
          14          26  -1.49706975E-02   8.84897448E-03 -0.500000000    
          14          27  -3.26213278E-02   6.24509621E-03 -0.500000000    
          14          28   6.06378913E-02   2.88216700E-03 -0.500000000    
          14          29  0.168176785      -1.64740020E-03 -0.500000000    
          14          30  0.319804728      -1.62139591E-02 -0.500000000    
          14          31  0.222169220      -3.14684175E-02 -0.500000000    
          14          32   8.48162249E-02  -4.63612005E-02 -0.500000000    
          14          33  -6.17466941E-02  -5.61834052E-02 -0.500000000    
          15           1   5.89478239E-02  -7.27807805E-02 -0.500000000    
          15           2  0.152769551      -6.16023317E-02 -0.500000000    
          15           3  0.258073509      -4.61998768E-02 -0.500000000    
          15           4  0.317460954      -2.78787464E-02 -0.500000000    
          15           5  0.219100207      -9.34338290E-03 -0.500000000    
          15           6  0.165191710       4.49221255E-03 -0.500000000    
          15           7   8.30221102E-02   2.44955402E-02 -0.500000000    
          15           8   4.27112915E-04   5.53319566E-02 -0.500000000    
          15           9  0.111104354       7.48780966E-02 -0.500000000    
          15          10  0.222694814       8.20135549E-02 -0.500000000    
          15          11  0.152130499       8.28342810E-02 -0.500000000    
          15          12   9.00443867E-02   8.16622302E-02 -0.500000000    
          15          13  0.111816071       8.85394290E-02 -0.500000000    
          15          14  0.125978246       9.93875861E-02 -0.500000000    
          15          15  0.137877345      0.113026828     -0.500000000    
          15          16  0.118442290      0.108446904     -0.500000000    
          15          17   8.74373093E-02  0.102589197     -0.500000000    
          15          18  0.111603677      0.106979556     -0.500000000    
          15          19  0.117425218      0.111546427     -0.500000000    
          15          20  0.116590962       9.72355232E-02 -0.500000000    
          15          21  0.102150813       8.38075057E-02 -0.500000000    
          15          22   5.21770045E-02   7.53390267E-02 -0.500000000    
          15          23  0.118568607       7.65876621E-02 -0.500000000    
          15          24  0.181152418       7.68233389E-02 -0.500000000    
          15          25   7.31262490E-02   7.20512047E-02 -0.500000000    
          15          26   1.10288803E-03   5.62135018E-02 -0.500000000    
          15          27  0.111816138       3.10894046E-02 -0.500000000    
          15          28  0.187535524       1.41176078E-02 -0.500000000    
          15          29  0.221562877       5.01262140E-04 -0.500000000    
          15          30  0.335262001      -2.07864307E-02 -0.500000000    
          15          31  0.312294543      -3.70883644E-02 -0.500000000    
          15          32   8.08229670E-02  -4.86524962E-02 -0.500000000    
          15          33 -0.173732623      -5.61977513E-02 -0.500000000    
          16           1  0.424235046      -7.49050155E-02 -0.500000000    
          16           2  0.392754078      -6.49233386E-02 -0.500000000    
          16           3  0.311477274      -5.12555987E-02 -0.500000000    
          16           4  0.157970548      -2.97107231E-02 -0.500000000    
          16           5  0.120401591      -6.33623870E-03 -0.500000000    
          16           6  0.150597617       1.37104988E-02 -0.500000000    
          16           7  0.138253510       4.54016887E-02 -0.500000000    
          16           8   7.70647973E-02   8.29819962E-02 -0.500000000    
          16           9   7.33192340E-02  0.113256410     -0.500000000    
          16          10   8.90415534E-02  0.123325631     -0.500000000    
          16          11   2.79373862E-02  0.123926982     -0.500000000    
          16          12   4.58489135E-02  0.120353416     -0.500000000    
          16          13   9.41679180E-02  0.114570647     -0.500000000    
          16          14   9.87083316E-02  0.108875126     -0.500000000    
          16          15  0.118438080      0.108447917     -0.500000000    
          16          16   8.37974902E-03  0.105905622     -0.500000000    
          16          17 -0.178454399       9.76503864E-02 -0.500000000    
          16          18   4.37793881E-03  0.105481043     -0.500000000    
          16          19   9.75209773E-02  0.106778830     -0.500000000    
          16          20   8.57740715E-02  0.105173886     -0.500000000    
          16          21   9.12766829E-02  0.107401721     -0.500000000    
          16          22   5.50317764E-02  0.111007310     -0.500000000    
          16          23   3.45807895E-02  0.115064383     -0.500000000    
          16          24   9.30423662E-02  0.119117714     -0.500000000    
          16          25   7.02910125E-02  0.115318783     -0.500000000    
          16          26   7.80865029E-02   9.07888636E-02 -0.500000000    
          16          27  0.137109011       5.61566986E-02 -0.500000000    
          16          28  0.142576948       2.53171381E-02 -0.500000000    
          16          29  0.109952621       4.89403820E-03 -0.500000000    
          16          30  0.128648266      -1.93733554E-02 -0.500000000    
          16          31  0.300800800      -4.40020375E-02 -0.500000000    
          16          32  0.277203202      -5.56664690E-02 -0.500000000    
          16          33  0.177545562      -6.23213351E-02 -0.500000000    
          17           1  0.918053508      -6.33712634E-02 -0.500000000    
          17           2  0.514247298      -6.60764351E-02 -0.500000000    
          17           3  0.181702852      -5.25264852E-02 -0.500000000    
          17           4   5.24310321E-02  -2.74178460E-02 -0.500000000    
          17           5   8.47898647E-02  -4.94256336E-03 -0.500000000    
          17           6  0.166586295       1.66182127E-02 -0.500000000    
          17           7  0.181581274       5.15387356E-02 -0.500000000    
          17           8  0.104540572       9.03661475E-02 -0.500000000    
          17           9   5.73100038E-02  0.121029668     -0.500000000    
          17          10  -4.07040119E-02  0.138388813     -0.500000000    
          17          11   2.34701838E-02  0.133587971     -0.500000000    
          17          12   7.00899288E-02  0.134893432     -0.500000000    
          17          13   9.36430991E-02  0.122650079     -0.500000000    
          17          14  0.177466705      0.108996257     -0.500000000    
          17          15   8.74329880E-02  0.102591023     -0.500000000    
          17          16 -0.178457767       9.76513252E-02 -0.500000000    
          17          17 -0.197661147      0.104341425     -0.500000000    
          17          18 -0.187331930       9.79913026E-02 -0.500000000    
          17          19   7.11149275E-02  0.100684918     -0.500000000    
          17          20  0.140961602      0.103270464     -0.500000000    
          17          21  0.103497505      0.115730330     -0.500000000    
          17          22  0.115725726      0.125114620     -0.500000000    
          17          23   7.99044371E-02  0.123297207     -0.500000000    
          17          24   3.72323673E-04  0.134343103     -0.500000000    
          17          25   8.43276903E-02  0.125957280     -0.500000000    
          17          26  0.114406303      0.102466568     -0.500000000    
          17          27  0.153741464       6.52110279E-02 -0.500000000    
          17          28  0.123897552       2.92333160E-02 -0.500000000    
          17          29   2.61990242E-02   5.55753196E-03 -0.500000000    
          17          30  -5.90535179E-02  -1.60413850E-02 -0.500000000    
          17          31   8.64051357E-02  -3.97398435E-02 -0.500000000    
          17          32  0.441050977      -5.87654412E-02 -0.500000000    
          17          33  0.751743078      -6.43323362E-02 -0.500000000    
          18           1  0.492028385      -5.80441281E-02 -0.500000000    
          18           2  0.406514674      -5.29234000E-02 -0.500000000    
          18           3  0.266133934      -4.46894094E-02 -0.500000000    
          18           4  0.123316102      -2.78050005E-02 -0.500000000    
          18           5  0.116738819      -7.91169144E-03 -0.500000000    
          18           6  0.168751538       1.13030607E-02 -0.500000000    
          18           7  0.169446439       4.37937677E-02 -0.500000000    
          18           8  0.118214168       8.11226740E-02 -0.500000000    
          18           9  0.103767209      0.110970154     -0.500000000    
          18          10   8.67065340E-02  0.120424837     -0.500000000    
          18          11   2.82819774E-02  0.118753634     -0.500000000    
          18          12   3.78613211E-02  0.116847023     -0.500000000    
          18          13   7.47639388E-02  0.111543640     -0.500000000    
          18          14   8.57940614E-02  0.105842285     -0.500000000    
          18          15  0.111596428      0.106980555     -0.500000000    
          18          16   4.37557278E-03  0.105481096     -0.500000000    
          18          17 -0.187330082       9.79906172E-02 -0.500000000    
          18          18   2.45979754E-03  0.105390675     -0.500000000    
          18          19   9.49651599E-02  0.105761021     -0.500000000    
          18          20   7.48428032E-02  0.102497347     -0.500000000    
          18          21   7.25196600E-02  0.104623437     -0.500000000    
          18          22   4.65918668E-02  0.107356519     -0.500000000    
          18          23   3.22544165E-02  0.109744981     -0.500000000    
          18          24   9.11255479E-02  0.116473250     -0.500000000    
          18          25  0.105514832      0.113946818     -0.500000000    
          18          26  0.116720483       9.04813185E-02 -0.500000000    
          18          27  0.160568908       5.57475798E-02 -0.500000000    
          18          28  0.149540305       2.37887297E-02 -0.500000000    
          18          29   9.68168080E-02   3.84329376E-03 -0.500000000    
          18          30   8.34633857E-02  -1.65702607E-02 -0.500000000    
          18          31  0.222028553      -3.41357514E-02 -0.500000000    
          18          32  0.207013547      -3.98805551E-02 -0.500000000    
          18          33  0.140402153      -4.30962145E-02 -0.500000000    
          19           1   6.05988503E-02  -5.38843684E-02 -0.500000000    
          19           2  0.135699242      -4.69318703E-02 -0.500000000    
          19           3  0.237336725      -3.75802182E-02 -0.500000000    
          19           4  0.276390731      -2.55479496E-02 -0.500000000    
          19           5  0.207430005      -1.16020674E-02 -0.500000000    
          19           6  0.169238299       5.25696669E-05 -0.500000000    
          19           7   9.81757939E-02   2.11873669E-02 -0.500000000    
          19           8   2.76059043E-02   5.41509055E-02 -0.500000000    
          19           9  0.132105142       7.19641000E-02 -0.500000000    
          19          10  0.217187598       7.68240318E-02 -0.500000000    
          19          11  0.126768723       7.74575472E-02 -0.500000000    
          19          12   6.43096045E-02   7.83061460E-02 -0.500000000    
          19          13   9.28850397E-02   8.59861821E-02 -0.500000000    
          19          14  0.104400337       9.74049419E-02 -0.500000000    
          19          15  0.117423318      0.111546040     -0.500000000    
          19          16   9.75243151E-02  0.106777541     -0.500000000    
          19          17   7.11189210E-02  0.100682929     -0.500000000    
          19          18   9.49710459E-02  0.105759695     -0.500000000    
          19          19   9.78022590E-02  0.110455140     -0.500000000    
          19          20   9.27678645E-02   9.55870599E-02 -0.500000000    
          19          21   8.13023821E-02   8.16379264E-02 -0.500000000    
          19          22   2.39933468E-02   7.20042363E-02 -0.500000000    
          19          23   9.40341800E-02   7.15912655E-02 -0.500000000    
          19          24  0.183246464       7.24935234E-02 -0.500000000    
          19          25   9.03693810E-02   7.06438050E-02 -0.500000000    
          19          26   1.84883792E-02   5.57705611E-02 -0.500000000    
          19          27  0.125155807       2.83670723E-02 -0.500000000    
          19          28  0.194435269       1.07238684E-02 -0.500000000    
          19          29  0.222935721       1.37140414E-05 -0.500000000    
          19          30  0.315986514      -1.49534810E-02 -0.500000000    
          19          31  0.264660627      -2.42028311E-02 -0.500000000    
          19          32   1.97806917E-02  -2.91305613E-02 -0.500000000    
          19          33 -0.201707542      -3.27214599E-02 -0.500000000    
          20           1  -9.34294760E-02  -5.49505129E-02 -0.500000000    
          20           2   5.52092083E-02  -4.72955927E-02 -0.500000000    
          20           3  0.162312508      -3.34365778E-02 -0.500000000    
          20           4  0.304171115      -1.70583986E-02 -0.500000000    
          20           5  0.220262155      -6.83474401E-03 -0.500000000    
          20           6   8.14101323E-02  -4.82489588E-03 -0.500000000    
          20           7  -4.47390117E-02   9.46666754E-04 -0.500000000    
          20           8  -2.77644303E-02   1.00445049E-02 -0.500000000    
          20           9   9.04850662E-02   2.57277563E-02 -0.500000000    
          20          10  0.223509550       3.69683281E-02 -0.500000000    
          20          11  0.117771178       3.70830111E-02 -0.500000000    
          20          12   5.14541343E-02   3.82170267E-02 -0.500000000    
          20          13  0.144619450       5.36831245E-02 -0.500000000    
          20          14  0.200220436       7.86164775E-02 -0.500000000    
          20          15  0.116588593       9.72351655E-02 -0.500000000    
          20          16   8.57819989E-02  0.105172984     -0.500000000    
          20          17  0.140972853      0.103268750     -0.500000000    
          20          18   7.48519450E-02  0.102496080     -0.500000000    
          20          19   9.27675441E-02   9.55869555E-02 -0.500000000    
          20          20  0.178250447       7.75791630E-02 -0.500000000    
          20          21  0.136763036       5.24732284E-02 -0.500000000    
          20          22   2.74413340E-02   3.61260027E-02 -0.500000000    
          20          23   6.87602758E-02   3.29672508E-02 -0.500000000    
          20          24  0.158699438       3.22357230E-02 -0.500000000    
          20          25   6.78105503E-02   2.04018336E-02 -0.500000000    
          20          26  -1.39234271E-02   7.38458661E-03 -0.500000000    
          20          27  -3.21454555E-02   1.95136247E-03 -0.500000000    
          20          28   7.41811693E-02  -2.39243964E-05 -0.500000000    
          20          29  0.190222979      -3.79023200E-04 -0.500000000    
          20          30  0.336339951      -8.61975271E-03 -0.500000000    
          20          31  0.199813306      -1.80800632E-02 -0.500000000    
          20          32   4.99857068E-02  -2.76509449E-02 -0.500000000    
          20          33  -5.68411313E-02  -3.37485597E-02 -0.500000000    
          21           1 -0.198245287      -4.69570309E-02 -0.500000000    
          21           2  -9.31622926E-04  -4.32705656E-02 -0.500000000    
          21           3  0.109113172      -3.25816311E-02 -0.500000000    
          21           4  0.226432309      -1.57295819E-02 -0.500000000    
          21           5  0.134402454      -3.32279317E-03 -0.500000000    
          21           6   6.14418574E-02  -6.12019515E-03 -0.500000000    
          21           7   8.20695832E-02  -6.00053323E-03 -0.500000000    
          21           8   6.60352632E-02   6.02628104E-03 -0.500000000    
          21           9   2.65806708E-02   1.91898607E-02 -0.500000000    
          21          10   5.15752025E-02   2.94810794E-02 -0.500000000    
          21          11   7.11151212E-02   2.99283564E-02 -0.500000000    
          21          12   4.01337445E-02   2.57198848E-02 -0.500000000    
          21          13   9.83447134E-02   3.24656218E-02 -0.500000000    
          21          14  0.154486343       5.25172055E-02 -0.500000000    
          21          15  0.102140889       8.38091969E-02 -0.500000000    
          21          16   9.12816972E-02  0.107403003     -0.500000000    
          21          17  0.103510320      0.115730830     -0.500000000    
          21          18   7.25262463E-02  0.104624271     -0.500000000    
          21          19   8.12952891E-02   8.16395581E-02 -0.500000000    
          21          20  0.136757091       5.24748452E-02 -0.500000000    
          21          21   9.01157558E-02   3.15253176E-02 -0.500000000    
          21          22   3.55705842E-02   2.27325056E-02 -0.500000000    
          21          23   4.17756699E-02   2.38572434E-02 -0.500000000    
          21          24  -9.73985158E-03   1.96856447E-02 -0.500000000    
          21          25   1.79049186E-03   7.50455819E-03 -0.500000000    
          21          26   8.23854655E-02  -1.79711077E-03 -0.500000000    
          21          27  0.117163718      -7.48182274E-03 -0.500000000    
          21          28   9.43646654E-02  -4.48855991E-03 -0.500000000    
          21          29  0.161185429      -3.04275984E-03 -0.500000000    
          21          30  0.335123807      -1.25529030E-02 -0.500000000    
          21          31  0.233826891      -2.27756053E-02 -0.500000000    
          21          32  0.165258497      -3.20376940E-02 -0.500000000    
          21          33  0.238885000      -3.73062640E-02 -0.500000000    
          22           1 -0.108304180      -2.06546579E-02 -0.500000000    
          22           2  -9.47467089E-02  -1.60563551E-02 -0.500000000    
          22           3   2.19566040E-02  -1.30661894E-02 -0.500000000    
          22           4  0.180899709      -1.04213795E-02 -0.500000000    
          22           5   9.70826149E-02  -8.69784132E-03 -0.500000000    
          22           6   2.63210498E-02  -8.38352367E-03 -0.500000000    
          22           7  -2.33523082E-04   5.97513933E-03 -0.500000000    
          22           8  -3.49872187E-02   3.07005774E-02 -0.500000000    
          22           9  -3.94001938E-02   4.98638600E-02 -0.500000000    
          22          10   4.21359204E-02   5.55277504E-02 -0.500000000    
          22          11   8.58383849E-02   4.33354527E-02 -0.500000000    
          22          12   2.31314693E-02   3.03807929E-02 -0.500000000    
          22          13   4.50399257E-02   2.48088185E-02 -0.500000000    
          22          14   4.07403037E-02   3.72399502E-02 -0.500000000    
          22          15   5.21688275E-02   7.53421634E-02 -0.500000000    
          22          16   5.50302602E-02  0.111010060     -0.500000000    
          22          17  0.115732297      0.125117213     -0.500000000    
          22          18   4.65927161E-02  0.107359141     -0.500000000    
          22          19   2.39885226E-02   7.20072091E-02 -0.500000000    
          22          20   2.74341442E-02   3.61291729E-02 -0.500000000    
          22          21   3.55664082E-02   2.27343049E-02 -0.500000000    
          22          22   3.12547572E-02   2.43823975E-02 -0.500000000    
          22          23   8.83075893E-02   3.44212800E-02 -0.500000000    
          22          24   6.67641312E-02   4.37741056E-02 -0.500000000    
          22          25   2.86286641E-02   3.74025665E-02 -0.500000000    
          22          26   5.10668755E-02   2.00621281E-02 -0.500000000    
          22          27   7.66368955E-02  -2.22611660E-03 -0.500000000    
          22          28   8.75404030E-02  -1.54105145E-02 -0.500000000    
          22          29  0.140234277      -1.98183227E-02 -0.500000000    
          22          30  0.323911548      -2.49905623E-02 -0.500000000    
          22          31  0.288716435      -2.69825347E-02 -0.500000000    
          22          32  0.341960937      -3.04639898E-02 -0.500000000    
          22          33  0.439885229      -3.40191759E-02 -0.500000000    
          23           1  0.105349943      -4.97252047E-02 -0.500000000    
          23           2  0.206237674      -4.14691418E-02 -0.500000000    
          23           3  0.273953825      -2.72589978E-02 -0.500000000    
          23           4  0.206425309      -3.73212132E-03 -0.500000000    
          23           5   1.24216098E-02   1.76658928E-02 -0.500000000    
          23           6  -3.34594622E-02   2.80312244E-02 -0.500000000    
          23           7   4.60195914E-03   4.57527936E-02 -0.500000000    
          23           8   2.76475120E-02   7.06217661E-02 -0.500000000    
          23           9   9.37199686E-03   7.50036761E-02 -0.500000000    
          23          10   4.57830802E-02   6.28396645E-02 -0.500000000    
          23          11   9.03974995E-02   4.76696715E-02 -0.500000000    
          23          12   4.53090295E-02   3.76607031E-02 -0.500000000    
          23          13   1.87927876E-02   2.28358377E-02 -0.500000000    
          23          14   8.23228061E-02   3.36084217E-02 -0.500000000    
          23          15  0.118565023       7.65903369E-02 -0.500000000    
          23          16   3.45765129E-02  0.115066923     -0.500000000    
          23          17   7.99049363E-02  0.123299874     -0.500000000    
          23          18   3.22504640E-02  0.109747440     -0.500000000    
          23          19   9.40297246E-02   7.15938359E-02 -0.500000000    
          23          20   6.87647462E-02   3.29700261E-02 -0.500000000    
          23          21   4.17774729E-02   2.38591507E-02 -0.500000000    
          23          22   8.83139372E-02   3.44217569E-02 -0.500000000    
          23          23  0.131676391       4.00705487E-02 -0.500000000    
          23          24  0.117380381       5.13833575E-02 -0.500000000    
          23          25  0.115368403       6.18281364E-02 -0.500000000    
          23          26  0.131102890       5.70931733E-02 -0.500000000    
          23          27   7.63692930E-02   3.22080255E-02 -0.500000000    
          23          28   1.65530816E-02   1.08642224E-02 -0.500000000    
          23          29   2.85856649E-02  -2.86188861E-03 -0.500000000    
          23          30  0.247679412      -2.16578636E-02 -0.500000000    
          23          31  0.433866441      -3.87102179E-02 -0.500000000    
          23          32  0.458352596      -4.96802069E-02 -0.500000000    
          23          33  0.454669923      -5.60062043E-02 -0.500000000    
          24           1   6.92806393E-02  -2.85453461E-02 -0.500000000    
          24           2  0.175789535      -1.63675174E-02 -0.500000000    
          24           3  0.220631510       2.39288784E-03 -0.500000000    
          24           4  0.166449726       2.41737384E-02 -0.500000000    
          24           5   9.89935622E-02   4.37844358E-02 -0.500000000    
          24           6  -2.90601030E-02   5.98074980E-02 -0.500000000    
          24           7 -0.128091350       6.62623793E-02 -0.500000000    
          24           8  -4.57094051E-02   6.99788406E-02 -0.500000000    
          24           9  -3.51653472E-02   7.77917951E-02 -0.500000000    
          24          10   9.42929648E-03   7.09113181E-02 -0.500000000    
          24          11   7.18251020E-02   6.00450002E-02 -0.500000000    
          24          12   2.10912563E-02   4.59134430E-02 -0.500000000    
          24          13  -3.75952348E-02   1.61603112E-02 -0.500000000    
          24          14  0.152241394       3.15054171E-02 -0.500000000    
          24          15  0.181154981       7.68244192E-02 -0.500000000    
          24          16   9.30449069E-02  0.119118534     -0.500000000    
          24          17   3.76238488E-04  0.134344190     -0.500000000    
          24          18   9.11259279E-02  0.116474062     -0.500000000    
          24          19  0.183246747       7.24945366E-02 -0.500000000    
          24          20  0.158706158       3.22380438E-02 -0.500000000    
          24          21  -9.73160658E-03   1.96877420E-02 -0.500000000    
          24          22   6.67687580E-02   4.37754318E-02 -0.500000000    
          24          23  0.117378995       5.13838828E-02 -0.500000000    
          24          24   8.44703242E-02   5.80897778E-02 -0.500000000    
          24          25   7.35164508E-02   6.28175661E-02 -0.500000000    
          24          26   5.03334329E-02   5.44115603E-02 -0.500000000    
          24          27  -7.65331835E-02   5.16770259E-02 -0.500000000    
          24          28  -4.00032252E-02   5.04652634E-02 -0.500000000    
          24          29   8.46164227E-02   3.26149277E-02 -0.500000000    
          24          30  0.192305148       4.84761316E-03 -0.500000000    
          24          31  0.331318557      -2.04466768E-02 -0.500000000    
          24          32  0.376049608      -3.82851511E-02 -0.500000000    
          24          33  0.351792514      -4.76834737E-02 -0.500000000    
          25           1  -8.08369294E-02   5.65646542E-03 -0.500000000    
          25           2  -2.96142008E-02   9.80806351E-03 -0.500000000    
          25           3   2.72060502E-02   1.62653141E-02 -0.500000000    
          25           4   5.18705957E-02   2.39169952E-02 -0.500000000    
          25           5   3.40794176E-02   3.36474478E-02 -0.500000000    
          25           6   1.19099179E-02   3.83667387E-02 -0.500000000    
          25           7 -0.105673455       4.90870066E-02 -0.500000000    
          25           8 -0.250113308       7.55612925E-02 -0.500000000    
          25           9 -0.113327727       7.50294551E-02 -0.500000000    
          25          10  -2.60898173E-02   7.68518895E-02 -0.500000000    
          25          11   6.26882389E-02   7.48455524E-02 -0.500000000    
          25          12  -2.20465288E-02   4.35323864E-02 -0.500000000    
          25          13  -4.58249357E-03   7.04507064E-03 -0.500000000    
          25          14   6.06478155E-02   1.86976232E-02 -0.500000000    
          25          15   7.31300265E-02   7.20515251E-02 -0.500000000    
          25          16   7.02962503E-02  0.115318097     -0.500000000    
          25          17   8.43327716E-02  0.125955790     -0.500000000    
          25          18  0.105518110      0.113946028     -0.500000000    
          25          19   9.03727040E-02   7.06442371E-02 -0.500000000    
          25          20   6.78089857E-02   2.04038061E-02 -0.500000000    
          25          21   1.79559272E-03   7.50652049E-03 -0.500000000    
          25          22   2.86323540E-02   3.74035835E-02 -0.500000000    
          25          23  0.115364440       6.18290007E-02 -0.500000000    
          25          24   7.35112280E-02   6.28182814E-02 -0.500000000    
          25          25   6.33875281E-02   6.12523407E-02 -0.500000000    
          25          26 -0.103787646       6.28831312E-02 -0.500000000    
          25          27  -7.42935017E-02   4.38881963E-02 -0.500000000    
          25          28   4.41816710E-02   3.15858722E-02 -0.500000000    
          25          29   4.35722247E-02   2.42600385E-02 -0.500000000    
          25          30   4.80213016E-02   9.87292454E-03 -0.500000000    
          25          31   6.62519634E-02  -2.99240532E-03 -0.500000000    
          25          32   8.82359073E-02  -1.21320672E-02 -0.500000000    
          25          33  0.101509415      -1.70966964E-02 -0.500000000    
          26           1  -9.40552577E-02   2.45781504E-02 -0.500000000    
          26           2  -3.92004587E-02   1.70510113E-02 -0.500000000    
          26           3   5.00692986E-03   9.58714262E-03 -0.500000000    
          26           4   1.26617653E-02   7.43252179E-03 -0.500000000    
          26           5   7.89037533E-03   1.36939716E-02 -0.500000000    
          26           6   8.11038073E-03   2.06071064E-02 -0.500000000    
          26           7  -7.72356540E-02   3.14809345E-02 -0.500000000    
          26           8 -0.161662161       5.33607602E-02 -0.500000000    
          26           9 -0.236339569       7.22072497E-02 -0.500000000    
          26          10  -5.47574572E-02   6.58815876E-02 -0.500000000    
          26          11   5.22638150E-02   6.98879510E-02 -0.500000000    
          26          12  -1.13904597E-02   2.87658833E-02 -0.500000000    
          26          13   6.82202876E-02   2.58610072E-03 -0.500000000    
          26          14  -1.49734039E-02   8.84886086E-03 -0.500000000    
          26          15   1.09786307E-03   5.62126525E-02 -0.500000000    
          26          16   7.80889839E-02   9.07870159E-02 -0.500000000    
          26          17  0.114412315      0.102464192     -0.500000000    
          26          18  0.116725095       9.04795080E-02 -0.500000000    
          26          19   1.84844285E-02   5.57704307E-02 -0.500000000    
          26          20  -1.39302369E-02   7.38546299E-03 -0.500000000    
          26          21   8.23860019E-02  -1.79646059E-03 -0.500000000    
          26          22   5.10738716E-02   2.00629923E-02 -0.500000000    
          26          23  0.131105736       5.70948794E-02 -0.500000000    
          26          24   5.03339432E-02   5.44136800E-02 -0.500000000    
          26          25 -0.103791706       6.28844723E-02 -0.500000000    
          26          26  -7.03086406E-02   4.49103042E-02 -0.500000000    
          26          27  -3.86473201E-02   2.65169144E-02 -0.500000000    
          26          28   1.61057785E-02   1.47347273E-02 -0.500000000    
          26          29   1.59555599E-02   4.81370091E-03 -0.500000000    
          26          30   1.79826468E-03  -3.94309172E-03 -0.500000000    
          26          31  -9.82005429E-03  -5.23010595E-03 -0.500000000    
          26          32  -2.89028436E-02  -3.33419011E-05 -0.500000000    
          26          33  -4.49523069E-02   5.38903149E-03 -0.500000000    
          27           1  -5.40299714E-03   4.61485609E-03 -0.500000000    
          27           2   4.22011279E-02  -2.84732273E-03 -0.500000000    
          27           3   5.93985952E-02  -8.26213416E-03 -0.500000000    
          27           4   2.55339611E-02  -4.35798615E-03 -0.500000000    
          27           5  -1.68793462E-02   8.20624456E-03 -0.500000000    
          27           6  -2.79290844E-02   1.75684132E-02 -0.500000000    
          27           7  -3.93968597E-02   1.93793327E-02 -0.500000000    
          27           8  -6.75147995E-02   3.10107619E-02 -0.500000000    
          27           9 -0.112824693       5.11818863E-02 -0.500000000    
          27          10  -9.00871009E-02   5.61544374E-02 -0.500000000    
          27          11   1.38147445E-02   3.94211970E-02 -0.500000000    
          27          12   1.98420323E-02   5.52188698E-03 -0.500000000    
          27          13   8.39204043E-02  -3.28195724E-03 -0.500000000    
          27          14  -3.26239392E-02   6.24375232E-03 -0.500000000    
          27          15  0.111811154       3.10868528E-02 -0.500000000    
          27          16  0.137117416       5.61545826E-02 -0.500000000    
          27          17  0.153759554       6.52092546E-02 -0.500000000    
          27          18  0.160581186       5.57460003E-02 -0.500000000    
          27          19  0.125150129       2.83654574E-02 -0.500000000    
          27          20  -3.21509242E-02   1.95054454E-03 -0.500000000    
          27          21  0.117164709      -7.48223253E-03 -0.500000000    
          27          22   7.66484663E-02  -2.22538528E-03 -0.500000000    
          27          23   7.63825774E-02   3.22109945E-02 -0.500000000    
          27          24  -7.65335187E-02   5.16805761E-02 -0.500000000    
          27          25  -7.42972717E-02   4.38892432E-02 -0.500000000    
          27          26  -3.86505425E-02   2.65170448E-02 -0.500000000    
          27          27  -1.93809606E-02   1.49569130E-02 -0.500000000    
          27          28  -2.67518219E-02   1.09148230E-02 -0.500000000    
          27          29  -2.29203887E-02   4.90424223E-04 -0.500000000    
          27          30  -7.64624728E-03  -1.18381334E-02 -0.500000000    
          27          31   3.99925653E-03  -1.73694622E-02 -0.500000000    
          27          32  -1.68904196E-02  -1.51616205E-02 -0.500000000    
          27          33  -5.01016602E-02  -1.12362243E-02 -0.500000000    
          28           1   2.30712490E-03  -2.73288265E-02 -0.500000000    
          28           2   5.34197204E-02  -3.04382052E-02 -0.500000000    
          28           3   8.97769853E-02  -3.06262430E-02 -0.500000000    
          28           4   7.75216818E-02  -2.10006349E-02 -0.500000000    
          28           5   1.83734354E-02  -2.89461866E-04 -0.500000000    
          28           6  -3.35052535E-02   1.83094610E-02 -0.500000000    
          28           7  -2.96626389E-02   2.00630575E-02 -0.500000000    
          28           8   9.04386770E-03   2.18174271E-02 -0.500000000    
          28           9   5.81122003E-02   3.71649824E-02 -0.500000000    
          28          10  -3.36190164E-02   5.37964590E-02 -0.500000000    
          28          11  -1.78161729E-02   1.05218664E-02 -0.500000000    
          28          12   4.02295701E-02  -1.04557751E-02 -0.500000000    
          28          13   4.09064218E-02  -3.60726472E-03 -0.500000000    
          28          14   6.06464185E-02   2.87945778E-03 -0.500000000    
          28          15  0.187538385       1.41139366E-02 -0.500000000    
          28          16  0.142585993       2.53146458E-02 -0.500000000    
          28          17  0.123917423       2.92318221E-02 -0.500000000    
          28          18  0.149551272       2.37868950E-02 -0.500000000    
          28          19  0.194432214       1.07210642E-02 -0.500000000    
          28          20   7.41816759E-02  -2.65522249E-05 -0.500000000    
          28          21   9.43713039E-02  -4.48965654E-03 -0.500000000    
          28          22   8.75515714E-02  -1.54096466E-02 -0.500000000    
          28          23   1.65666062E-02   1.08683687E-02 -0.500000000    
          28          24  -4.00039814E-02   5.04684076E-02 -0.500000000    
          28          25   4.41738889E-02   3.15867178E-02 -0.500000000    
          28          26   1.61040351E-02   1.47345569E-02 -0.500000000    
          28          27  -2.67516635E-02   1.09144961E-02 -0.500000000    
          28          28  -4.56320979E-02   7.38190208E-03 -0.500000000    
          28          29  -1.54093131E-02  -9.54549015E-03 -0.500000000    
          28          30   3.91002111E-02  -2.92920880E-02 -0.500000000    
          28          31   5.76989353E-02  -3.98109891E-02 -0.500000000    
          28          32   2.48842407E-02  -4.16978933E-02 -0.500000000    
          28          33  -1.85069721E-02  -4.09048349E-02 -0.500000000    
          29           1   1.38291754E-02  -5.31071573E-02 -0.500000000    
          29           2   5.87162636E-02  -5.27506657E-02 -0.500000000    
          29           3   9.63584632E-02  -5.07129356E-02 -0.500000000    
          29           4   9.54002291E-02  -4.09215912E-02 -0.500000000    
          29           5   5.97210713E-02  -1.94108170E-02 -0.500000000    
          29           6   5.66144707E-04   5.84080024E-03 -0.500000000    
          29           7  -1.76331531E-02   1.55881224E-02 -0.500000000    
          29           8   2.86585689E-02   1.69660542E-02 -0.500000000    
          29           9   7.58730471E-02   3.33974138E-02 -0.500000000    
          29          10   6.98323548E-02   3.93335782E-02 -0.500000000    
          29          11   6.02921937E-04  -7.47075956E-03 -0.500000000    
          29          12   8.91603529E-02  -1.86074395E-02 -0.500000000    
          29          13   9.61981118E-02  -5.88044431E-03 -0.500000000    
          29          14  0.168218508      -1.65059685E-03 -0.500000000    
          29          15  0.221589819       4.97075962E-04 -0.500000000    
          29          16  0.109964855       4.89100209E-03 -0.500000000    
          29          17   2.62157712E-02   5.55611448E-03 -0.500000000    
          29          18   9.68224108E-02   3.84124159E-03 -0.500000000    
          29          19  0.222937942       1.02987942E-05 -0.500000000    
          29          20  0.190237582      -3.81819962E-04 -0.500000000    
          29          21  0.161205977      -3.04332771E-03 -0.500000000    
          29          22  0.140258148      -1.98165737E-02 -0.500000000    
          29          23   2.86083110E-02  -2.85680476E-03 -0.500000000    
          29          24   8.46251324E-02   3.26177292E-02 -0.500000000    
          29          25   4.35638987E-02   2.42609773E-02 -0.500000000    
          29          26   1.59501396E-02   4.81336145E-03 -0.500000000    
          29          27  -2.29212306E-02   4.89640690E-04 -0.500000000    
          29          28  -1.54060284E-02  -9.54629481E-03 -0.500000000    
          29          29   4.55608405E-02  -3.30234058E-02 -0.500000000    
          29          30   8.92872214E-02  -5.31404726E-02 -0.500000000    
          29          31   9.14504454E-02  -6.15672916E-02 -0.500000000    
          29          32   4.68727238E-02  -6.33078963E-02 -0.500000000    
          29          33   1.75475515E-03  -6.42342195E-02 -0.500000000    
          30           1  0.165177554      -7.97015205E-02 -0.500000000    
          30           2  0.155427054      -7.16737732E-02 -0.500000000    
          30           3  0.142558753      -6.40987754E-02 -0.500000000    
          30           4  0.110139556      -5.41067868E-02 -0.500000000    
          30           5   7.40098655E-02  -3.53669599E-02 -0.500000000    
          30           6   3.15299407E-02  -9.81466845E-03 -0.500000000    
          30           7  -1.07951164E-02   7.55495019E-03 -0.500000000    
          30           8   7.33632827E-03   1.31658046E-02 -0.500000000    
          30           9   6.60841912E-02   2.36407127E-02 -0.500000000    
          30          10  0.170760304       1.25273503E-02 -0.500000000    
          30          11  0.187058941      -2.53818259E-02 -0.500000000    
          30          12  0.233762383      -2.75452845E-02 -0.500000000    
          30          13  0.249670088      -1.86340977E-02 -0.500000000    
          30          14  0.319833606      -1.62140261E-02 -0.500000000    
          30          15  0.335314065      -2.07884405E-02 -0.500000000    
          30          16  0.128696859      -1.93764251E-02 -0.500000000    
          30          17  -5.89979142E-02  -1.60437077E-02 -0.500000000    
          30          18   8.34908187E-02  -1.65717751E-02 -0.500000000    
          30          19  0.315988898      -1.49547122E-02 -0.500000000    
          30          20  0.336326659      -8.62035993E-03 -0.500000000    
          30          21  0.335105598      -1.25521282E-02 -0.500000000    
          30          22  0.323912174      -2.49873549E-02 -0.500000000    
          30          23  0.247722745      -2.16528755E-02 -0.500000000    
          30          24  0.192328677       4.85158199E-03 -0.500000000    
          30          25   4.80218045E-02   9.87409148E-03 -0.500000000    
          30          26   1.79527863E-03  -3.94343724E-03 -0.500000000    
          30          27  -7.64555577E-03  -1.18390266E-02 -0.500000000    
          30          28   3.91068496E-02  -2.92933043E-02 -0.500000000    
          30          29   8.92907828E-02  -5.31412140E-02 -0.500000000    
          30          30  0.130780414      -6.93501979E-02 -0.500000000    
          30          31  0.160113662      -7.63224289E-02 -0.500000000    
          30          32  0.172046110      -8.26111510E-02 -0.500000000    
          30          33  0.188090488      -8.91412720E-02 -0.500000000    
          31           1  0.571944416     -0.106002837     -0.500000000    
          31           2  0.436806381      -9.13995877E-02 -0.500000000    
          31           3  0.258652568      -7.46759921E-02 -0.500000000    
          31           4  0.126954764      -5.96905649E-02 -0.500000000    
          31           5   6.64977208E-02  -4.19593677E-02 -0.500000000    
          31           6   3.64107452E-02  -1.84828844E-02 -0.500000000    
          31           7  -4.32444271E-03   3.94007517E-03 -0.500000000    
          31           8  -1.46162529E-02   1.43109476E-02 -0.500000000    
          31           9   6.29866347E-02   1.24135511E-02 -0.500000000    
          31          10  0.301922947      -1.20283188E-02 -0.500000000    
          31          11  0.360814780      -3.65736373E-02 -0.500000000    
          31          12  0.234369487      -3.14647146E-02 -0.500000000    
          31          13  0.204715997      -3.21764536E-02 -0.500000000    
          31          14  0.222108901      -3.14664021E-02 -0.500000000    
          31          15  0.312250286      -3.70864123E-02 -0.500000000    
          31          16  0.300842792      -4.40021679E-02 -0.500000000    
          31          17   8.64909738E-02  -3.97433899E-02 -0.500000000    
          31          18  0.222067878      -3.41356546E-02 -0.500000000    
          31          19  0.264620274      -2.42014509E-02 -0.500000000    
          31          20  0.199746892      -1.80792771E-02 -0.500000000    
          31          21  0.233746484      -2.27746721E-02 -0.500000000    
          31          22  0.288644910      -2.69796178E-02 -0.500000000    
          31          23  0.433837205      -3.87068912E-02 -0.500000000    
          31          24  0.331328124      -2.04419084E-02 -0.500000000    
          31          25   6.62575886E-02  -2.99027166E-03 -0.500000000    
          31          26  -9.81973670E-03  -5.22957183E-03 -0.500000000    
          31          27   3.99972638E-03  -1.73699390E-02 -0.500000000    
          31          28   5.77025563E-02  -3.98120843E-02 -0.500000000    
          31          29   9.14517269E-02  -6.15682863E-02 -0.500000000    
          31          30  0.160111532      -7.63230547E-02 -0.500000000    
          31          31  0.312003195      -8.76985490E-02 -0.500000000    
          31          32  0.514016032     -0.100617714     -0.500000000    
          31          33  0.628722250     -0.109592453     -0.500000000    
          32           1  0.878094673     -0.117866784     -0.500000000    
          32           2  0.767737508     -0.105939828     -0.500000000    
          32           3  0.445686758      -8.71735662E-02 -0.500000000    
          32           4  0.135952398      -6.47398680E-02 -0.500000000    
          32           5   3.05524971E-02  -4.41615693E-02 -0.500000000    
          32           6   9.29782633E-03  -2.17077434E-02 -0.500000000    
          32           7  -2.42552087E-02   5.28771663E-03 -0.500000000    
          32           8  -4.46802191E-02   1.95438042E-02 -0.500000000    
          32           9   6.14206791E-02   3.34605831E-03 -0.500000000    
          32          10  0.358531386      -2.71688756E-02 -0.500000000    
          32          11  0.436851114      -4.12041545E-02 -0.500000000    
          32          12  0.377918780      -3.52254957E-02 -0.500000000    
          32          13  0.197500944      -4.50562052E-02 -0.500000000    
          32          14   8.46957415E-02  -4.63575199E-02 -0.500000000    
          32          15   8.07720870E-02  -4.86488715E-02 -0.500000000    
          32          16  0.277242810      -5.56650795E-02 -0.500000000    
          32          17  0.441142201      -5.87669238E-02 -0.500000000    
          32          18  0.207126290      -3.98804694E-02 -0.500000000    
          32          19   1.97565351E-02  -2.91280206E-02 -0.500000000    
          32          20   4.98744845E-02  -2.76484154E-02 -0.500000000    
          32          21  0.165107206      -3.20357755E-02 -0.500000000    
          32          22  0.341827244      -3.04617751E-02 -0.500000000    
          32          23  0.458258480      -4.96793985E-02 -0.500000000    
          32          24  0.376002252      -3.82810533E-02 -0.500000000    
          32          25   8.82297456E-02  -1.21290265E-02 -0.500000000    
          32          26  -2.89025009E-02  -3.15986981E-05 -0.500000000    
          32          27  -1.68921091E-02  -1.51610924E-02 -0.500000000    
          32          28   2.48842742E-02  -4.16983515E-02 -0.500000000    
          32          29   4.68721390E-02  -6.33088574E-02 -0.500000000    
          32          30  0.172043443      -8.26118141E-02 -0.500000000    
          32          31  0.514014959     -0.100618042     -0.500000000    
          32          32  0.764557421     -0.111773923     -0.500000000    
          32          33  0.833989978     -0.117792562     -0.500000000    
          33           1  0.944176972     -0.119464777     -0.500000000    
          33           2  0.898649275     -0.110524133     -0.500000000    
          33           3  0.605285466      -9.54933241E-02 -0.500000000    
          33           4  0.156242400      -6.93937391E-02 -0.500000000    
          33           5   1.50976749E-03  -4.55870926E-02 -0.500000000    
          33           6  -2.16953922E-02  -2.30435506E-02 -0.500000000    
          33           7  -6.13516457E-02   7.23724579E-03 -0.500000000    
          33           8  -7.48401806E-02   2.38979552E-02 -0.500000000    
          33           9   6.17913790E-02  -1.76130666E-03 -0.500000000    
          33          10  0.351927757      -3.39147486E-02 -0.500000000    
          33          11  0.491489738      -4.35501188E-02 -0.500000000    
          33          12  0.554216981      -3.77845466E-02 -0.500000000    
          33          13  0.299721718      -5.23412302E-02 -0.500000000    
          33          14  -6.19761571E-02  -5.61785549E-02 -0.500000000    
          33          15 -0.173726320      -5.61927445E-02 -0.500000000    
          33          16  0.177668154      -6.23202510E-02 -0.500000000    
          33          17  0.751885414      -6.43313751E-02 -0.500000000    
          33          18  0.140610456      -4.30967845E-02 -0.500000000    
          33          19 -0.201693952      -3.27179953E-02 -0.500000000    
          33          20  -5.70630506E-02  -3.37445177E-02 -0.500000000    
          33          21  0.238663882      -3.73036861E-02 -0.500000000    
          33          22  0.439707011      -3.40176634E-02 -0.500000000    
          33          23  0.454525203      -5.60067520E-02 -0.500000000    
          33          24  0.351705134      -4.76804301E-02 -0.500000000    
          33          25  0.101486921      -1.70934089E-02 -0.500000000    
          33          26  -4.49530892E-02   5.39149903E-03 -0.500000000    
          33          27  -5.01030385E-02  -1.12349084E-02 -0.500000000    
          33          28  -1.85076222E-02  -4.09045070E-02 -0.500000000    
          33          29   1.75480871E-03  -6.42345920E-02 -0.500000000    
          33          30  0.188087821      -8.91416743E-02 -0.500000000    
          33          31  0.628719687     -0.109592654     -0.500000000    
          33          32  0.833986044     -0.117792614     -0.500000000    
          33          33  0.885383070     -0.122521631     -0.500000000    
