           1           1  0.621067226     -0.109239839     -0.500000000    
           1           2  0.491311491     -0.124313794     -0.500000000    
           1           3  0.371099293     -0.136116818     -0.500000000    
           1           4  0.291739285     -0.129967377     -0.500000000    
           1           5  0.175784171     -0.103870824     -0.500000000    
           1           6  0.126634166      -7.90130273E-02 -0.500000000    
           1           7  0.132533491      -7.62327909E-02 -0.500000000    
           1           8  0.224104837      -7.65623003E-02 -0.500000000    
           1           9  0.142655417      -6.26775995E-02 -0.500000000    
           1          10  -5.88445775E-02  -1.53456852E-02 -0.500000000    
           1          11  -3.08957174E-02   5.19138528E-04 -0.500000000    
           1          12  0.241977587      -1.15459654E-02 -0.500000000    
           1          13  0.290374935      -2.58278493E-02 -0.500000000    
           1          14  0.304025590      -6.49139509E-02 -0.500000000    
           1          15  0.314713806      -7.74947405E-02 -0.500000000    
           1          16  0.351036340      -6.21263497E-02 -0.500000000    
           1          17  0.104036115      -6.15965091E-02 -0.500000000    
           1          18  0.286295861      -6.62485808E-02 -0.500000000    
           1          19  0.282628596      -8.22283030E-02 -0.500000000    
           1          20  0.272805274      -7.18294457E-02 -0.500000000    
           1          21  0.299989671      -4.29181755E-02 -0.500000000    
           1          22  0.198788553      -3.01324483E-02 -0.500000000    
           1          23 -0.105158232      -1.35289971E-02 -0.500000000    
           1          24  -8.25059637E-02  -3.31747495E-02 -0.500000000    
           1          25  0.128191680      -7.31508136E-02 -0.500000000    
           1          26  0.169326261      -8.24989900E-02 -0.500000000    
           1          27   8.72010440E-02  -8.30313191E-02 -0.500000000    
           1          28  0.113370322      -9.06141326E-02 -0.500000000    
           1          29  0.203086734     -0.121674120     -0.500000000    
           1          30  0.385106623     -0.152544111     -0.500000000    
           1          31  0.542051971     -0.159348473     -0.500000000    
           1          32  0.657189131     -0.148228094     -0.500000000    
           1          33  0.731515169     -0.137100399     -0.500000000    
           2           1  0.491299063     -0.124312401     -0.500000000    
           2           2  0.377666444     -0.134080410     -0.500000000    
           2           3  0.281384647     -0.137098476     -0.500000000    
           2           4  0.189401865     -0.122551568     -0.500000000    
           2           5  0.117150716      -9.77324918E-02 -0.500000000    
           2           6   8.95310938E-02  -7.83571303E-02 -0.500000000    
           2           7   8.72579664E-02  -6.91567808E-02 -0.500000000    
           2           8  0.166996449      -6.35434389E-02 -0.500000000    
           2           9   8.47830400E-02  -5.72196469E-02 -0.500000000    
           2          10 -0.113621190      -1.93822142E-02 -0.500000000    
           2          11   4.31071185E-02  -2.07565515E-03 -0.500000000    
           2          12  0.160316825      -1.27125625E-02 -0.500000000    
           2          13   7.44217560E-02  -2.40783617E-02 -0.500000000    
           2          14   7.11221993E-02  -5.54029159E-02 -0.500000000    
           2          15  0.106412724      -6.36084825E-02 -0.500000000    
           2          16  0.322196364      -5.11036776E-02 -0.500000000    
           2          17  0.307467401      -4.54086140E-02 -0.500000000    
           2          18  0.326503605      -5.39796427E-02 -0.500000000    
           2          19  0.126094416      -6.79049343E-02 -0.500000000    
           2          20   7.01096803E-02  -6.03173077E-02 -0.500000000    
           2          21   7.08786473E-02  -3.36727872E-02 -0.500000000    
           2          22   9.02783126E-02  -2.64324713E-02 -0.500000000    
           2          23  -7.10719898E-02  -1.39654325E-02 -0.500000000    
           2          24 -0.161687642      -3.73900421E-02 -0.500000000    
           2          25   8.79422128E-02  -6.86242506E-02 -0.500000000    
           2          26  0.140207976      -7.13498145E-02 -0.500000000    
           2          27   6.37860000E-02  -7.62268230E-02 -0.500000000    
           2          28   7.78033286E-02  -8.71784538E-02 -0.500000000    
           2          29  0.126123026     -0.110982239     -0.500000000    
           2          30  0.245815456     -0.140497386     -0.500000000    
           2          31  0.395773739     -0.155483037     -0.500000000    
           2          32  0.515658796     -0.152224988     -0.500000000    
           2          33  0.597671926     -0.145148680     -0.500000000    
           3           1  0.371059626     -0.136113465     -0.500000000    
           3           2  0.281371862     -0.137096733     -0.500000000    
           3           3  0.168618158     -0.128308818     -0.500000000    
           3           4   8.43596682E-02 -0.108371861     -0.500000000    
           3           5   6.69260472E-02  -9.03018340E-02 -0.500000000    
           3           6   7.25697875E-02  -7.87663385E-02 -0.500000000    
           3           7   8.29554945E-02  -6.18197098E-02 -0.500000000    
           3           8  0.132421002      -4.66236211E-02 -0.500000000    
           3           9   7.03498423E-02  -4.81950417E-02 -0.500000000    
           3          10 -0.175883800      -2.78627556E-02 -0.500000000    
           3          11  -9.13837273E-03  -5.38668782E-03 -0.500000000    
           3          12   8.45706314E-02  -1.07458113E-02 -0.500000000    
           3          13  -3.47149074E-02  -2.30448246E-02 -0.500000000    
           3          14  -4.78655845E-02  -4.47066873E-02 -0.500000000    
           3          15  -1.80057697E-02  -4.27400060E-02 -0.500000000    
           3          16  0.183013141      -3.49882096E-02 -0.500000000    
           3          17  0.439861149      -2.72962023E-02 -0.500000000    
           3          18  0.210962951      -3.67403366E-02 -0.500000000    
           3          19   2.18277834E-02  -4.59160134E-02 -0.500000000    
           3          20  -2.24256217E-02  -4.66806293E-02 -0.500000000    
           3          21  -3.87609899E-02  -2.38185655E-02 -0.500000000    
           3          22  -1.60441431E-03  -1.93664394E-02 -0.500000000    
           3          23 -0.124130577      -1.33782551E-02 -0.500000000    
           3          24 -0.205678776      -4.37141173E-02 -0.500000000    
           3          25   8.72300118E-02  -5.85079193E-02 -0.500000000    
           3          26  0.129163086      -5.52546419E-02 -0.500000000    
           3          27   8.05498064E-02  -6.86161220E-02 -0.500000000    
           3          28   6.81483150E-02  -8.48228782E-02 -0.500000000    
           3          29   6.96222782E-02  -9.91182774E-02 -0.500000000    
           3          30  0.109253198     -0.120919712     -0.500000000    
           3          31  0.221638232     -0.141598806     -0.500000000    
           3          32  0.321307272     -0.148549959     -0.500000000    
           3          33  0.374906629     -0.147866115     -0.500000000    
           4           1  0.291718662     -0.129963025     -0.500000000    
           4           2  0.189397767     -0.122549348     -0.500000000    
           4           3   8.43577906E-02 -0.108371198     -0.500000000    
           4           4   4.86815572E-02  -9.28870440E-02 -0.500000000    
           4           5   6.85140640E-02  -8.53467658E-02 -0.500000000    
           4           6   9.84786972E-02  -8.17189664E-02 -0.500000000    
           4           7  0.127975374      -6.03597835E-02 -0.500000000    
           4           8  0.125002190      -3.50693092E-02 -0.500000000    
           4           9   9.18924659E-02  -4.01887260E-02 -0.500000000    
           4          10 -0.112084180      -4.36550900E-02 -0.500000000    
           4          11  -5.49972653E-02  -1.64852738E-02 -0.500000000    
           4          12   2.07950547E-02  -1.32373115E-02 -0.500000000    
           4          13  -5.19613102E-02  -2.83189677E-02 -0.500000000    
           4          14  -6.65928200E-02  -3.80689837E-02 -0.500000000    
           4          15  -6.19578511E-02  -2.62590982E-02 -0.500000000    
           4          16   8.74485821E-02  -2.02001035E-02 -0.500000000    
           4          17  0.294022560      -1.86696351E-02 -0.500000000    
           4          18  0.115269102      -2.13935822E-02 -0.500000000    
           4          19  -3.06180604E-02  -2.78503839E-02 -0.500000000    
           4          20  -4.41370085E-02  -3.74976024E-02 -0.500000000    
           4          21  -6.56148642E-02  -2.21333615E-02 -0.500000000    
           4          22  -4.86972965E-02  -1.66289695E-02 -0.500000000    
           4          23 -0.132304445      -1.90478023E-02 -0.500000000    
           4          24  -9.90509093E-02  -5.34895174E-02 -0.500000000    
           4          25  0.103163876      -4.56578992E-02 -0.500000000    
           4          26  0.132966444      -4.00526226E-02 -0.500000000    
           4          27  0.129053727      -6.32099807E-02 -0.500000000    
           4          28   9.79396105E-02  -8.38330835E-02 -0.500000000    
           4          29   7.24041089E-02  -9.02419761E-02 -0.500000000    
           4          30   5.50880246E-02 -0.100740090     -0.500000000    
           4          31   9.16357711E-02 -0.117475398     -0.500000000    
           4          32  0.178673416     -0.130283564     -0.500000000    
           4          33  0.234484568     -0.135484964     -0.500000000    
           5           1  0.175776124     -0.103865989     -0.500000000    
           5           2  0.117146850      -9.77296308E-02 -0.500000000    
           5           3   6.69211000E-02  -9.03010592E-02 -0.500000000    
           5           4   6.85101226E-02  -8.53466913E-02 -0.500000000    
           5           5  0.103427239      -8.82212073E-02 -0.500000000    
           5           6  0.142891452      -9.02161449E-02 -0.500000000    
           5           7  0.169004381      -6.85540810E-02 -0.500000000    
           5           8  0.124168128      -3.73187214E-02 -0.500000000    
           5           9   9.85955372E-02  -3.88546363E-02 -0.500000000    
           5          10   6.69204816E-02  -5.92435598E-02 -0.500000000    
           5          11   8.02932158E-02  -3.50074582E-02 -0.500000000    
           5          12  -8.62434227E-03  -1.98732708E-02 -0.500000000    
           5          13   2.45300550E-02  -3.30795310E-02 -0.500000000    
           5          14   2.98313200E-02  -2.78760567E-02 -0.500000000    
           5          15   4.90743741E-02  -1.25990035E-02 -0.500000000    
           5          16   8.25655758E-02  -6.31486205E-03 -0.500000000    
           5          17   7.87547976E-02  -6.16134377E-03 -0.500000000    
           5          18   6.86900765E-02  -7.69765442E-03 -0.500000000    
           5          19   6.44613132E-02  -1.34272510E-02 -0.500000000    
           5          20   7.13635832E-02  -2.59884987E-02 -0.500000000    
           5          21   2.95184087E-02  -2.40642540E-02 -0.500000000    
           5          22  -2.80587226E-02  -1.64763276E-02 -0.500000000    
           5          23   4.14605290E-02  -3.30222212E-02 -0.500000000    
           5          24   6.12352826E-02  -6.14412352E-02 -0.500000000    
           5          25   9.60653722E-02  -3.81927453E-02 -0.500000000    
           5          26  0.118645474      -3.52053717E-02 -0.500000000    
           5          27  0.158593997      -6.34314790E-02 -0.500000000    
           5          28  0.138519764      -8.47842246E-02 -0.500000000    
           5          29  0.104009703      -8.59865844E-02 -0.500000000    
           5          30   6.31964058E-02  -8.63577947E-02 -0.500000000    
           5          31   4.54866923E-02  -9.28868800E-02 -0.500000000    
           5          32   7.85939172E-02  -9.98941958E-02 -0.500000000    
           5          33  0.112509280     -0.104074597     -0.500000000    
           6           1  0.126647010      -7.90055022E-02 -0.500000000    
           6           2   8.95448774E-02  -7.83523694E-02 -0.500000000    
           6           3   7.25750327E-02  -7.87645802E-02 -0.500000000    
           6           4   9.84760672E-02  -8.17186311E-02 -0.500000000    
           6           5  0.142888039      -9.02158469E-02 -0.500000000    
           6           6  0.184291840      -9.23842415E-02 -0.500000000    
           6           7  0.192230865      -7.18363225E-02 -0.500000000    
           6           8  0.156051055      -4.39789146E-02 -0.500000000    
           6           9  0.162914738      -3.70550081E-02 -0.500000000    
           6          10  0.116725959      -5.81918992E-02 -0.500000000    
           6          11  0.214822248      -3.98382545E-02 -0.500000000    
           6          12   7.88719803E-02  -1.98652800E-02 -0.500000000    
           6          13  0.209726512      -2.02632062E-02 -0.500000000    
           6          14  0.196748778      -3.33521864E-03 -0.500000000    
           6          15  0.103415847       7.78748095E-03 -0.500000000    
           6          16   4.80590574E-03   1.40305283E-02 -0.500000000    
           6          17  -5.07149883E-02   1.66624002E-02 -0.500000000    
           6          18  -2.44618207E-02   1.23581830E-02 -0.500000000    
           6          19   9.28154439E-02   6.57135481E-03 -0.500000000    
           6          20  0.200883582      -1.94281049E-03 -0.500000000    
           6          21  0.182047457      -1.28419679E-02 -0.500000000    
           6          22   4.02238779E-02  -9.69485752E-03 -0.500000000    
           6          23  0.178266257      -3.66662480E-02 -0.500000000    
           6          24   8.15175474E-02  -5.32350950E-02 -0.500000000    
           6          25  0.112870060      -2.97302268E-02 -0.500000000    
           6          26  0.108958386      -3.40693854E-02 -0.500000000    
           6          27  0.153345510      -5.89222163E-02 -0.500000000    
           6          28  0.158808753      -7.95776471E-02 -0.500000000    
           6          29  0.125532687      -8.05040523E-02 -0.500000000    
           6          30   8.04205835E-02  -7.53628314E-02 -0.500000000    
           6          31   4.65230644E-02  -7.33014345E-02 -0.500000000    
           6          32   5.10701090E-02  -7.14540407E-02 -0.500000000    
           6          33   6.81165755E-02  -7.00321048E-02 -0.500000000    
           7           1  0.132530004      -7.62207508E-02 -0.500000000    
           7           2   8.72729719E-02  -6.91476911E-02 -0.500000000    
           7           3   8.29817355E-02  -6.18140548E-02 -0.500000000    
           7           4  0.127990454      -6.03569672E-02 -0.500000000    
           7           5  0.169005573      -6.85527697E-02 -0.500000000    
           7           6  0.192230687      -7.18355626E-02 -0.500000000    
           7           7  0.208812788      -6.09477758E-02 -0.500000000    
           7           8  0.252709329      -4.87234630E-02 -0.500000000    
           7           9  0.297866702      -3.54981050E-02 -0.500000000    
           7          10  0.199172691      -4.97322567E-02 -0.500000000    
           7          11  0.143729329      -3.64722498E-02 -0.500000000    
           7          12   3.88175137E-02  -2.59294230E-02 -0.500000000    
           7          13  0.180000231      -2.06107460E-03 -0.500000000    
           7          14  0.228004172       1.64462049E-02 -0.500000000    
           7          15  0.135191277       2.30505019E-02 -0.500000000    
           7          16  -2.05986015E-03   3.00040971E-02 -0.500000000    
           7          17  -8.05369690E-02   3.32917571E-02 -0.500000000    
           7          18  -4.25067358E-02   2.90344264E-02 -0.500000000    
           7          19  0.111799598       2.24925615E-02 -0.500000000    
           7          20  0.228001341       1.61590017E-02 -0.500000000    
           7          21  0.141384706       1.45158800E-03 -0.500000000    
           7          22  -7.31561845E-03  -1.45269390E-02 -0.500000000    
           7          23  0.119466975      -2.97778063E-02 -0.500000000    
           7          24  0.138003528      -3.72200832E-02 -0.500000000    
           7          25  0.207374156      -2.06801984E-02 -0.500000000    
           7          26  0.163492829      -2.93686222E-02 -0.500000000    
           7          27  0.140859932      -4.04041223E-02 -0.500000000    
           7          28  0.139901191      -5.30814864E-02 -0.500000000    
           7          29  0.125645459      -5.41791841E-02 -0.500000000    
           7          30   9.99380574E-02  -5.05380183E-02 -0.500000000    
           7          31   7.26644695E-02  -5.24849780E-02 -0.500000000    
           7          32   7.66206309E-02  -5.65518476E-02 -0.500000000    
           7          33   9.90521312E-02  -5.91718592E-02 -0.500000000    
           8           1  0.224055052      -7.65470192E-02 -0.500000000    
           8           2  0.166966453      -6.35309219E-02 -0.500000000    
           8           3  0.132423624      -4.66138087E-02 -0.500000000    
           8           4  0.125027671      -3.50625776E-02 -0.500000000    
           8           5  0.124181055      -3.73152904E-02 -0.500000000    
           8           6  0.156053364      -4.39769886E-02 -0.500000000    
           8           7  0.252712160      -4.87220697E-02 -0.500000000    
           8           8  0.394227803      -5.52003682E-02 -0.500000000    
           8           9  0.421171010      -4.08530198E-02 -0.500000000    
           8          10  0.225190818      -3.59454863E-02 -0.500000000    
           8          11   7.74674863E-02  -4.21478711E-02 -0.500000000    
           8          12  0.116792828      -3.22991423E-02 -0.500000000    
           8          13  0.132624790       4.37629409E-03 -0.500000000    
           8          14  0.255260915       2.17184480E-02 -0.500000000    
           8          15  0.177948520       2.74519566E-02 -0.500000000    
           8          16   4.88043129E-02   3.44200991E-02 -0.500000000    
           8          17  -2.21938509E-02   4.03311178E-02 -0.500000000    
           8          18   2.90404493E-03   3.61887179E-02 -0.500000000    
           8          19  0.140342891       2.87521537E-02 -0.500000000    
           8          20  0.244834587       2.02026069E-02 -0.500000000    
           8          21   9.40193012E-02   3.42749245E-03 -0.500000000    
           8          22   7.92518258E-02  -2.54962351E-02 -0.500000000    
           8          23   1.50074819E-02  -3.04466095E-02 -0.500000000    
           8          24  0.179632068      -2.15104576E-02 -0.500000000    
           8          25  0.302086443      -1.95273031E-02 -0.500000000    
           8          26  0.267254055      -2.74311919E-02 -0.500000000    
           8          27  0.152485058      -2.09927671E-02 -0.500000000    
           8          28   9.28589478E-02  -2.16204841E-02 -0.500000000    
           8          29   7.74061456E-02  -2.18495429E-02 -0.500000000    
           8          30   9.98574719E-02  -2.48461626E-02 -0.500000000    
           8          31  0.123338468      -3.73770706E-02 -0.500000000    
           8          32  0.145874724      -5.15102781E-02 -0.500000000    
           8          33  0.171587631      -5.96435331E-02 -0.500000000    
           9           1  0.142617151      -6.26603216E-02 -0.500000000    
           9           2   8.47622305E-02  -5.72039559E-02 -0.500000000    
           9           3   7.03577623E-02  -4.81817126E-02 -0.500000000    
           9           4   9.19201970E-02  -4.01786603E-02 -0.500000000    
           9           5   9.86134857E-02  -3.88486460E-02 -0.500000000    
           9           6  0.162912264      -3.70517485E-02 -0.500000000    
           9           7  0.297865123      -3.54950801E-02 -0.500000000    
           9           8  0.421173871      -4.08512019E-02 -0.500000000    
           9           9  0.414552718      -3.50136235E-02 -0.500000000    
           9          10   7.03116879E-02  -2.03331597E-02 -0.500000000    
           9          11   4.76304851E-02  -4.49766554E-02 -0.500000000    
           9          12  0.186367407      -3.34116891E-02 -0.500000000    
           9          13  0.144947156      -8.71151220E-03 -0.500000000    
           9          14  0.159554869       1.95912756E-02 -0.500000000    
           9          15   9.35800523E-02   2.34895777E-02 -0.500000000    
           9          16   1.97253358E-02   3.25061493E-02 -0.500000000    
           9          17   4.52356087E-03   4.08378132E-02 -0.500000000    
           9          18  -1.49430949E-02   3.70610654E-02 -0.500000000    
           9          19   6.61497712E-02   2.73758955E-02 -0.500000000    
           9          20  0.144649476       1.83168389E-02 -0.500000000    
           9          21  0.101437047      -1.37579264E-02 -0.500000000    
           9          22  0.152517170      -3.27313729E-02 -0.500000000    
           9          23   1.73940789E-03  -3.70153971E-02 -0.500000000    
           9          24   1.78145152E-03  -6.12345384E-03 -0.500000000    
           9          25  0.328934729      -1.36468224E-02 -0.500000000    
           9          26  0.316671073      -1.25956973E-02 -0.500000000    
           9          27  0.197329387      -6.32358529E-03 -0.500000000    
           9          28  0.109850615      -1.51374619E-02 -0.500000000    
           9          29   7.34706074E-02  -2.39679981E-02 -0.500000000    
           9          30  0.116511159      -2.86047067E-02 -0.500000000    
           9          31  0.144703671      -3.54494713E-02 -0.500000000    
           9          32  0.144043699      -4.11390550E-02 -0.500000000    
           9          33  0.148201212      -4.33043577E-02 -0.500000000    
          10           1  -5.89408539E-02  -1.53338173E-02 -0.500000000    
          10           2 -0.113722682      -1.93703454E-02 -0.500000000    
          10           3 -0.175934881      -2.78499667E-02 -0.500000000    
          10           4 -0.112043142      -4.36420552E-02 -0.500000000    
          10           5   6.69752508E-02  -5.92334270E-02 -0.500000000    
          10           6  0.116723165      -5.81865087E-02 -0.500000000    
          10           7  0.199162602      -4.97280322E-02 -0.500000000    
          10           8  0.225190669      -3.59423794E-02 -0.500000000    
          10           9   7.03168511E-02  -2.03320701E-02 -0.500000000    
          10          10   1.50247626E-02  -1.82276499E-02 -0.500000000    
          10          11   1.04195010E-02  -2.76773721E-02 -0.500000000    
          10          12  0.133704960      -3.52001600E-02 -0.500000000    
          10          13  0.154156908      -1.57892872E-02 -0.500000000    
          10          14  0.122703902       1.46919265E-02 -0.500000000    
          10          15  -1.87894292E-02   3.10011152E-02 -0.500000000    
          10          16   5.10884216E-03   3.95237096E-02 -0.500000000    
          10          17   7.31642395E-02   4.42897491E-02 -0.500000000    
          10          18   7.76183791E-04   4.35839444E-02 -0.500000000    
          10          19  -2.32561640E-02   3.54519114E-02 -0.500000000    
          10          20  0.108927727       1.26169128E-02 -0.500000000    
          10          21  0.115284197      -2.25290619E-02 -0.500000000    
          10          22   8.78138691E-02  -3.82089354E-02 -0.500000000    
          10          23  -2.32645273E-02  -2.49984972E-02 -0.500000000    
          10          24  -3.49703357E-02  -1.05350958E-02 -0.500000000    
          10          25   6.30917400E-03  -4.20188950E-03 -0.500000000    
          10          26  0.150710776      -9.60964896E-03 -0.500000000    
          10          27  0.159392476      -2.30471622E-02 -0.500000000    
          10          28   9.86673087E-02  -3.50604318E-02 -0.500000000    
          10          29  0.107611649      -3.80229466E-02 -0.500000000    
          10          30   4.65150699E-02  -2.61045173E-02 -0.500000000    
          10          31  -3.70256826E-02  -1.53915193E-02 -0.500000000    
          10          32  -9.42553743E-04  -1.05487481E-02 -0.500000000    
          10          33   6.90154955E-02  -7.90696684E-03 -0.500000000    
          11           1  -3.11470497E-02   5.26881136E-04 -0.500000000    
          11           2   4.28795256E-02  -2.06697872E-03 -0.500000000    
          11           3  -9.29205026E-03  -5.37720555E-03 -0.500000000    
          11           4  -5.50422594E-02  -1.64750814E-02 -0.500000000    
          11           5   8.03640038E-02  -3.49982567E-02 -0.500000000    
          11           6  0.214842200      -3.98317315E-02 -0.500000000    
          11           7  0.143730983      -3.64676341E-02 -0.500000000    
          11           8   7.74722248E-02  -4.21443097E-02 -0.500000000    
          11           9   4.76337597E-02  -4.49743234E-02 -0.500000000    
          11          10   1.04208225E-02  -2.76763048E-02 -0.500000000    
          11          11   2.14727465E-02  -1.89569890E-02 -0.500000000    
          11          12   6.73530027E-02  -2.45229769E-02 -0.500000000    
          11          13  0.222957864       8.40217181E-05 -0.500000000    
          11          14  0.204377219       2.87599657E-02 -0.500000000    
          11          15  0.103450857       4.86627519E-02 -0.500000000    
          11          16   7.69827589E-02   5.84565438E-02 -0.500000000    
          11          17  0.180645436       5.85014895E-02 -0.500000000    
          11          18   8.31718594E-02   6.09417111E-02 -0.500000000    
          11          19  0.111427039       4.84072901E-02 -0.500000000    
          11          20  0.207535937       2.23579295E-02 -0.500000000    
          11          21  0.194852903      -6.45624241E-03 -0.500000000    
          11          22   3.92548591E-02  -2.58237179E-02 -0.500000000    
          11          23  -1.35036157E-02  -1.66112743E-02 -0.500000000    
          11          24  -5.58475889E-02  -2.25775000E-02 -0.500000000    
          11          25  -3.05410437E-02  -3.48301567E-02 -0.500000000    
          11          26   1.44878346E-02  -2.73715854E-02 -0.500000000    
          11          27   8.09707567E-02  -1.46097457E-02 -0.500000000    
          11          28  0.175845087      -1.53287118E-02 -0.500000000    
          11          29  0.164445013      -1.28134368E-02 -0.500000000    
          11          30  -7.03559164E-03   2.70995894E-03 -0.500000000    
          11          31 -0.102528729       1.18506029E-02 -0.500000000    
          11          32 -0.149096504       1.36028212E-02 -0.500000000    
          11          33  -6.74466714E-02   1.42102418E-02 -0.500000000    
          12           1  0.241704881      -1.15348566E-02 -0.500000000    
          12           2  0.160128906      -1.27028832E-02 -0.500000000    
          12           3   8.44582096E-02  -1.07367644E-02 -0.500000000    
          12           4   2.07285397E-02  -1.32283363E-02 -0.500000000    
          12           5  -8.60534515E-03  -1.98664553E-02 -0.500000000    
          12           6   7.88988024E-02  -1.98616702E-02 -0.500000000    
          12           7   3.88199873E-02  -2.59255953E-02 -0.500000000    
          12           8  0.116804339      -3.22942920E-02 -0.500000000    
          12           9  0.186377883      -3.34078558E-02 -0.500000000    
          12          10  0.133711502      -3.51978727E-02 -0.500000000    
          12          11   6.73525631E-02  -2.45218799E-02 -0.500000000    
          12          12   8.87850001E-02  -4.97761415E-03 -0.500000000    
          12          13  0.260225624       2.53529362E-02 -0.500000000    
          12          14  0.344530106       5.62944040E-02 -0.500000000    
          12          15  0.218905136       7.96903521E-02 -0.500000000    
          12          16   7.08106458E-02   8.72105956E-02 -0.500000000    
          12          17   4.45924327E-02   8.68909508E-02 -0.500000000    
          12          18   5.75189330E-02   8.62065330E-02 -0.500000000    
          12          19  0.199853599       7.43190274E-02 -0.500000000    
          12          20  0.334602296       4.71003801E-02 -0.500000000    
          12          21  0.258379698       1.77926496E-02 -0.500000000    
          12          22   9.12398398E-02  -7.49177206E-03 -0.500000000    
          12          23   6.38804659E-02  -2.37964354E-02 -0.500000000    
          12          24  0.118765682      -3.12331505E-02 -0.500000000    
          12          25  0.156464741      -2.49647740E-02 -0.500000000    
          12          26   8.46642181E-02  -1.92473345E-02 -0.500000000    
          12          27  -3.59361852E-03  -1.38563262E-02 -0.500000000    
          12          28   4.14819270E-02  -1.15899118E-02 -0.500000000    
          12          29  -3.51452362E-03  -7.40308594E-03 -0.500000000    
          12          30  -6.93485662E-02   2.56656902E-03 -0.500000000    
          12          31  -8.59760866E-02   5.47923055E-03 -0.500000000    
          12          32 -0.134158343       2.51015648E-03 -0.500000000    
          12          33 -0.259488285       1.04081060E-04 -0.500000000    
          13           1  0.290240765      -2.58136820E-02 -0.500000000    
          13           2   7.43339956E-02  -2.40686368E-02 -0.500000000    
          13           3  -3.47530395E-02  -2.30377465E-02 -0.500000000    
          13           4  -5.19694611E-02  -2.83125825E-02 -0.500000000    
          13           5   2.45748889E-02  -3.30741741E-02 -0.500000000    
          13           6  0.209746078      -2.02595424E-02 -0.500000000    
          13           7  0.179984391      -2.05615256E-03 -0.500000000    
          13           8  0.132622525       4.38302662E-03 -0.500000000    
          13           9  0.144964099      -8.70562065E-03 -0.500000000    
          13          10  0.154176801      -1.57854315E-02 -0.500000000    
          13          11  0.222963199       8.65227266E-05 -0.500000000    
          13          12  0.260214627       2.53547877E-02 -0.500000000    
          13          13  0.247351199       5.43542355E-02 -0.500000000    
          13          14  0.295034856       8.05848315E-02 -0.500000000    
          13          15  0.207434878      0.105178550     -0.500000000    
          13          16   5.62434457E-02  0.122321241     -0.500000000    
          13          17  -7.46596139E-03  0.126932651     -0.500000000    
          13          18   5.34301698E-02  0.120946147     -0.500000000    
          13          19  0.189251900       9.85635966E-02 -0.500000000    
          13          20  0.270923346       7.07104728E-02 -0.500000000    
          13          21  0.231205732       4.42088246E-02 -0.500000000    
          13          22  0.232986733       1.78009719E-02 -0.500000000    
          13          23  0.259577334      -4.66334959E-03 -0.500000000    
          13          24  0.215275452      -1.57128479E-02 -0.500000000    
          13          25  0.175361037      -3.26859765E-03 -0.500000000    
          13          26  0.118750080       1.30396392E-02 -0.500000000    
          13          27  0.144551411       8.87603872E-03 -0.500000000    
          13          28  0.196265116      -1.04896799E-02 -0.500000000    
          13          29  0.107907094      -2.45538484E-02 -0.500000000    
          13          30  -8.93331040E-03  -2.46130377E-02 -0.500000000    
          13          31  -6.11286573E-02  -2.37518921E-02 -0.500000000    
          13          32 -0.110037662      -2.62799971E-02 -0.500000000    
          13          33 -0.106657952      -2.62705628E-02 -0.500000000    
          14           1  0.304049999      -6.49008229E-02 -0.500000000    
          14           2   7.11274147E-02  -5.53920828E-02 -0.500000000    
          14           3  -4.78750095E-02  -4.46980558E-02 -0.500000000    
          14           4  -6.65850565E-02  -3.80620286E-02 -0.500000000    
          14           5   2.98971999E-02  -2.78713852E-02 -0.500000000    
          14           6  0.196767241      -3.33165633E-03 -0.500000000    
          14           7  0.227995768       1.64525434E-02 -0.500000000    
          14           8  0.255254000       2.17265636E-02 -0.500000000    
          14           9  0.159561142       1.95985846E-02 -0.500000000    
          14          10  0.122712478       1.46969929E-02 -0.500000000    
          14          11  0.204371899       2.87640262E-02 -0.500000000    
          14          12  0.344509244       5.62979579E-02 -0.500000000    
          14          13  0.295015067       8.05863887E-02 -0.500000000    
          14          14  0.173804358       9.73257199E-02 -0.500000000    
          14          15  0.165267751      0.115538448     -0.500000000    
          14          16   5.39896749E-02  0.138595507     -0.500000000    
          14          17  -3.72978970E-02  0.149012804     -0.500000000    
          14          18   5.53333648E-02  0.138148308     -0.500000000    
          14          19  0.149933547      0.111573577     -0.500000000    
          14          20  0.160104439       8.89464766E-02 -0.500000000    
          14          21  0.267561436       7.10396692E-02 -0.500000000    
          14          22  0.328067094       4.81846854E-02 -0.500000000    
          14          23  0.232974678       2.17944905E-02 -0.500000000    
          14          24  0.174373835       1.23882787E-02 -0.500000000    
          14          25  0.211593777       2.37932689E-02 -0.500000000    
          14          26  0.292477816       3.14877406E-02 -0.500000000    
          14          27  0.240231499       2.87820920E-02 -0.500000000    
          14          28  0.218959957       7.79013708E-03 -0.500000000    
          14          29  0.153288499      -1.58220232E-02 -0.500000000    
          14          30   1.03927553E-02  -2.75490116E-02 -0.500000000    
          14          31  -5.81074730E-02  -3.66918407E-02 -0.500000000    
          14          32  -5.88043034E-03  -4.49530371E-02 -0.500000000    
          14          33  0.195446044      -4.79492769E-02 -0.500000000    
          15           1  0.314826816      -7.74866268E-02 -0.500000000    
          15           2  0.106479429      -6.35995716E-02 -0.500000000    
          15           3  -1.79927927E-02  -4.27307636E-02 -0.500000000    
          15           4  -6.19508624E-02  -2.62515061E-02 -0.500000000    
          15           5   4.91211973E-02  -1.25943385E-02 -0.500000000    
          15           6  0.103422299       7.79257808E-03 -0.500000000    
          15           7  0.135191262       2.30580494E-02 -0.500000000    
          15           8  0.177948639       2.74599809E-02 -0.500000000    
          15           9   9.35861394E-02   2.34965514E-02 -0.500000000    
          15          10  -1.87892541E-02   3.10062449E-02 -0.500000000    
          15          11  0.103444554       4.86670323E-02 -0.500000000    
          15          12  0.218890131       7.96935856E-02 -0.500000000    
          15          13  0.207424119      0.105180226     -0.500000000    
          15          14  0.165266782      0.115538679     -0.500000000    
          15          15   9.03173462E-02  0.118245065     -0.500000000    
          15          16   2.71772817E-02  0.123480238     -0.500000000    
          15          17  -2.49285810E-02  0.133100718     -0.500000000    
          15          18   2.27947198E-02  0.123747870     -0.500000000    
          15          19   8.40012953E-02  0.114101499     -0.500000000    
          15          20  0.143303990      0.106923394     -0.500000000    
          15          21  0.197631434       9.80327055E-02 -0.500000000    
          15          22  0.230830953       7.69490004E-02 -0.500000000    
          15          23  0.119832344       5.16970605E-02 -0.500000000    
          15          24   2.37620678E-02   3.64721604E-02 -0.500000000    
          15          25  0.140066087       3.47927287E-02 -0.500000000    
          15          26  0.201124996       4.20327187E-02 -0.500000000    
          15          27  0.142399907       3.84707451E-02 -0.500000000    
          15          28  0.115328126       2.00700220E-02 -0.500000000    
          15          29  0.142387629      -3.09026660E-03 -0.500000000    
          15          30   6.38752105E-03  -1.54076144E-02 -0.500000000    
          15          31  -1.42137371E-02  -2.92583350E-02 -0.500000000    
          15          32  0.152438179      -4.49722186E-02 -0.500000000    
          15          33  0.371921360      -5.43925427E-02 -0.500000000    
          16           1  0.351085395      -6.21220395E-02 -0.500000000    
          16           2  0.322243005      -5.10984436E-02 -0.500000000    
          16           3  0.183049306      -3.49818729E-02 -0.500000000    
          16           4   8.74758065E-02  -2.01940741E-02 -0.500000000    
          16           5   8.25805962E-02  -6.30982267E-03 -0.500000000    
          16           6   4.80279513E-03   1.40380645E-02 -0.500000000    
          16           7  -2.05640541E-03   3.00127119E-02 -0.500000000    
          16           8   4.88098897E-02   3.44283171E-02 -0.500000000    
          16           9   1.97335891E-02   3.25136855E-02 -0.500000000    
          16          10   5.11416839E-03   3.95296663E-02 -0.500000000    
          16          11   7.69797117E-02   5.84605187E-02 -0.500000000    
          16          12   7.08053708E-02   8.72126520E-02 -0.500000000    
          16          13   5.62482066E-02  0.122321568     -0.500000000    
          16          14   5.40030524E-02  0.138594195     -0.500000000    
          16          15   2.71843821E-02  0.123478621     -0.500000000    
          16          16  0.143689632      0.108936243     -0.500000000    
          16          17  0.190154687      0.104892284     -0.500000000    
          16          18  0.140145361      0.109335139     -0.500000000    
          16          19   2.64240988E-02  0.119754747     -0.500000000    
          16          20   5.77255450E-02  0.130738854     -0.500000000    
          16          21   4.97965068E-02  0.116151929     -0.500000000    
          16          22   6.04847260E-02   8.96964818E-02 -0.500000000    
          16          23   5.37185371E-02   7.10116401E-02 -0.500000000    
          16          24  -6.21089758E-03   5.51849566E-02 -0.500000000    
          16          25   2.62176320E-02   4.94304746E-02 -0.500000000    
          16          26   5.01099154E-02   5.05673736E-02 -0.500000000    
          16          27   1.41541408E-02   4.56250310E-02 -0.500000000    
          16          28   1.97034106E-02   2.79076956E-02 -0.500000000    
          16          29  0.146914661       4.14896244E-03 -0.500000000    
          16          30  0.234388679      -9.08819400E-03 -0.500000000    
          16          31  0.285065293      -2.28771511E-02 -0.500000000    
          16          32  0.385704517      -3.68856490E-02 -0.500000000    
          16          33  0.432650238      -4.46449891E-02 -0.500000000    
          17           1  0.103881568      -6.15925044E-02 -0.500000000    
          17           2  0.307325691      -4.54050824E-02 -0.500000000    
          17           3  0.439830810      -2.72932816E-02 -0.500000000    
          17           4  0.294080168      -1.86665840E-02 -0.500000000    
          17           5   7.87777901E-02  -6.15496654E-03 -0.500000000    
          17           6  -5.07117249E-02   1.66709367E-02 -0.500000000    
          17           7  -8.05323198E-02   3.33003774E-02 -0.500000000    
          17           8  -2.21899394E-02   4.03395593E-02 -0.500000000    
          17           9   4.53048572E-03   4.08462845E-02 -0.500000000    
          17          10   7.31790289E-02   4.42970060E-02 -0.500000000    
          17          11  0.180649132       5.85060529E-02 -0.500000000    
          17          12   4.45917733E-02   8.68929923E-02 -0.500000000    
          17          13  -7.45400228E-03  0.126932606     -0.500000000    
          17          14  -3.72785591E-02  0.149010777     -0.500000000    
          17          15  -2.49204952E-02  0.133098155     -0.500000000    
          17          16  0.190156549      0.104891732     -0.500000000    
          17          17  0.488840103       9.45926756E-02 -0.500000000    
          17          18  0.187830180      0.105089977     -0.500000000    
          17          19  -1.69654805E-02  0.130956292     -0.500000000    
          17          20  -2.45876610E-02  0.141818002     -0.500000000    
          17          21  -3.34208123E-02  0.120729357     -0.500000000    
          17          22  -5.73652051E-03   9.17490125E-02 -0.500000000    
          17          23  0.138539881       7.37204328E-02 -0.500000000    
          17          24   2.89631430E-02   6.48332909E-02 -0.500000000    
          17          25  -2.25193482E-02   5.82673997E-02 -0.500000000    
          17          26  -2.21521817E-02   5.36719859E-02 -0.500000000    
          17          27  -4.46292758E-02   4.58850563E-02 -0.500000000    
          17          28  -7.10843550E-03   3.02297119E-02 -0.500000000    
          17          29  0.170313790       7.46568386E-03 -0.500000000    
          17          30  0.511143863      -1.00749303E-02 -0.500000000    
          17          31  0.572440803      -1.62415169E-02 -0.500000000    
          17          32  0.295553744      -2.77183671E-02 -0.500000000    
          17          33  0.109754473      -3.75175774E-02 -0.500000000    
          18           1  0.286316782      -6.62447661E-02 -0.500000000    
          18           2  0.326531649      -5.39748631E-02 -0.500000000    
          18           3  0.210979119      -3.67344618E-02 -0.500000000    
          18           4  0.115269221      -2.13867296E-02 -0.500000000    
          18           5   6.87014908E-02  -7.69023364E-03 -0.500000000    
          18           6  -2.44596694E-02   1.23666869E-02 -0.500000000    
          18           7  -4.24997434E-02   2.90433541E-02 -0.500000000    
          18           8   2.90940749E-03   3.61970104E-02 -0.500000000    
          18           9  -1.49384886E-02   3.70691754E-02 -0.500000000    
          18          10   7.80492555E-04   4.35907133E-02 -0.500000000    
          18          11   8.31689388E-02   6.09461591E-02 -0.500000000    
          18          12   5.75154386E-02   8.62087086E-02 -0.500000000    
          18          13   5.34350537E-02  0.120946236     -0.500000000    
          18          14   5.53466938E-02  0.138146698     -0.500000000    
          18          15   2.28038412E-02  0.123745896     -0.500000000    
          18          16  0.140148088      0.109334745     -0.500000000    
          18          17  0.187830612      0.105089925     -0.500000000    
          18          18  0.131030366      0.109657049     -0.500000000    
          18          19   2.00856142E-02  0.119804889     -0.500000000    
          18          20   5.62245846E-02  0.129945546     -0.500000000    
          18          21   4.49588932E-02  0.114372514     -0.500000000    
          18          22   5.04338965E-02   8.88483748E-02 -0.500000000    
          18          23   6.49267957E-02   7.37470090E-02 -0.500000000    
          18          24  -1.75892115E-02   6.02009296E-02 -0.500000000    
          18          25  -1.35176070E-02   5.29535823E-02 -0.500000000    
          18          26   9.43497289E-03   4.99839149E-02 -0.500000000    
          18          27  -1.58132073E-02   4.24050093E-02 -0.500000000    
          18          28   6.52886415E-03   2.49204431E-02 -0.500000000    
          18          29  0.145572662       4.12545586E-03 -0.500000000    
          18          30  0.237121210      -7.17219058E-03 -0.500000000    
          18          31  0.293932676      -2.08927020E-02 -0.500000000    
          18          32  0.375530809      -3.58730704E-02 -0.500000000    
          18          33  0.376882821      -4.44964804E-02 -0.500000000    
          19           1  0.282749742      -8.22208822E-02 -0.500000000    
          19           2  0.126166135      -6.78951442E-02 -0.500000000    
          19           3   2.18392108E-02  -4.59041968E-02 -0.500000000    
          19           4  -3.06362770E-02  -2.78395861E-02 -0.500000000    
          19           5   6.44715577E-02  -1.34193143E-02 -0.500000000    
          19           6   9.28244218E-02   6.57904241E-03 -0.500000000    
          19           7  0.111805439       2.25008726E-02 -0.500000000    
          19           8  0.140345708       2.87600867E-02 -0.500000000    
          19           9   6.61554337E-02   2.73826495E-02 -0.500000000    
          19          10  -2.32584216E-02   3.54569629E-02 -0.500000000    
          19          11  0.111421756       4.84110899E-02 -0.500000000    
          19          12  0.199842244       7.43215829E-02 -0.500000000    
          19          13  0.189243928       9.85643491E-02 -0.500000000    
          19          14  0.149934828      0.111573189     -0.500000000    
          19          15   8.40036795E-02  0.114100941     -0.500000000    
          19          16   2.64181308E-02  0.119755581     -0.500000000    
          19          17  -1.69709809E-02  0.130957633     -0.500000000    
          19          18   2.00788472E-02  0.119805761     -0.500000000    
          19          19   7.49656782E-02  0.109971300     -0.500000000    
          19          20  0.127752319      0.102767184     -0.500000000    
          19          21  0.179434568       9.11469534E-02 -0.500000000    
          19          22  0.217789784       7.17021301E-02 -0.500000000    
          19          23  0.123818554       5.22193685E-02 -0.500000000    
          19          24   1.39817288E-02   4.03575823E-02 -0.500000000    
          19          25  0.116981030       3.66025008E-02 -0.500000000    
          19          26  0.175939843       4.08202298E-02 -0.500000000    
          19          27  0.136830345       3.59205306E-02 -0.500000000    
          19          28  0.128802761       1.80099104E-02 -0.500000000    
          19          29  0.161240175      -2.81345728E-03 -0.500000000    
          19          30   7.48288073E-03  -1.32187363E-02 -0.500000000    
          19          31   3.65105364E-03  -2.61150133E-02 -0.500000000    
          19          32  0.160792843      -4.28199694E-02 -0.500000000    
          19          33  0.358288080      -5.32527640E-02 -0.500000000    
          20           1  0.272872001      -7.18153790E-02 -0.500000000    
          20           2   7.01307952E-02  -6.03038296E-02 -0.500000000    
          20           3  -2.24378258E-02  -4.66683321E-02 -0.500000000    
          20           4  -4.41441499E-02  -3.74875925E-02 -0.500000000    
          20           5   7.13949054E-02  -2.59810425E-02 -0.500000000    
          20           6  0.200896949      -1.93674234E-03 -0.500000000    
          20           7  0.227997079       1.61659010E-02 -0.500000000    
          20           8  0.244831994       2.02099849E-02 -0.500000000    
          20           9  0.144658729       1.83227472E-02 -0.500000000    
          20          10  0.108936936       1.26210935E-02 -0.500000000    
          20          11  0.207531795       2.23615859E-02 -0.500000000    
          20          12  0.334585160       4.71034460E-02 -0.500000000    
          20          13  0.270905405       7.07119703E-02 -0.500000000    
          20          14  0.160103440       8.89468119E-02 -0.500000000    
          20          15  0.143304080      0.106923684     -0.500000000    
          20          16   5.77118210E-02  0.130740672     -0.500000000    
          20          17  -2.46070661E-02  0.141820446     -0.500000000    
          20          18   5.62118031E-02  0.129947633     -0.500000000    
          20          19  0.127751559      0.102768071     -0.500000000    
          20          20  0.145194277       8.01944882E-02 -0.500000000    
          20          21  0.246396139       6.10963590E-02 -0.500000000    
          20          22  0.326820433       3.93507741E-02 -0.500000000    
          20          23  0.230320811       1.57974996E-02 -0.500000000    
          20          24  0.164335355       8.61661322E-03 -0.500000000    
          20          25  0.216348141       1.99056733E-02 -0.500000000    
          20          26  0.309786588       2.82047000E-02 -0.500000000    
          20          27  0.273145616       2.72123944E-02 -0.500000000    
          20          28  0.264089316       8.48336983E-03 -0.500000000    
          20          29  0.218358934      -1.38249034E-02 -0.500000000    
          20          30   3.68856974E-02  -2.54241917E-02 -0.500000000    
          20          31  -4.85127568E-02  -3.54177281E-02 -0.500000000    
          20          32  -1.07492199E-02  -4.55844142E-02 -0.500000000    
          20          33  0.176186293      -5.03400564E-02 -0.500000000    
          21           1  0.299908042      -4.29011732E-02 -0.500000000    
          21           2   7.08303303E-02  -3.36601548E-02 -0.500000000    
          21           3  -3.87901142E-02  -2.38090549E-02 -0.500000000    
          21           4  -6.56266734E-02  -2.21254975E-02 -0.500000000    
          21           5   2.95413043E-02  -2.40580458E-02 -0.500000000    
          21           6  0.182051867      -1.28375208E-02 -0.500000000    
          21           7  0.141366169       1.45669119E-03 -0.500000000    
          21           8   9.40150544E-02   3.43354768E-03 -0.500000000    
          21           9  0.101457164      -1.37530584E-02 -0.500000000    
          21          10  0.115305938      -2.25258768E-02 -0.500000000    
          21          11  0.194856927      -6.45355182E-03 -0.500000000    
          21          12  0.258367389       1.77952368E-02 -0.500000000    
          21          13  0.231204703       4.42099310E-02 -0.500000000    
          21          14  0.267575532       7.10395798E-02 -0.500000000    
          21          15  0.197637230       9.80329067E-02 -0.500000000    
          21          16   4.97888140E-02  0.116153471     -0.500000000    
          21          17  -3.34368274E-02  0.120731153     -0.500000000    
          21          18   4.49506454E-02  0.114374131     -0.500000000    
          21          19  0.179438159       9.11480784E-02 -0.500000000    
          21          20  0.246407390       6.10965081E-02 -0.500000000    
          21          21  0.230782032       3.45563814E-02 -0.500000000    
          21          22  0.242979720       1.05008725E-02 -0.500000000    
          21          23  0.239928037      -1.26367193E-02 -0.500000000    
          21          24  0.202331930      -2.53406242E-02 -0.500000000    
          21          25  0.170295984      -1.14095444E-02 -0.500000000    
          21          26  0.108758204       8.53830017E-03 -0.500000000    
          21          27  0.127410799       8.47341213E-03 -0.500000000    
          21          28  0.190066144      -6.64090179E-03 -0.500000000    
          21          29  0.121188685      -1.76599286E-02 -0.500000000    
          21          30  -2.55172700E-02  -1.82598252E-02 -0.500000000    
          21          31  -7.74740353E-02  -2.19291486E-02 -0.500000000    
          21          32 -0.106602840      -2.97635235E-02 -0.500000000    
          21          33  -9.31704640E-02  -3.36557515E-02 -0.500000000    
          22           1  0.198525086      -3.01193483E-02 -0.500000000    
          22           2   9.01345462E-02  -2.64219549E-02 -0.500000000    
          22           3  -1.69040705E-03  -1.93573684E-02 -0.500000000    
          22           4  -4.87483852E-02  -1.66200139E-02 -0.500000000    
          22           5  -2.80454420E-02  -1.64690726E-02 -0.500000000    
          22           6   4.02373672E-02  -9.69074946E-03 -0.500000000    
          22           7  -7.31387734E-03  -1.45229846E-02 -0.500000000    
          22           8   7.92599991E-02  -2.54914574E-02 -0.500000000    
          22           9  0.152526110      -3.27275507E-02 -0.500000000    
          22          10   8.78195092E-02  -3.82065512E-02 -0.500000000    
          22          11   3.92525867E-02  -2.58219540E-02 -0.500000000    
          22          12   9.12385359E-02  -7.49021489E-03 -0.500000000    
          22          13  0.232999176       1.78009234E-02 -0.500000000    
          22          14  0.328090340       4.81837727E-02 -0.500000000    
          22          15  0.230846599       7.69485682E-02 -0.500000000    
          22          16   6.04884923E-02   8.96967500E-02 -0.500000000    
          22          17  -5.74179832E-03   9.17490721E-02 -0.500000000    
          22          18   5.04352041E-02   8.88484493E-02 -0.500000000    
          22          19  0.217800483       7.17022792E-02 -0.500000000    
          22          20  0.326837659       3.93503271E-02 -0.500000000    
          22          21  0.242993742       1.05003687E-02 -0.500000000    
          22          22   9.38488916E-02  -1.07636182E-02 -0.500000000    
          22          23   3.95367481E-02  -2.88738925E-02 -0.500000000    
          22          24   7.92733580E-02  -3.90549153E-02 -0.500000000    
          22          25  0.124258414      -2.88296361E-02 -0.500000000    
          22          26   3.75659354E-02  -1.76311452E-02 -0.500000000    
          22          27  -5.60834147E-02  -7.67795648E-03 -0.500000000    
          22          28   5.03201969E-03  -3.90689960E-03 -0.500000000    
          22          29  -1.01582687E-02  -4.02283715E-03 -0.500000000    
          22          30  -8.73831734E-02  -1.17162720E-03 -0.500000000    
          22          31  -8.07818770E-02  -5.10747032E-03 -0.500000000    
          22          32  -9.07891691E-02  -1.29232919E-02 -0.500000000    
          22          33 -0.200357676      -1.75149888E-02 -0.500000000    
          23           1 -0.105370596      -1.35214273E-02 -0.500000000    
          23           2  -7.12711811E-02  -1.39583834E-02 -0.500000000    
          23           3 -0.124257900      -1.33707989E-02 -0.500000000    
          23           4 -0.132332474      -1.90392453E-02 -0.500000000    
          23           5   4.15173396E-02  -3.30141075E-02 -0.500000000    
          23           6  0.178283095      -3.66594121E-02 -0.500000000    
          23           7  0.119462796      -2.97720190E-02 -0.500000000    
          23           8   1.50019731E-02  -3.04423608E-02 -0.500000000    
          23           9   1.73514010E-03  -3.70118767E-02 -0.500000000    
          23          10  -2.32648086E-02  -2.49963850E-02 -0.500000000    
          23          11  -1.35038989E-02  -1.66102294E-02 -0.500000000    
          23          12   6.38787821E-02  -2.37961840E-02 -0.500000000    
          23          13  0.259578675      -4.66392934E-03 -0.500000000    
          23          14  0.232985288       2.17934027E-02 -0.500000000    
          23          15  0.119844705       5.16965725E-02 -0.500000000    
          23          16   5.37249744E-02   7.10110515E-02 -0.500000000    
          23          17  0.138538152       7.37187341E-02 -0.500000000    
          23          18   6.49326518E-02   7.37459511E-02 -0.500000000    
          23          19  0.123829082       5.22193052E-02 -0.500000000    
          23          20  0.230327517       1.57973003E-02 -0.500000000    
          23          21  0.239929423      -1.26368552E-02 -0.500000000    
          23          22   3.95361222E-02  -2.88741831E-02 -0.500000000    
          23          23  -4.07666527E-02  -1.98389888E-02 -0.500000000    
          23          24  -8.73064771E-02  -2.47252416E-02 -0.500000000    
          23          25  -9.81973633E-02  -3.09471991E-02 -0.500000000    
          23          26  -8.84103030E-02  -2.01565772E-02 -0.500000000    
          23          27   2.14803033E-02  -1.25471959E-02 -0.500000000    
          23          28  0.134392530      -1.89985912E-02 -0.500000000    
          23          29  0.129832447      -1.90594066E-02 -0.500000000    
          23          30  -6.42459765E-02  -6.95707463E-03 -0.500000000    
          23          31 -0.160229966      -2.19441298E-03 -0.500000000    
          23          32 -0.159596086      -3.76037485E-03 -0.500000000    
          23          33  -6.17864989E-02  -4.81320592E-03 -0.500000000    
          24           1  -8.25686678E-02  -3.31646800E-02 -0.500000000    
          24           2 -0.161737993      -3.73805910E-02 -0.500000000    
          24           3 -0.205683023      -4.37041707E-02 -0.500000000    
          24           4  -9.90019739E-02  -5.34790978E-02 -0.500000000    
          24           5   6.12738244E-02  -6.14324883E-02 -0.500000000    
          24           6   8.15084279E-02  -5.32292128E-02 -0.500000000    
          24           7  0.137986377      -3.72149572E-02 -0.500000000    
          24           8  0.179617390      -2.15058383E-02 -0.500000000    
          24           9   1.77656114E-03  -6.12095697E-03 -0.500000000    
          24          10  -3.49701159E-02  -1.05333291E-02 -0.500000000    
          24          11  -5.58467656E-02  -2.25768182E-02 -0.500000000    
          24          12  0.118760787      -3.12339049E-02 -0.500000000    
          24          13  0.215268955      -1.57148074E-02 -0.500000000    
          24          14  0.174373478       1.23861320E-02 -0.500000000    
          24          15   2.37611905E-02   3.64711508E-02 -0.500000000    
          24          16  -6.21184520E-03   5.51835820E-02 -0.500000000    
          24          17   2.89602745E-02   6.48307726E-02 -0.500000000    
          24          18  -1.75865646E-02   6.01989590E-02 -0.500000000    
          24          19   1.39824152E-02   4.03569341E-02 -0.500000000    
          24          20  0.164331660       8.61582719E-03 -0.500000000    
          24          21  0.202322319      -2.53420100E-02 -0.500000000    
          24          22   7.92690888E-02  -3.90562713E-02 -0.500000000    
          24          23  -8.73030052E-02  -2.47258712E-02 -0.500000000    
          24          24  -9.97859612E-02  -6.80793915E-03 -0.500000000    
          24          25 -0.120978147       6.20283000E-03 -0.500000000    
          24          26   4.33620475E-02  -3.82968341E-04 -0.500000000    
          24          27   6.30340353E-02  -1.79382097E-02 -0.500000000    
          24          28   3.00226919E-02  -3.71008776E-02 -0.500000000    
          24          29   8.41058046E-02  -4.78205681E-02 -0.500000000    
          24          30   5.26077449E-02  -4.34437431E-02 -0.500000000    
          24          31  -3.45450826E-02  -3.77631187E-02 -0.500000000    
          24          32  -2.47577056E-02  -3.44173759E-02 -0.500000000    
          24          33   2.62789410E-02  -3.15586068E-02 -0.500000000    
          25           1  0.128150687      -7.31360093E-02 -0.500000000    
          25           2   8.79251361E-02  -6.86110333E-02 -0.500000000    
          25           3   8.72354731E-02  -5.84966950E-02 -0.500000000    
          25           4  0.103183798      -4.56490964E-02 -0.500000000    
          25           5   9.60724279E-02  -3.81869152E-02 -0.500000000    
          25           6  0.112858884      -2.97263544E-02 -0.500000000    
          25           7  0.207363561      -2.06763558E-02 -0.500000000    
          25           8  0.302082747      -1.95241384E-02 -0.500000000    
          25           9  0.328929663      -1.36450268E-02 -0.500000000    
          25          10   6.29988313E-03  -4.20095911E-03 -0.500000000    
          25          11  -3.05469166E-02  -3.48302126E-02 -0.500000000    
          25          12  0.156456083      -2.49664057E-02 -0.500000000    
          25          13  0.175354376      -3.27177858E-03 -0.500000000    
          25          14  0.211587042       2.37896163E-02 -0.500000000    
          25          15  0.140060350       3.47896442E-02 -0.500000000    
          25          16   2.62160264E-02   4.94279750E-02 -0.500000000    
          25          17  -2.25180704E-02   5.82649522E-02 -0.500000000    
          25          18  -1.35173239E-02   5.29507585E-02 -0.500000000    
          25          19  0.116976507       3.65997106E-02 -0.500000000    
          25          20  0.216341287       1.99027229E-02 -0.500000000    
          25          21  0.170288116      -1.14124110E-02 -0.500000000    
          25          22  0.124253258      -2.88316961E-02 -0.500000000    
          25          23  -9.81918499E-02  -3.09482031E-02 -0.500000000    
          25          24 -0.120977722       6.20268611E-03 -0.500000000    
          25          25  0.147095665       3.29377223E-03 -0.500000000    
          25          26  0.112782277       3.41554685E-03 -0.500000000    
          25          27   7.75431916E-02  -5.26744581E-04 -0.500000000    
          25          28   4.04215194E-02  -1.70710348E-02 -0.500000000    
          25          29   5.14207780E-02  -3.10573298E-02 -0.500000000    
          25          30  0.112799875      -4.04150859E-02 -0.500000000    
          25          31  0.124978907      -5.06262369E-02 -0.500000000    
          25          32   9.81051624E-02  -5.67521863E-02 -0.500000000    
          25          33   8.31045806E-02  -5.82934693E-02 -0.500000000    
          26           1  0.169283748      -8.24875310E-02 -0.500000000    
          26           2  0.140184715      -7.13394210E-02 -0.500000000    
          26           3  0.129164398      -5.52455522E-02 -0.500000000    
          26           4  0.132980034      -4.00454998E-02 -0.500000000    
          26           5  0.118645832      -3.52013037E-02 -0.500000000    
          26           6  0.108954102      -3.40670832E-02 -0.500000000    
          26           7  0.163492814      -2.93669086E-02 -0.500000000    
          26           8  0.267254531      -2.74302885E-02 -0.500000000    
          26           9  0.316667527      -1.25956237E-02 -0.500000000    
          26          10  0.150704071      -9.61018633E-03 -0.500000000    
          26          11   1.44750224E-02  -2.73733009E-02 -0.500000000    
          26          12   8.46503675E-02  -1.92497987E-02 -0.500000000    
          26          13  0.118744649       1.30358962E-02 -0.500000000    
          26          14  0.292475939       3.14831920E-02 -0.500000000    
          26          15  0.201127753       4.20289524E-02 -0.500000000    
          26          16   5.01121208E-02   5.05642109E-02 -0.500000000    
          26          17  -2.21561268E-02   5.36694862E-02 -0.500000000    
          26          18   9.43463203E-03   4.99806143E-02 -0.500000000    
          26          19  0.175942019       4.08160165E-02 -0.500000000    
          26          20  0.309786946       2.82002706E-02 -0.500000000    
          26          21  0.108759113       8.53491295E-03 -0.500000000    
          26          22   3.75584103E-02  -1.76331345E-02 -0.500000000    
          26          23  -8.84164721E-02  -2.01578476E-02 -0.500000000    
          26          24   4.33660410E-02  -3.84789775E-04 -0.500000000    
          26          25  0.112784289       3.41436290E-03 -0.500000000    
          26          26   8.01128522E-02  -7.38063082E-03 -0.500000000    
          26          27   3.59571241E-02  -1.18426457E-02 -0.500000000    
          26          28   2.87151523E-02  -2.14709528E-02 -0.500000000    
          26          29   5.01119681E-02  -2.71369666E-02 -0.500000000    
          26          30   9.22583193E-02  -3.47005539E-02 -0.500000000    
          26          31  0.116147175      -4.92917001E-02 -0.500000000    
          26          32  0.123873957      -6.31571785E-02 -0.500000000    
          26          33  0.130248025      -7.08933249E-02 -0.500000000    
          27           1   8.72061923E-02  -8.30237940E-02 -0.500000000    
          27           2   6.38019145E-02  -7.62199238E-02 -0.500000000    
          27           3   8.05698484E-02  -6.86104745E-02 -0.500000000    
          27           4  0.129060254      -6.32065013E-02 -0.500000000    
          27           5  0.158591226      -6.34291247E-02 -0.500000000    
          27           6  0.153343439      -5.89206964E-02 -0.500000000    
          27           7  0.140860647      -4.04040143E-02 -0.500000000    
          27           8  0.152482793      -2.09937710E-02 -0.500000000    
          27           9  0.197327793      -6.32531429E-03 -0.500000000    
          27          10  0.159392834      -2.30499562E-02 -0.500000000    
          27          11   8.09649304E-02  -1.46136042E-02 -0.500000000    
          27          12  -3.59989377E-03  -1.38593307E-02 -0.500000000    
          27          13  0.144556969       8.87241215E-03 -0.500000000    
          27          14  0.240245670       2.87779197E-02 -0.500000000    
          27          15  0.142414048       3.84669378E-02 -0.500000000    
          27          16   1.41554559E-02   4.56212610E-02 -0.500000000    
          27          17  -4.46438976E-02   4.58814502E-02 -0.500000000    
          27          18  -1.58190913E-02   4.24007773E-02 -0.500000000    
          27          19  0.136836812       3.59157026E-02 -0.500000000    
          27          20  0.273157775       2.72079054E-02 -0.500000000    
          27          21  0.127418414       8.47029686E-03 -0.500000000    
          27          22  -5.60907647E-02  -7.67916022E-03 -0.500000000    
          27          23   2.14734115E-02  -1.25497375E-02 -0.500000000    
          27          24   6.30348027E-02  -1.79407485E-02 -0.500000000    
          27          25   7.75484815E-02  -5.28880511E-04 -0.500000000    
          27          26   3.59593630E-02  -1.18440529E-02 -0.500000000    
          27          27   5.48801161E-02  -3.00045945E-02 -0.500000000    
          27          28   8.42518136E-02  -4.84411642E-02 -0.500000000    
          27          29  0.102219224      -5.56493886E-02 -0.500000000    
          27          30   9.39057693E-02  -5.85325137E-02 -0.500000000    
          27          31   7.38827214E-02  -6.40794933E-02 -0.500000000    
          27          32   7.72575140E-02  -7.00727552E-02 -0.500000000    
          27          33   9.89526808E-02  -7.42073879E-02 -0.500000000    
          28           1  0.113389976      -9.06104743E-02 -0.500000000    
          28           2   7.78139532E-02  -8.71757418E-02 -0.500000000    
          28           3   6.81495517E-02  -8.48209858E-02 -0.500000000    
          28           4   9.79365036E-02  -8.38317722E-02 -0.500000000    
          28           5  0.138517112      -8.47830027E-02 -0.500000000    
          28           6  0.158807680      -7.95767605E-02 -0.500000000    
          28           7  0.139902115      -5.30821607E-02 -0.500000000    
          28           8   9.28597301E-02  -2.16228310E-02 -0.500000000    
          28           9  0.109855808      -1.51403425E-02 -0.500000000    
          28          10   9.86738726E-02  -3.50646265E-02 -0.500000000    
          28          11  0.175854683      -1.53332725E-02 -0.500000000    
          28          12   4.14854363E-02  -1.15926275E-02 -0.500000000    
          28          13  0.196282968      -1.04922615E-02 -0.500000000    
          28          14  0.218997225       7.78771145E-03 -0.500000000    
          28          15  0.115364403       2.00668145E-02 -0.500000000    
          28          16   1.97222196E-02   2.79034376E-02 -0.500000000    
          28          17  -7.11163552E-03   3.02247684E-02 -0.500000000    
          28          18   6.53147791E-03   2.49159392E-02 -0.500000000    
          28          19  0.128818035       1.80059262E-02 -0.500000000    
          28          20  0.264109462       8.48025735E-03 -0.500000000    
          28          21  0.190078259      -6.64272718E-03 -0.500000000    
          28          22   5.02800103E-03  -3.90738109E-03 -0.500000000    
          28          23  0.134391338      -1.90017577E-02 -0.500000000    
          28          24   3.00254114E-02  -3.71037275E-02 -0.500000000    
          28          25   4.04283442E-02  -1.70733873E-02 -0.500000000    
          28          26   2.87209861E-02  -2.14733854E-02 -0.500000000    
          28          27   8.42540935E-02  -4.84425016E-02 -0.500000000    
          28          28  0.118646599      -7.29718804E-02 -0.500000000    
          28          29  0.110262379      -7.99989924E-02 -0.500000000    
          28          30   7.26424903E-02  -8.14228877E-02 -0.500000000    
          28          31   4.68367189E-02  -8.42531845E-02 -0.500000000    
          28          32   6.71627745E-02  -8.76017585E-02 -0.500000000    
          28          33  0.104771957      -9.04016495E-02 -0.500000000    
          29           1  0.203095689     -0.121672615     -0.500000000    
          29           2  0.126124009     -0.110981300     -0.500000000    
          29           3   6.96188584E-02  -9.91173163E-02 -0.500000000    
          29           4   7.24010766E-02  -9.02404487E-02 -0.500000000    
          29           5  0.104007363      -8.59851614E-02 -0.500000000    
          29           6  0.125533059      -8.05036426E-02 -0.500000000    
          29           7  0.125649348      -5.41808270E-02 -0.500000000    
          29           8   7.74097890E-02  -2.18524933E-02 -0.500000000    
          29           9   7.34828413E-02  -2.39709951E-02 -0.500000000    
          29          10  0.107613146      -3.80277447E-02 -0.500000000    
          29          11  0.164409772      -1.28173986E-02 -0.500000000    
          29          12  -3.57050588E-03  -7.40537047E-03 -0.500000000    
          29          13  0.107859455      -2.45547853E-02 -0.500000000    
          29          14  0.153266177      -1.58219561E-02 -0.500000000    
          29          15  0.142398506      -3.09093879E-03 -0.500000000    
          29          16  0.146940798       4.14559571E-03 -0.500000000    
          29          17  0.170317411       7.46002700E-03 -0.500000000    
          29          18  0.145580038       4.12148796E-03 -0.500000000    
          29          19  0.161235243      -2.81557627E-03 -0.500000000    
          29          20  0.218332231      -1.38268284E-02 -0.500000000    
          29          21  0.121153258      -1.76611394E-02 -0.500000000    
          29          22  -1.02010686E-02  -4.02431889E-03 -0.500000000    
          29          23  0.129795551      -1.90625209E-02 -0.500000000    
          29          24   8.41058269E-02  -4.78242896E-02 -0.500000000    
          29          25   5.14345691E-02  -3.10595185E-02 -0.500000000    
          29          26   5.01226634E-02  -2.71396842E-02 -0.500000000    
          29          27  0.102225088      -5.56515791E-02 -0.500000000    
          29          28  0.110261977      -7.99998194E-02 -0.500000000    
          29          29   8.83294046E-02  -8.61876085E-02 -0.500000000    
          29          30   5.41640185E-02  -9.18618590E-02 -0.500000000    
          29          31   5.95973693E-02 -0.103692695     -0.500000000    
          29          32  0.132327974     -0.117602102     -0.500000000    
          29          33  0.205314428     -0.126873121     -0.500000000    
          30           1  0.385100037     -0.152541548     -0.500000000    
          30           2  0.245813355     -0.140496060     -0.500000000    
          30           3  0.109253414     -0.120918594     -0.500000000    
          30           4   5.50858229E-02 -0.100738548     -0.500000000    
          30           5   6.31932691E-02  -8.63563418E-02 -0.500000000    
          30           6   8.04221183E-02  -7.53627494E-02 -0.500000000    
          30           7   9.99444574E-02  -5.05397655E-02 -0.500000000    
          30           8   9.98623967E-02  -2.48483270E-02 -0.500000000    
          30           9  0.116510168      -2.86073443E-02 -0.500000000    
          30          10   4.64311503E-02  -2.61098295E-02 -0.500000000    
          30          11  -7.09732063E-03   2.70464644E-03 -0.500000000    
          30          12  -6.93864375E-02   2.56274943E-03 -0.500000000    
          30          13  -8.98160040E-03  -2.46142633E-02 -0.500000000    
          30          14   1.03495577E-02  -2.75492519E-02 -0.500000000    
          30          15   6.35698205E-03  -1.54084833E-02 -0.500000000    
          30          16  0.234338328      -9.09016561E-03 -0.500000000    
          30          17  0.511104107      -1.00774122E-02 -0.500000000    
          30          18  0.237099230      -7.17631169E-03 -0.500000000    
          30          19   7.47892912E-03  -1.32214446E-02 -0.500000000    
          30          20   3.68565060E-02  -2.54261978E-02 -0.500000000    
          30          21  -2.55523380E-02  -1.82612613E-02 -0.500000000    
          30          22  -8.74165371E-02  -1.17520220E-03 -0.500000000    
          30          23  -6.43082932E-02  -6.96122041E-03 -0.500000000    
          30          24   5.25477417E-02  -4.34482992E-02 -0.500000000    
          30          25  0.112801626      -4.04171236E-02 -0.500000000    
          30          26   9.22682881E-02  -3.47024575E-02 -0.500000000    
          30          27   9.39127505E-02  -5.85347004E-02 -0.500000000    
          30          28   7.26429820E-02  -8.14239159E-02 -0.500000000    
          30          29   5.41631281E-02  -9.18622836E-02 -0.500000000    
          30          30   5.49269542E-02 -0.107052349     -0.500000000    
          30          31  0.132030472     -0.129134774     -0.500000000    
          30          32  0.258688360     -0.147367269     -0.500000000    
          30          33  0.355888218     -0.156158417     -0.500000000    
          31           1  0.542020559     -0.159346208     -0.500000000    
          31           2  0.395743072     -0.155481473     -0.500000000    
          31           3  0.221626773     -0.141597688     -0.500000000    
          31           4   9.16378200E-02 -0.117474414     -0.500000000    
          31           5   4.54884060E-02  -9.28865224E-02 -0.500000000    
          31           6   4.65276279E-02  -7.33021647E-02 -0.500000000    
          31           7   7.26724491E-02  -5.24869412E-02 -0.500000000    
          31           8  0.123337299      -3.73785198E-02 -0.500000000    
          31           9  0.144651204      -3.54519896E-02 -0.500000000    
          31          10  -3.71466391E-02  -1.53975664E-02 -0.500000000    
          31          11 -0.102607496       1.18442988E-02 -0.500000000    
          31          12  -8.60076174E-02   5.47482399E-03 -0.500000000    
          31          13  -6.11701049E-02  -2.37528831E-02 -0.500000000    
          31          14  -5.81197664E-02  -3.66923437E-02 -0.500000000    
          31          15  -1.41974119E-02  -2.92600822E-02 -0.500000000    
          31          16  0.285039127      -2.28784047E-02 -0.500000000    
          31          17  0.572404027      -1.62414145E-02 -0.500000000    
          31          18  0.293926448      -2.08957270E-02 -0.500000000    
          31          19   3.69547401E-03  -2.61192862E-02 -0.500000000    
          31          20  -4.84954640E-02  -3.54199335E-02 -0.500000000    
          31          21  -7.74905533E-02  -2.19305325E-02 -0.500000000    
          31          22  -8.08112100E-02  -5.11230621E-03 -0.500000000    
          31          23 -0.160312951      -2.19931197E-03 -0.500000000    
          31          24  -3.46443392E-02  -3.77683081E-02 -0.500000000    
          31          25  0.124946401      -5.06284609E-02 -0.500000000    
          31          26  0.116146967      -4.92927246E-02 -0.500000000    
          31          27   7.38894269E-02  -6.40811324E-02 -0.500000000    
          31          28   4.68413197E-02  -8.42541382E-02 -0.500000000    
          31          29   5.96020631E-02 -0.103693120     -0.500000000    
          31          30  0.132037371     -0.129134983     -0.500000000    
          31          31  0.234503001     -0.152125582     -0.500000000    
          31          32  0.368140370     -0.164787591     -0.500000000    
          31          33  0.483443886     -0.168553531     -0.500000000    
          32           1  0.657180071     -0.148227528     -0.500000000    
          32           2  0.515639126     -0.152225330     -0.500000000    
          32           3  0.321295828     -0.148550406     -0.500000000    
          32           4  0.178685740     -0.130284145     -0.500000000    
          32           5   7.86068067E-02  -9.98955667E-02 -0.500000000    
          32           6   5.10823913E-02  -7.14563057E-02 -0.500000000    
          32           7   7.66308233E-02  -5.65547347E-02 -0.500000000    
          32           8  0.145862564      -5.15115336E-02 -0.500000000    
          32           9  0.143959403      -4.11419123E-02 -0.500000000    
          32          10  -1.10933441E-03  -1.05547896E-02 -0.500000000    
          32          11 -0.149265140       1.35962293E-02 -0.500000000    
          32          12 -0.134227619       2.50596600E-03 -0.500000000    
          32          13 -0.110021666      -2.62796581E-02 -0.500000000    
          32          14  -5.79273142E-03  -4.49544974E-02 -0.500000000    
          32          15  0.152490497      -4.49761562E-02 -0.500000000    
          32          16  0.385729671      -3.68861407E-02 -0.500000000    
          32          17  0.295577705      -2.77177617E-02 -0.500000000    
          32          18  0.375552267      -3.58744822E-02 -0.500000000    
          32          19  0.160844058      -4.28261720E-02 -0.500000000    
          32          20  -1.06461300E-02  -4.55879010E-02 -0.500000000    
          32          21 -0.106553301      -2.97644008E-02 -0.500000000    
          32          22  -9.08320621E-02  -1.29283816E-02 -0.500000000    
          32          23 -0.159749746      -3.76587571E-03 -0.500000000    
          32          24  -2.48899683E-02  -3.44224796E-02 -0.500000000    
          32          25   9.80553254E-02  -5.67546114E-02 -0.500000000    
          32          26  0.123861767      -6.31577000E-02 -0.500000000    
          32          27   7.72624165E-02  -7.00738356E-02 -0.500000000    
          32          28   6.71702921E-02  -8.76025483E-02 -0.500000000    
          32          29  0.132337406     -0.117602617     -0.500000000    
          32          30  0.258704573     -0.147367701     -0.500000000    
          32          31  0.368151277     -0.164788052     -0.500000000    
          32          32  0.541246474     -0.170052290     -0.500000000    
          32          33  0.663795054     -0.168304250     -0.500000000    
          33           1  0.731516480     -0.137100860     -0.500000000    
          33           2  0.597664535     -0.145150095     -0.500000000    
          33           3  0.374910206     -0.147867694     -0.500000000    
          33           4  0.234514177     -0.135486916     -0.500000000    
          33           5  0.112535052     -0.104077287     -0.500000000    
          33           6   6.81404918E-02  -7.00358897E-02 -0.500000000    
          33           7   9.90683436E-02  -5.91757149E-02 -0.500000000    
          33           8  0.171568021      -5.96453026E-02 -0.500000000    
          33           9  0.148108140      -4.33077477E-02 -0.500000000    
          33          10   6.88147172E-02  -7.91308936E-03 -0.500000000    
          33          11  -6.78065121E-02   1.42034823E-02 -0.500000000    
          33          12 -0.259651482       1.00995268E-04 -0.500000000    
          33          13 -0.106488355      -2.62681488E-02 -0.500000000    
          33          14  0.195587516      -4.79536094E-02 -0.500000000    
          33          15  0.371972710      -5.43983728E-02 -0.500000000    
          33          16  0.432696730      -4.46450450E-02 -0.500000000    
          33          17  0.109779082      -3.75168882E-02 -0.500000000    
          33          18  0.376904160      -4.44970466E-02 -0.500000000    
          33          19  0.358320028      -5.32603189E-02 -0.500000000    
          33          20  0.176337913      -5.03463149E-02 -0.500000000    
          33          21  -9.29735228E-02  -3.36558074E-02 -0.500000000    
          33          22 -0.200428486      -1.75193474E-02 -0.500000000    
          33          23  -6.20596111E-02  -4.81956359E-03 -0.500000000    
          33          24   2.61240806E-02  -3.15637514E-02 -0.500000000    
          33          25   8.30556899E-02  -5.82958236E-02 -0.500000000    
          33          26  0.130230680      -7.08934367E-02 -0.500000000    
          33          27   9.89546925E-02  -7.42082745E-02 -0.500000000    
          33          28  0.104780041      -9.04024690E-02 -0.500000000    
          33          29  0.205327064     -0.126873910     -0.500000000    
          33          30  0.355910361     -0.156159252     -0.500000000    
          33          31  0.483460963     -0.168554306     -0.500000000    
          33          32  0.663801193     -0.168304577     -0.500000000    
          33          33  0.771094918     -0.163178235     -0.500000000    
