           1           1  0.511433899       4.17954773E-02 -0.500000000    
           1           2  0.268363953       2.58268043E-02 -0.500000000    
           1           3  0.169760540       4.71837725E-03 -0.500000000    
           1           4  0.154260635      -8.73452518E-03 -0.500000000    
           1           5   6.49215579E-02  -1.44007076E-02 -0.500000000    
           1           6   4.65671532E-02  -9.01332707E-04 -0.500000000    
           1           7  0.138349667      -9.60720889E-03 -0.500000000    
           1           8  0.399598420      -5.14141135E-02 -0.500000000    
           1           9  0.476826012      -6.88828304E-02 -0.500000000    
           1          10  0.522118151      -7.41841793E-02 -0.500000000    
           1          11  0.532470465      -6.21808656E-02 -0.500000000    
           1          12  0.455120951      -2.67541315E-02 -0.500000000    
           1          13  0.131472185       3.86270927E-03 -0.500000000    
           1          14  0.281051785       2.83122938E-02 -0.500000000    
           1          15  0.245136797       4.92553525E-02 -0.500000000    
           1          16  0.262677163       7.30349272E-02 -0.500000000    
           1          17  0.201221675       9.66477990E-02 -0.500000000    
           1          18  0.229944617       7.38621801E-02 -0.500000000    
           1          19  0.182598054       5.73567189E-02 -0.500000000    
           1          20  0.274945527       3.50834094E-02 -0.500000000    
           1          21  0.230156332       4.97068278E-04 -0.500000000    
           1          22  0.541941464      -3.35982889E-02 -0.500000000    
           1          23  0.660491288      -6.02567829E-02 -0.500000000    
           1          24  0.646408975      -6.54963925E-02 -0.500000000    
           1          25  0.570296526      -6.01950660E-02 -0.500000000    
           1          26  0.405597776      -4.01617959E-02 -0.500000000    
           1          27   9.82959643E-02   2.29166308E-03 -0.500000000    
           1          28  -4.86570634E-02  -4.00628662E-03 -0.500000000    
           1          29  -5.58306789E-03  -1.33129470E-02 -0.500000000    
           1          30   9.62331295E-02  -1.85740902E-03 -0.500000000    
           1          31  0.124757729       1.24408668E-02 -0.500000000    
           1          32  0.183640063       3.06984801E-02 -0.500000000    
           1          33  0.258617193       4.06207964E-02 -0.500000000    
           2           1  0.268336415       2.58270148E-02 -0.500000000    
           2           2  0.167126939       1.55955618E-02 -0.500000000    
           2           3  0.119873911       7.72419968E-04 -0.500000000    
           2           4  0.110664263      -1.46689834E-02 -0.500000000    
           2           5   3.23757604E-02  -2.89503578E-02 -0.500000000    
           2           6   2.88899019E-02  -2.01424547E-02 -0.500000000    
           2           7  0.121692047      -2.58910805E-02 -0.500000000    
           2           8  0.214975178      -5.84499314E-02 -0.500000000    
           2           9  0.320596099      -7.11295083E-02 -0.500000000    
           2          10  0.381988823      -7.47426450E-02 -0.500000000    
           2          11  0.423344314      -6.14500791E-02 -0.500000000    
           2          12  0.393068433      -2.53819749E-02 -0.500000000    
           2          13   1.52410371E-02   7.74370832E-03 -0.500000000    
           2          14  0.171648726       2.69593447E-02 -0.500000000    
           2          15  0.212938055       4.53719273E-02 -0.500000000    
           2          16  0.268158793       6.56981617E-02 -0.500000000    
           2          17  0.224510714       8.55725184E-02 -0.500000000    
           2          18  0.272933185       6.21503741E-02 -0.500000000    
           2          19  0.206365660       4.83112261E-02 -0.500000000    
           2          20  0.220097035       2.95726992E-02 -0.500000000    
           2          21  0.136797428       1.60880433E-03 -0.500000000    
           2          22  0.539891183      -3.15565355E-02 -0.500000000    
           2          23  0.588703454      -5.94255291E-02 -0.500000000    
           2          24  0.548330188      -6.77863806E-02 -0.500000000    
           2          25  0.431924492      -6.42973185E-02 -0.500000000    
           2          26  0.242359519      -4.99004126E-02 -0.500000000    
           2          27  0.106977753      -1.53714670E-02 -0.500000000    
           2          28  -3.41437943E-02  -2.17448175E-02 -0.500000000    
           2          29  -1.41126122E-02  -2.58412194E-02 -0.500000000    
           2          30   5.85308708E-02  -6.87967520E-03 -0.500000000    
           2          31   5.90447895E-02   8.96473695E-03 -0.500000000    
           2          32   7.19803944E-02   2.19424125E-02 -0.500000000    
           2          33   8.96744356E-02   2.85477750E-02 -0.500000000    
           3           1  0.169722825       4.72044852E-03 -0.500000000    
           3           2  0.119851053       7.73517415E-04 -0.500000000    
           3           3   8.53725225E-02  -6.30564697E-04 -0.500000000    
           3           4   6.83383048E-02  -1.01692118E-02 -0.500000000    
           3           5  -3.84917296E-03  -3.26904953E-02 -0.500000000    
           3           6   5.76921226E-03  -3.20487469E-02 -0.500000000    
           3           7  0.147659659      -3.10076699E-02 -0.500000000    
           3           8  0.111150526      -5.70217147E-02 -0.500000000    
           3           9  0.128545061      -6.61183968E-02 -0.500000000    
           3          10  0.196599573      -6.87308013E-02 -0.500000000    
           3          11  0.259102345      -5.71651012E-02 -0.500000000    
           3          12  0.279689521      -2.55564805E-02 -0.500000000    
           3          13   3.58307920E-03   7.27787521E-03 -0.500000000    
           3          14   4.20050547E-02   1.75849888E-02 -0.500000000    
           3          15  0.164827034       2.96268780E-02 -0.500000000    
           3          16  0.295916677       4.58400548E-02 -0.500000000    
           3          17  0.286575735       5.93920052E-02 -0.500000000    
           3          18  0.347314566       3.77116986E-02 -0.500000000    
           3          19  0.220979184       2.67343670E-02 -0.500000000    
           3          20  0.139426380       1.40564181E-02 -0.500000000    
           3          21  0.130333900      -4.61077085E-04 -0.500000000    
           3          22  0.446924269      -2.92315092E-02 -0.500000000    
           3          23  0.417787731      -5.42169958E-02 -0.500000000    
           3          24  0.348662704      -6.28206879E-02 -0.500000000    
           3          25  0.230259687      -5.84744029E-02 -0.500000000    
           3          26  0.161763251      -4.92845625E-02 -0.500000000    
           3          27  0.156022698      -2.12906785E-02 -0.500000000    
           3          28  -1.40705425E-02  -3.17789242E-02 -0.500000000    
           3          29  -1.09757669E-02  -2.81076375E-02 -0.500000000    
           3          30   4.07022983E-02  -3.49205569E-03 -0.500000000    
           3          31   4.39374596E-02   6.61308691E-03 -0.500000000    
           3          32   6.43172786E-02   9.43240151E-03 -0.500000000    
           3          33   8.53799731E-02   1.37220901E-02 -0.500000000    
           4           1  0.154248059      -8.72843340E-03 -0.500000000    
           4           2  0.110650346      -1.46643613E-02 -0.500000000    
           4           3   6.83259666E-02  -1.01665016E-02 -0.500000000    
           4           4   3.58360000E-02  -1.38063291E-02 -0.500000000    
           4           5  -1.72675904E-02  -4.05794717E-02 -0.500000000    
           4           6   4.64595621E-03  -4.71693613E-02 -0.500000000    
           4           7  0.200157389      -3.10883224E-02 -0.500000000    
           4           8  0.131161854      -5.38130328E-02 -0.500000000    
           4           9   7.80639946E-02  -6.65944889E-02 -0.500000000    
           4          10   3.73384058E-02  -6.87900037E-02 -0.500000000    
           4          11  0.117785111      -5.88264167E-02 -0.500000000    
           4          12  0.190716282      -3.46732587E-02 -0.500000000    
           4          13   9.89067778E-02  -6.92732353E-03 -0.500000000    
           4          14  -3.38690430E-02  -1.77271641E-03 -0.500000000    
           4          15  0.130526036       2.51649995E-03 -0.500000000    
           4          16  0.288019747       1.58851724E-02 -0.500000000    
           4          17  0.301311582       2.15807837E-02 -0.500000000    
           4          18  0.361624956       5.79544809E-03 -0.500000000    
           4          19  0.198692903      -5.14967134E-03 -0.500000000    
           4          20   5.42997718E-02  -1.10723879E-02 -0.500000000    
           4          21  0.197350577      -1.46572366E-02 -0.500000000    
           4          22  0.300163716      -3.61662321E-02 -0.500000000    
           4          23  0.207456604      -5.55568412E-02 -0.500000000    
           4          24  0.126309782      -6.37139529E-02 -0.500000000    
           4          25  0.166396007      -5.78234643E-02 -0.500000000    
           4          26  0.175308481      -4.55525070E-02 -0.500000000    
           4          27  0.204227492      -2.29560267E-02 -0.500000000    
           4          28   2.97013577E-03  -4.46259603E-02 -0.500000000    
           4          29  -2.51678750E-03  -3.36017795E-02 -0.500000000    
           4          30   1.95659865E-02  -8.13947432E-03 -0.500000000    
           4          31   3.14799175E-02  -5.24866348E-03 -0.500000000    
           4          32   5.80809638E-02  -9.01476573E-03 -0.500000000    
           4          33   7.86709562E-02  -4.44283104E-03 -0.500000000    
           5           1   6.49594441E-02  -1.43923545E-02 -0.500000000    
           5           2   3.24071571E-02  -2.89424099E-02 -0.500000000    
           5           3  -3.82887502E-03  -3.26836593E-02 -0.500000000    
           5           4  -1.72529109E-02  -4.05751206E-02 -0.500000000    
           5           5   2.14252062E-02  -6.80703521E-02 -0.500000000    
           5           6   5.02141044E-02  -7.75500089E-02 -0.500000000    
           5           7  0.216655865      -3.88818495E-02 -0.500000000    
           5           8  0.168633699      -4.79095280E-02 -0.500000000    
           5           9  0.115679659      -6.24097474E-02 -0.500000000    
           5          10  -2.45826636E-02  -6.95541427E-02 -0.500000000    
           5          11   3.63607779E-02  -6.33290708E-02 -0.500000000    
           5          12  0.130862385      -4.76216376E-02 -0.500000000    
           5          13  0.132145181      -3.26494016E-02 -0.500000000    
           5          14  -1.18053309E-03  -2.74796430E-02 -0.500000000    
           5          15   5.95325753E-02  -2.71912683E-02 -0.500000000    
           5          16  0.177287474      -1.53894126E-02 -0.500000000    
           5          17  0.181180358      -1.87362395E-02 -0.500000000    
           5          18  0.232918456      -2.43819635E-02 -0.500000000    
           5          19   9.88996550E-02  -3.78251858E-02 -0.500000000    
           5          20   2.85471790E-02  -3.84984836E-02 -0.500000000    
           5          21  0.192256242      -3.90552469E-02 -0.500000000    
           5          22  0.190932021      -4.88595068E-02 -0.500000000    
           5          23   9.96751785E-02  -6.19561411E-02 -0.500000000    
           5          24   4.68297899E-02  -6.78096637E-02 -0.500000000    
           5          25  0.177195728      -5.72294854E-02 -0.500000000    
           5          26  0.185498551      -4.28974964E-02 -0.500000000    
           5          27  0.200748935      -3.67807001E-02 -0.500000000    
           5          28   4.30276319E-02  -7.50189722E-02 -0.500000000    
           5          29   1.72257032E-02  -5.85635826E-02 -0.500000000    
           5          30  -1.84577834E-02  -3.11949495E-02 -0.500000000    
           5          31  -1.64511260E-02  -2.41262577E-02 -0.500000000    
           5          32   7.70897022E-05  -2.19592564E-02 -0.500000000    
           5          33   1.11773191E-02  -1.22636529E-02 -0.500000000    
           6           1   4.66067493E-02  -8.97216611E-04 -0.500000000    
           6           2   2.89213397E-02  -2.01366730E-02 -0.500000000    
           6           3   5.78048313E-03  -3.20413001E-02 -0.500000000    
           6           4   4.64103417E-03  -4.71621379E-02 -0.500000000    
           6           5   5.02184033E-02  -7.75454566E-02 -0.500000000    
           6           6   5.48797995E-02 -0.103917748     -0.500000000    
           6           7  0.128076375      -7.09131062E-02 -0.500000000    
           6           8  0.127839297      -6.07479885E-02 -0.500000000    
           6           9   8.88835490E-02  -6.40379861E-02 -0.500000000    
           6          10  -7.56510794E-02  -6.52643442E-02 -0.500000000    
           6          11   2.21015904E-02  -5.80517910E-02 -0.500000000    
           6          12  0.141258672      -5.17426953E-02 -0.500000000    
           6          13  0.173920423      -5.46631627E-02 -0.500000000    
           6          14  0.113612175      -5.45847379E-02 -0.500000000    
           6          15   5.62332422E-02  -4.93383668E-02 -0.500000000    
           6          16  0.123570234      -3.85499857E-02 -0.500000000    
           6          17  0.127068043      -4.76315990E-02 -0.500000000    
           6          18  0.165581211      -4.39591929E-02 -0.500000000    
           6          19   5.24865314E-02  -6.15156479E-02 -0.500000000    
           6          20  0.123470694      -6.38247281E-02 -0.500000000    
           6          21  0.196146578      -6.02537654E-02 -0.500000000    
           6          22  0.172151238      -5.42970002E-02 -0.500000000    
           6          23   5.76439388E-02  -6.02617636E-02 -0.500000000    
           6          24  -4.63970751E-02  -6.96322769E-02 -0.500000000    
           6          25   8.39590579E-02  -6.72714189E-02 -0.500000000    
           6          26   8.96814615E-02  -6.27348199E-02 -0.500000000    
           6          27   8.35086182E-02  -7.48533085E-02 -0.500000000    
           6          28   3.61672938E-02 -0.100187309     -0.500000000    
           6          29   3.68194282E-03  -6.73877150E-02 -0.500000000    
           6          30  -6.11182265E-02  -3.48002724E-02 -0.500000000    
           6          31  -6.37490004E-02  -2.15577502E-02 -0.500000000    
           6          32  -5.80445118E-02  -1.54196406E-02 -0.500000000    
           6          33  -6.38676137E-02  -5.28485328E-03 -0.500000000    
           7           1  0.138370275      -9.60521027E-03 -0.500000000    
           7           2  0.121708319      -2.58862376E-02 -0.500000000    
           7           3  0.147658721      -3.10003962E-02 -0.500000000    
           7           4  0.200142205      -3.10808010E-02 -0.500000000    
           7           5  0.216640770      -3.88759412E-02 -0.500000000    
           7           6  0.128063813      -7.09101930E-02 -0.500000000    
           7           7  0.135656387      -7.67726302E-02 -0.500000000    
           7           8  0.131206498      -7.00411126E-02 -0.500000000    
           7           9  0.137700677      -7.44496062E-02 -0.500000000    
           7          10  -4.35330383E-02  -7.43987337E-02 -0.500000000    
           7          11   4.21441421E-02  -5.70077226E-02 -0.500000000    
           7          12  0.182393163      -4.99783941E-02 -0.500000000    
           7          13  0.256460398      -6.19229414E-02 -0.500000000    
           7          14  0.223885819      -7.14930221E-02 -0.500000000    
           7          15  0.194800824      -5.95906489E-02 -0.500000000    
           7          16   8.67786407E-02  -5.19851223E-02 -0.500000000    
           7          17  0.105417378      -5.65391742E-02 -0.500000000    
           7          18  0.102785550      -5.28945364E-02 -0.500000000    
           7          19  0.187595382      -6.95936680E-02 -0.500000000    
           7          20  0.222962335      -7.72805288E-02 -0.500000000    
           7          21  0.277587920      -6.61552176E-02 -0.500000000    
           7          22  0.202307999      -5.25327101E-02 -0.500000000    
           7          23   3.33011374E-02  -6.13108911E-02 -0.500000000    
           7          24  -7.96185583E-02  -8.43842328E-02 -0.500000000    
           7          25   4.33460809E-02  -8.78047943E-02 -0.500000000    
           7          26   2.50710808E-02  -8.20134357E-02 -0.500000000    
           7          27   4.41880636E-02  -8.68626982E-02 -0.500000000    
           7          28   1.32102948E-02  -7.17737600E-02 -0.500000000    
           7          29  0.103128552      -3.17970067E-02 -0.500000000    
           7          30  0.107857682      -1.52702434E-02 -0.500000000    
           7          31   7.45872781E-02  -1.10392710E-02 -0.500000000    
           7          32   5.31901531E-02  -8.40961561E-03 -0.500000000    
           7          33   5.65023683E-02  -6.95202150E-04 -0.500000000    
           8           1  0.399594665      -5.14072813E-02 -0.500000000    
           8           2  0.214975268      -5.84420599E-02 -0.500000000    
           8           3  0.111156724      -5.70122972E-02 -0.500000000    
           8           4  0.131166488      -5.38032986E-02 -0.500000000    
           8           5  0.168640316      -4.79012504E-02 -0.500000000    
           8           6  0.127846569      -6.07423708E-02 -0.500000000    
           8           7  0.131176621      -7.00403303E-02 -0.500000000    
           8           8   7.18080625E-03  -7.21520633E-02 -0.500000000    
           8           9   3.01674288E-02  -6.68139011E-02 -0.500000000    
           8          10  -1.17465686E-02  -6.89454228E-02 -0.500000000    
           8          11   1.31805306E-02  -6.37820140E-02 -0.500000000    
           8          12  0.141409844      -6.64730668E-02 -0.500000000    
           8          13  0.207386196      -7.29030892E-02 -0.500000000    
           8          14  0.247532502      -7.89846629E-02 -0.500000000    
           8          15  0.164145663      -6.30587041E-02 -0.500000000    
           8          16  -3.20796389E-03  -5.74759357E-02 -0.500000000    
           8          17  -9.83617231E-02  -5.07343598E-02 -0.500000000    
           8          18  -1.31548140E-02  -5.50463758E-02 -0.500000000    
           8          19  0.144742474      -6.55933693E-02 -0.500000000    
           8          20  0.227595925      -8.17441493E-02 -0.500000000    
           8          21  0.214993849      -7.36700296E-02 -0.500000000    
           8          22  0.130696476      -6.70478269E-02 -0.500000000    
           8          23  -2.78051235E-02  -6.89883605E-02 -0.500000000    
           8          24  -4.09286842E-02  -8.13062266E-02 -0.500000000    
           8          25  -3.96459103E-02  -8.52941796E-02 -0.500000000    
           8          26  -4.44319472E-02  -8.87801424E-02 -0.500000000    
           8          27  -1.75585896E-02  -8.38911384E-02 -0.500000000    
           8          28   4.84004542E-02  -6.04255684E-02 -0.500000000    
           8          29  0.119430058      -3.86614688E-02 -0.500000000    
           8          30   9.96493325E-02  -3.64161953E-02 -0.500000000    
           8          31   9.33246464E-02  -3.69735733E-02 -0.500000000    
           8          32  0.193815544      -3.97897586E-02 -0.500000000    
           8          33  0.347468764      -3.79262604E-02 -0.500000000    
           9           1  0.476882070      -6.88712150E-02 -0.500000000    
           9           2  0.320625842      -7.11171627E-02 -0.500000000    
           9           3  0.128551945      -6.61070645E-02 -0.500000000    
           9           4   7.80726373E-02  -6.65848926E-02 -0.500000000    
           9           5  0.115694582      -6.24016114E-02 -0.500000000    
           9           6   8.89042169E-02  -6.40319213E-02 -0.500000000    
           9           7  0.137703568      -7.44457319E-02 -0.500000000    
           9           8   3.01136114E-02  -6.68147281E-02 -0.500000000    
           9           9 -0.142176718      -5.25077432E-02 -0.500000000    
           9          10 -0.199037492      -4.70937490E-02 -0.500000000    
           9          11 -0.220107332      -5.67187071E-02 -0.500000000    
           9          12  -5.60969487E-03  -7.55026489E-02 -0.500000000    
           9          13  0.100733005      -8.80240351E-02 -0.500000000    
           9          14  0.136391193      -8.05680454E-02 -0.500000000    
           9          15   5.67484088E-02  -7.05890357E-02 -0.500000000    
           9          16  -1.55381681E-02  -5.57919927E-02 -0.500000000    
           9          17  -7.82904923E-02  -3.77201065E-02 -0.500000000    
           9          18  -2.03244071E-02  -4.99010645E-02 -0.500000000    
           9          19   5.04599698E-02  -6.44958094E-02 -0.500000000    
           9          20  0.157453895      -7.95427114E-02 -0.500000000    
           9          21  0.124983780      -8.32663253E-02 -0.500000000    
           9          22   5.19573167E-02  -7.11719543E-02 -0.500000000    
           9          23 -0.126206264      -5.60848378E-02 -0.500000000    
           9          24 -0.113443352      -5.49263619E-02 -0.500000000    
           9          25 -0.148030952      -7.10291043E-02 -0.500000000    
           9          26  -2.89404113E-02  -8.60895813E-02 -0.500000000    
           9          27   2.56467052E-02  -8.56298134E-02 -0.500000000    
           9          28   3.64161246E-02  -6.26768991E-02 -0.500000000    
           9          29   8.39750916E-02  -5.19979298E-02 -0.500000000    
           9          30   7.37942085E-02  -4.87873331E-02 -0.500000000    
           9          31  0.154907748      -4.46266010E-02 -0.500000000    
           9          32  0.381305873      -4.70486507E-02 -0.500000000    
           9          33  0.538853526      -4.76605035E-02 -0.500000000    
          10           1  0.522191703      -7.41729736E-02 -0.500000000    
          10           2  0.382037520      -7.47309402E-02 -0.500000000    
          10           3  0.196620181      -6.87194094E-02 -0.500000000    
          10           4   3.73458266E-02  -6.87813237E-02 -0.500000000    
          10           5  -2.45742388E-02  -6.95483312E-02 -0.500000000    
          10           6  -7.56321102E-02  -6.52605444E-02 -0.500000000    
          10           7  -4.35114875E-02  -7.43957534E-02 -0.500000000    
          10           8  -1.17827188E-02  -6.89444095E-02 -0.500000000    
          10           9 -0.199039161      -4.70940135E-02 -0.500000000    
          10          10 -0.210640937      -1.99188981E-02 -0.500000000    
          10          11 -0.186795786      -4.09300961E-02 -0.500000000    
          10          12  -4.54555154E-02  -6.76040426E-02 -0.500000000    
          10          13  0.131687552      -8.12068656E-02 -0.500000000    
          10          14   9.71750170E-02  -7.80702084E-02 -0.500000000    
          10          15   4.71307002E-02  -8.10268596E-02 -0.500000000    
          10          16   2.53665284E-03  -5.87212294E-02 -0.500000000    
          10          17  -4.43177894E-02  -4.07986939E-02 -0.500000000    
          10          18  -1.23003684E-02  -5.29244021E-02 -0.500000000    
          10          19   2.97478251E-02  -7.41171837E-02 -0.500000000    
          10          20  0.127166703      -7.07785338E-02 -0.500000000    
          10          21  0.212568060      -7.29243532E-02 -0.500000000    
          10          22   3.24917696E-02  -5.35047017E-02 -0.500000000    
          10          23 -0.101634808      -2.97948308E-02 -0.500000000    
          10          24 -0.122185402      -1.84950307E-02 -0.500000000    
          10          25 -0.101324372      -5.23738004E-02 -0.500000000    
          10          26  -2.81980764E-02  -7.54240453E-02 -0.500000000    
          10          27  -5.37176915E-02  -7.58761689E-02 -0.500000000    
          10          28  -6.78360462E-02  -6.14459515E-02 -0.500000000    
          10          29  -1.39900353E-02  -5.88307269E-02 -0.500000000    
          10          30   7.14677647E-02  -5.02686538E-02 -0.500000000    
          10          31  0.278507054      -4.07959111E-02 -0.500000000    
          10          32  0.543340623      -4.11433242E-02 -0.500000000    
          10          33  0.700729191      -4.31311689E-02 -0.500000000    
          11           1  0.532578647      -6.21735267E-02 -0.500000000    
          11           2  0.423430264      -6.14427440E-02 -0.500000000    
          11           3  0.259164661      -5.71578443E-02 -0.500000000    
          11           4  0.117814951      -5.88201620E-02 -0.500000000    
          11           5   3.63719054E-02  -6.33250251E-02 -0.500000000    
          11           6   2.21102890E-02  -5.80501221E-02 -0.500000000    
          11           7   4.21567746E-02  -5.70071898E-02 -0.500000000    
          11           8   1.31619610E-02  -6.37821257E-02 -0.500000000    
          11           9 -0.220109761      -5.67194819E-02 -0.500000000    
          11          10 -0.186775699      -4.09301445E-02 -0.500000000    
          11          11   6.90745097E-03  -3.76710296E-02 -0.500000000    
          11          12  0.245026916      -6.48542121E-02 -0.500000000    
          11          13  0.114908800      -7.37747401E-02 -0.500000000    
          11          14  -1.35010378E-02  -8.97398591E-02 -0.500000000    
          11          15   5.68935834E-02  -8.88586938E-02 -0.500000000    
          11          16   6.29821196E-02  -7.34053701E-02 -0.500000000    
          11          17   2.38889772E-02  -6.25358522E-02 -0.500000000    
          11          18   6.70849979E-02  -7.13671595E-02 -0.500000000    
          11          19   7.08188564E-02  -8.50330889E-02 -0.500000000    
          11          20   8.50631017E-03  -7.95617327E-02 -0.500000000    
          11          21  0.137774080      -5.86305968E-02 -0.500000000    
          11          22  0.270707548      -4.49224189E-02 -0.500000000    
          11          23   5.32009564E-02  -1.71616804E-02 -0.500000000    
          11          24 -0.111374348      -2.71070730E-02 -0.500000000    
          11          25 -0.156231180      -5.11559658E-02 -0.500000000    
          11          26  -6.35303855E-02  -6.32000118E-02 -0.500000000    
          11          27   1.06417537E-02  -5.31027578E-02 -0.500000000    
          11          28   3.04435547E-02  -4.93736565E-02 -0.500000000    
          11          29   8.85577500E-02  -4.72361408E-02 -0.500000000    
          11          30  0.224727482      -3.37189548E-02 -0.500000000    
          11          31  0.419696301      -2.48356629E-02 -0.500000000    
          11          32  0.632509172      -2.73452159E-02 -0.500000000    
          11          33  0.743278563      -3.23484689E-02 -0.500000000    
          12           1  0.455271870      -2.67509073E-02 -0.500000000    
          12           2  0.393199444      -2.53789313E-02 -0.500000000    
          12           3  0.279780567      -2.55541839E-02 -0.500000000    
          12           4  0.190769196      -3.46716195E-02 -0.500000000    
          12           5  0.130894780      -4.76206504E-02 -0.500000000    
          12           6  0.141285077      -5.17430976E-02 -0.500000000    
          12           7  0.182415545      -4.99792770E-02 -0.500000000    
          12           8  0.141403481      -6.64738268E-02 -0.500000000    
          12           9  -5.62303746E-03  -7.55041912E-02 -0.500000000    
          12          10  -4.54394482E-02  -6.76050037E-02 -0.500000000    
          12          11  0.245034069      -6.48547187E-02 -0.500000000    
          12          12  0.408832520      -7.25597888E-02 -0.500000000    
          12          13  0.279109925      -9.94685292E-02 -0.500000000    
          12          14  0.132654548     -0.105540767     -0.500000000    
          12          15   1.74795128E-02 -0.101243503     -0.500000000    
          12          16   7.31721297E-02  -9.03325453E-02 -0.500000000    
          12          17  0.142758936      -7.72205219E-02 -0.500000000    
          12          18  0.104296081      -9.13600326E-02 -0.500000000    
          12          19   5.11378981E-02  -9.82427821E-02 -0.500000000    
          12          20  0.127387986      -9.27657858E-02 -0.500000000    
          12          21  0.251849353      -7.72267580E-02 -0.500000000    
          12          22  0.401583791      -4.76736277E-02 -0.500000000    
          12          23  0.283062786      -3.92992496E-02 -0.500000000    
          12          24   1.88647490E-02  -5.08948229E-02 -0.500000000    
          12          25   1.40469074E-02  -6.58683404E-02 -0.500000000    
          12          26   8.62656981E-02  -6.22918457E-02 -0.500000000    
          12          27  0.162951425      -4.47995774E-02 -0.500000000    
          12          28  0.171037346      -4.14012522E-02 -0.500000000    
          12          29  0.221383244      -2.99807321E-02 -0.500000000    
          12          30  0.316294819      -1.17582688E-02 -0.500000000    
          12          31  0.441230416       5.20403730E-04 -0.500000000    
          12          32  0.618639946       1.32477458E-03 -0.500000000    
          12          33  0.706115603      -3.82120674E-03 -0.500000000    
          13           1  0.131528050       3.86483455E-03 -0.500000000    
          13           2   1.52787920E-02   7.74511928E-03 -0.500000000    
          13           3   3.60280043E-03   7.27838231E-03 -0.500000000    
          13           4   9.89286602E-02  -6.92802807E-03 -0.500000000    
          13           5  0.132179156      -3.26513723E-02 -0.500000000    
          13           6  0.173960835      -5.46656065E-02 -0.500000000    
          13           7  0.256490171      -6.19247518E-02 -0.500000000    
          13           8  0.207377464      -7.29040727E-02 -0.500000000    
          13           9  0.100715347      -8.80260393E-02 -0.500000000    
          13          10  0.131690696      -8.12087059E-02 -0.500000000    
          13          11  0.114912875      -7.37760291E-02 -0.500000000    
          13          12  0.279113531      -9.94684026E-02 -0.500000000    
          13          13  0.444569796     -0.118856139     -0.500000000    
          13          14  0.321621776     -0.129912451     -0.500000000    
          13          15   8.68634433E-02 -0.123516731     -0.500000000    
          13          16   1.04389302E-02  -9.59255844E-02 -0.500000000    
          13          17  -1.66799058E-04  -8.01689625E-02 -0.500000000    
          13          18   2.66426317E-02  -9.21630189E-02 -0.500000000    
          13          19   7.88571686E-02 -0.116548106     -0.500000000    
          13          20  0.279201210     -0.115631744     -0.500000000    
          13          21  0.427819997      -9.73403230E-02 -0.500000000    
          13          22  0.304267108      -7.36086592E-02 -0.500000000    
          13          23  0.168641806      -5.45002222E-02 -0.500000000    
          13          24  0.204357222      -6.68052584E-02 -0.500000000    
          13          25  0.150719121      -8.03267062E-02 -0.500000000    
          13          26  0.158923328      -6.56539723E-02 -0.500000000    
          13          27  0.254167885      -5.25463857E-02 -0.500000000    
          13          28  0.237530008      -4.41605300E-02 -0.500000000    
          13          29  0.233533382      -2.03242246E-02 -0.500000000    
          13          30  0.203345433       8.60136840E-03 -0.500000000    
          13          31  0.114912868       2.85421088E-02 -0.500000000    
          13          32  0.157732964       3.28792110E-02 -0.500000000    
          13          33  0.261124462       2.77354103E-02 -0.500000000    
          14           1  0.281115919       2.83139050E-02 -0.500000000    
          14           2  0.171703592       2.69610528E-02 -0.500000000    
          14           3   4.20611724E-02   1.75869223E-02 -0.500000000    
          14           4  -3.38475294E-02  -1.77171873E-03 -0.500000000    
          14           5  -1.20266317E-03  -2.74811666E-02 -0.500000000    
          14           6  0.113624312      -5.45887239E-02 -0.500000000    
          14           7  0.223901823      -7.14960173E-02 -0.500000000    
          14           8  0.247506768      -7.89862275E-02 -0.500000000    
          14           9  0.136374071      -8.05714354E-02 -0.500000000    
          14          10   9.71774310E-02  -7.80745521E-02 -0.500000000    
          14          11  -1.35066202E-02  -8.97421315E-02 -0.500000000    
          14          12  0.132644415     -0.105540581     -0.500000000    
          14          13  0.321616739     -0.129911378     -0.500000000    
          14          14  0.355732560     -0.144100115     -0.500000000    
          14          15  0.154100448     -0.132816032     -0.500000000    
          14          16 -0.102424234     -0.106495328     -0.500000000    
          14          17 -0.115910009      -8.76616985E-02 -0.500000000    
          14          18 -0.140125662      -9.85246748E-02 -0.500000000    
          14          19  0.127511397     -0.121163093     -0.500000000    
          14          20  0.321352571     -0.128842056     -0.500000000    
          14          21  0.299056858     -0.110518344     -0.500000000    
          14          22  0.162597790      -8.80324990E-02 -0.500000000    
          14          23   6.52249828E-02  -8.06241482E-02 -0.500000000    
          14          24  0.159656689      -7.47624338E-02 -0.500000000    
          14          25  0.170623928      -7.32378140E-02 -0.500000000    
          14          26  0.222869232      -6.73142672E-02 -0.500000000    
          14          27  0.251908034      -6.20291866E-02 -0.500000000    
          14          28  0.154164746      -4.51811105E-02 -0.500000000    
          14          29   7.77334347E-03  -1.28268609E-02 -0.500000000    
          14          30  -5.78468069E-02   1.62254535E-02 -0.500000000    
          14          31   1.00333504E-02   3.56543660E-02 -0.500000000    
          14          32  0.146739602       4.24425006E-02 -0.500000000    
          14          33  0.243935212       3.90240736E-02 -0.500000000    
          15           1  0.245089933       4.92490828E-02 -0.500000000    
          15           2  0.212884694       4.53678295E-02 -0.500000000    
          15           3  0.164783657       2.96255983E-02 -0.500000000    
          15           4  0.130506232       2.51658564E-03 -0.500000000    
          15           5   5.95483109E-02  -2.71919891E-02 -0.500000000    
          15           6   5.62270097E-02  -4.93408591E-02 -0.500000000    
          15           7  0.194790810      -5.95943183E-02 -0.500000000    
          15           8  0.164111152      -6.30625188E-02 -0.500000000    
          15           9   5.67451790E-02  -7.05945119E-02 -0.500000000    
          15          10   4.71377894E-02  -8.10323879E-02 -0.500000000    
          15          11   5.68901226E-02  -8.88617337E-02 -0.500000000    
          15          12   1.74632389E-02 -0.101243831     -0.500000000    
          15          13   8.68492499E-02 -0.123514816     -0.500000000    
          15          14  0.154097721     -0.132814303     -0.500000000    
          15          15  -5.25936671E-02 -0.126767486     -0.500000000    
          15          16   5.62167168E-03 -0.116716482     -0.500000000    
          15          17   4.50265668E-02 -0.106562018     -0.500000000    
          15          18   8.12344998E-03 -0.108327575     -0.500000000    
          15          19  -4.24943492E-02 -0.113969192     -0.500000000    
          15          20  0.133569598     -0.119230904     -0.500000000    
          15          21   4.78267893E-02 -0.109525166     -0.500000000    
          15          22   1.14559811E-02  -9.27552134E-02 -0.500000000    
          15          23   6.78368732E-02  -8.63063708E-02 -0.500000000    
          15          24   7.22990632E-02  -8.35579634E-02 -0.500000000    
          15          25   8.03800374E-02  -7.37690851E-02 -0.500000000    
          15          26  0.123061083      -6.02901168E-02 -0.500000000    
          15          27  0.199421033      -5.05589508E-02 -0.500000000    
          15          28   6.79637715E-02  -3.43601666E-02 -0.500000000    
          15          29  0.106836088      -1.13209337E-02 -0.500000000    
          15          30  0.123594910       1.60134081E-02 -0.500000000    
          15          31  0.133088514       3.80465686E-02 -0.500000000    
          15          32  0.176467851       4.63042744E-02 -0.500000000    
          15          33  0.214746401       4.22992036E-02 -0.500000000    
          16           1  0.262566745       7.30225667E-02 -0.500000000    
          16           2  0.268031955       6.56887740E-02 -0.500000000    
          16           3  0.295807064       4.58338000E-02 -0.500000000    
          16           4  0.287964463       1.58807896E-02 -0.500000000    
          16           5  0.177286923      -1.53934453E-02 -0.500000000    
          16           6  0.123597153      -3.85534763E-02 -0.500000000    
          16           7   8.67745578E-02  -5.19882850E-02 -0.500000000    
          16           8  -3.23836505E-03  -5.74805513E-02 -0.500000000    
          16           9  -1.55316154E-02  -5.57976440E-02 -0.500000000    
          16          10   2.53822748E-03  -5.87253571E-02 -0.500000000    
          16          11   6.29802272E-02  -7.34077543E-02 -0.500000000    
          16          12   7.31648207E-02  -9.03332159E-02 -0.500000000    
          16          13   1.04303584E-02  -9.59243774E-02 -0.500000000    
          16          14 -0.102416083     -0.106493078     -0.500000000    
          16          15   5.63218351E-03 -0.116715088     -0.500000000    
          16          16   5.33778220E-02 -0.121467493     -0.500000000    
          16          17   2.57563516E-02 -0.122563884     -0.500000000    
          16          18   6.12356961E-02 -0.113352858     -0.500000000    
          16          19   5.64943068E-03 -0.106626078     -0.500000000    
          16          20 -0.102645077      -9.98512357E-02 -0.500000000    
          16          21  -1.03943609E-02  -9.27170515E-02 -0.500000000    
          16          22   3.85083109E-02  -8.90753046E-02 -0.500000000    
          16          23   2.47758068E-02  -7.23351613E-02 -0.500000000    
          16          24  -1.23415645E-02  -5.93671873E-02 -0.500000000    
          16          25  -4.13460331E-03  -5.98561503E-02 -0.500000000    
          16          26  -2.53486671E-02  -6.12396635E-02 -0.500000000    
          16          27   2.97251511E-02  -5.20239472E-02 -0.500000000    
          16          28  0.153330609      -3.66647020E-02 -0.500000000    
          16          29  0.197805166      -1.23943649E-02 -0.500000000    
          16          30  0.227555364       1.78676322E-02 -0.500000000    
          16          31  0.185040623       4.38538268E-02 -0.500000000    
          16          32  0.162172854       5.56411445E-02 -0.500000000    
          16          33  0.173111066       5.32880351E-02 -0.500000000    
          17           1  0.201086089       9.66318101E-02 -0.500000000    
          17           2  0.224360988       8.55588168E-02 -0.500000000    
          17           3  0.286449105       5.93807697E-02 -0.500000000    
          17           4  0.301240444       2.15712078E-02 -0.500000000    
          17           5  0.181167334      -1.87434033E-02 -0.500000000    
          17           6  0.127080128      -4.76356670E-02 -0.500000000    
          17           7  0.105419628      -5.65406792E-02 -0.500000000    
          17           8  -9.83747318E-02  -5.07380068E-02 -0.500000000    
          17           9  -7.82744437E-02  -3.77250090E-02 -0.500000000    
          17          10  -4.43119369E-02  -4.08008248E-02 -0.500000000    
          17          11   2.38915905E-02  -6.25367910E-02 -0.500000000    
          17          12  0.142765895      -7.72215202E-02 -0.500000000    
          17          13  -1.59319956E-04  -8.01686198E-02 -0.500000000    
          17          14 -0.115895391      -8.76592323E-02 -0.500000000    
          17          15   4.50466350E-02 -0.106560156     -0.500000000    
          17          16   2.57686041E-02 -0.122564048     -0.500000000    
          17          17   7.06642494E-03 -0.133870021     -0.500000000    
          17          18   4.08047661E-02 -0.116081588     -0.500000000    
          17          19   2.41548810E-02  -9.93225351E-02 -0.500000000    
          17          20 -0.122336403      -8.59441757E-02 -0.500000000    
          17          21  -1.89523213E-03  -8.38389546E-02 -0.500000000    
          17          22   8.80427584E-02  -7.90396184E-02 -0.500000000    
          17          23  -2.34995857E-02  -6.05039597E-02 -0.500000000    
          17          24  -7.77301192E-02  -3.85772437E-02 -0.500000000    
          17          25  -7.70915523E-02  -4.07309979E-02 -0.500000000    
          17          26 -0.133277968      -5.29600307E-02 -0.500000000    
          17          27   1.07677020E-02  -5.48619479E-02 -0.500000000    
          17          28  0.156386375      -5.10338992E-02 -0.500000000    
          17          29  0.204831302      -2.94523891E-02 -0.500000000    
          17          30  0.231308207       5.10916440E-03 -0.500000000    
          17          31  0.159615234       3.82851139E-02 -0.500000000    
          17          32   9.78317484E-02   5.67786247E-02 -0.500000000    
          17          33   8.53169039E-02   5.82183339E-02 -0.500000000    
          18           1  0.229809105       7.38491192E-02 -0.500000000    
          18           2  0.272790164       6.21394925E-02 -0.500000000    
          18           3  0.347200096       3.77029963E-02 -0.500000000    
          18           4  0.361566722       5.78812789E-03 -0.500000000    
          18           5  0.232906625      -2.43879966E-02 -0.500000000    
          18           6  0.165586561      -4.39636521E-02 -0.500000000    
          18           7  0.102771252      -5.28977700E-02 -0.500000000    
          18           8  -1.31573761E-02  -5.50508201E-02 -0.500000000    
          18           9  -2.03164853E-02  -4.99046594E-02 -0.500000000    
          18          10  -1.22982739E-02  -5.29254675E-02 -0.500000000    
          18          11   6.70810565E-02  -7.13670030E-02 -0.500000000    
          18          12  0.104289949      -9.13593769E-02 -0.500000000    
          18          13   2.66404804E-02  -9.21612382E-02 -0.500000000    
          18          14 -0.140113607      -9.85210240E-02 -0.500000000    
          18          15   8.13778210E-03 -0.108324930     -0.500000000    
          18          16   6.12404086E-02 -0.113352098     -0.500000000    
          18          17   4.07984890E-02 -0.116080992     -0.500000000    
          18          18   7.10605457E-02 -0.104285806     -0.500000000    
          18          19  -2.64308369E-03  -9.71235260E-02 -0.500000000    
          18          20 -0.142384604      -9.20646340E-02 -0.500000000    
          18          21   1.70447666E-03  -9.10734534E-02 -0.500000000    
          18          22   5.07989191E-02  -9.09378678E-02 -0.500000000    
          18          23   1.10619795E-02  -6.98080808E-02 -0.500000000    
          18          24  -3.97547781E-02  -5.30532636E-02 -0.500000000    
          18          25  -1.93091836E-02  -5.37456833E-02 -0.500000000    
          18          26  -2.84636635E-02  -5.90044111E-02 -0.500000000    
          18          27   5.19739687E-02  -5.28883040E-02 -0.500000000    
          18          28  0.191266984      -4.17269655E-02 -0.500000000    
          18          29  0.261420876      -2.05769930E-02 -0.500000000    
          18          30  0.300846696       9.18663014E-03 -0.500000000    
          18          31  0.219247952       3.74296308E-02 -0.500000000    
          18          32  0.144556493       5.27905598E-02 -0.500000000    
          18          33  0.120944902       5.31158298E-02 -0.500000000    
          19           1  0.182507098       5.73462397E-02 -0.500000000    
          19           2  0.206277460       4.83029783E-02 -0.500000000    
          19           3  0.220920607       2.67287493E-02 -0.500000000    
          19           4  0.198668689      -5.15392330E-03 -0.500000000    
          19           5   9.88997072E-02  -3.78297791E-02 -0.500000000    
          19           6   5.24755605E-02  -6.15202226E-02 -0.500000000    
          19           7  0.187599838      -6.95982650E-02 -0.500000000    
          19           8  0.144733548      -6.55967966E-02 -0.500000000    
          19           9   5.04616797E-02  -6.44987151E-02 -0.500000000    
          19          10   2.97531448E-02  -7.41191506E-02 -0.500000000    
          19          11   7.08142817E-02  -8.50332156E-02 -0.500000000    
          19          12   5.11200242E-02  -9.82413143E-02 -0.500000000    
          19          13   7.88425580E-02 -0.116545208     -0.500000000    
          19          14  0.127506435     -0.121159576     -0.500000000    
          19          15  -4.24971953E-02 -0.113966726     -0.500000000    
          19          16   5.64087974E-03 -0.106625125     -0.500000000    
          19          17   2.41422635E-02  -9.93225276E-02 -0.500000000    
          19          18  -2.65407143E-03  -9.71239433E-02 -0.500000000    
          19          19  -5.22881635E-02 -0.100454845     -0.500000000    
          19          20  0.103267133     -0.109059095     -0.500000000    
          19          21   4.05557826E-02 -0.105722331     -0.500000000    
          19          22   3.74522433E-02  -9.13441926E-02 -0.500000000    
          19          23   7.85324126E-02  -8.17238167E-02 -0.500000000    
          19          24   6.58616722E-02  -7.44766295E-02 -0.500000000    
          19          25   8.87887403E-02  -6.38640672E-02 -0.500000000    
          19          26  0.142690659      -5.82991019E-02 -0.500000000    
          19          27  0.247483984      -5.88494763E-02 -0.500000000    
          19          28  0.106223702      -4.87244502E-02 -0.500000000    
          19          29  0.148798034      -2.69739442E-02 -0.500000000    
          19          30  0.171404108       3.17217666E-03 -0.500000000    
          19          31  0.123610802       3.03973835E-02 -0.500000000    
          19          32   8.30067918E-02   4.40545231E-02 -0.500000000    
          19          33   6.42734617E-02   4.36176956E-02 -0.500000000    
          20           1  0.274921656       3.50782238E-02 -0.500000000    
          20           2  0.220091343       2.95696054E-02 -0.500000000    
          20           3  0.139446393       1.40554141E-02 -0.500000000    
          20           4   5.43056354E-02  -1.10735083E-02 -0.500000000    
          20           5   2.85309441E-02  -3.85023318E-02 -0.500000000    
          20           6  0.123489566      -6.38310537E-02 -0.500000000    
          20           7  0.222984090      -7.72852898E-02 -0.500000000    
          20           8  0.227591336      -8.17454308E-02 -0.500000000    
          20           9  0.157448158      -7.95437470E-02 -0.500000000    
          20          10  0.127169624      -7.07807019E-02 -0.500000000    
          20          11   8.50158092E-03  -7.95626268E-02 -0.500000000    
          20          12  0.127373040      -9.27646309E-02 -0.500000000    
          20          13  0.279189795     -0.115629867     -0.500000000    
          20          14  0.321349144     -0.128841355     -0.500000000    
          20          15  0.133571461     -0.119231097     -0.500000000    
          20          16 -0.102657475      -9.98521447E-02 -0.500000000    
          20          17 -0.122357748      -8.59456733E-02 -0.500000000    
          20          18 -0.142401889      -9.20668542E-02 -0.500000000    
          20          19  0.103270926     -0.109061196     -0.500000000    
          20          20  0.288132250     -0.116689526     -0.500000000    
          20          21  0.248719811      -9.81040895E-02 -0.500000000    
          20          22  0.147672161      -7.58071840E-02 -0.500000000    
          20          23   9.27162468E-02  -6.91441521E-02 -0.500000000    
          20          24  0.203653306      -6.40949234E-02 -0.500000000    
          20          25  0.213312328      -6.69841841E-02 -0.500000000    
          20          26  0.245665610      -6.66782111E-02 -0.500000000    
          20          27  0.294701010      -6.66274801E-02 -0.500000000    
          20          28  0.217308596      -5.39754294E-02 -0.500000000    
          20          29   9.28072780E-02  -2.36981250E-02 -0.500000000    
          20          30   2.40704119E-02   5.94166107E-03 -0.500000000    
          20          31   3.18056345E-02   2.86645219E-02 -0.500000000    
          20          32   8.41358304E-02   3.82213667E-02 -0.500000000    
          20          33  0.125824422       3.60577665E-02 -0.500000000    
          21           1  0.230215102       4.96352790E-04 -0.500000000    
          21           2  0.136875108       1.60828838E-03 -0.500000000    
          21           3  0.130416781      -4.61455842E-04 -0.500000000    
          21           4  0.197407469      -1.46586765E-02 -0.500000000    
          21           5  0.192297891      -3.90586928E-02 -0.500000000    
          21           6  0.196196228      -6.02579527E-02 -0.500000000    
          21           7  0.277627051      -6.61572963E-02 -0.500000000    
          21           8  0.214994729      -7.36707151E-02 -0.500000000    
          21           9  0.124979965      -8.32669958E-02 -0.500000000    
          21          10  0.212573931      -7.29242936E-02 -0.500000000    
          21          11  0.137774974      -5.86306117E-02 -0.500000000    
          21          12  0.251845121      -7.72257522E-02 -0.500000000    
          21          13  0.427814066      -9.73396972E-02 -0.500000000    
          21          14  0.299061745     -0.110518955     -0.500000000    
          21          15   4.78383861E-02 -0.109526441     -0.500000000    
          21          16  -1.03975236E-02  -9.27182585E-02 -0.500000000    
          21          17  -1.91236543E-03  -8.38405266E-02 -0.500000000    
          21          18   1.69643702E-03  -9.10760686E-02 -0.500000000    
          21          19   4.05665785E-02 -0.105725527     -0.500000000    
          21          20  0.248729348      -9.81054008E-02 -0.500000000    
          21          21  0.400364220      -7.54170865E-02 -0.500000000    
          21          22  0.276547760      -4.96200211E-02 -0.500000000    
          21          23  0.203698725      -3.68493944E-02 -0.500000000    
          21          24  0.294118047      -5.52390963E-02 -0.500000000    
          21          25  0.184446171      -7.09764138E-02 -0.500000000    
          21          26  0.202322572      -6.05159663E-02 -0.500000000    
          21          27  0.333780020      -5.27177602E-02 -0.500000000    
          21          28  0.307482213      -4.69460078E-02 -0.500000000    
          21          29  0.318664610      -2.40373462E-02 -0.500000000    
          21          30  0.338885427       3.54783610E-03 -0.500000000    
          21          31  0.270107418       2.18974333E-02 -0.500000000    
          21          32  0.260123551       2.54844613E-02 -0.500000000    
          21          33  0.314297110       2.09496543E-02 -0.500000000    
          22           1  0.542194307      -3.35984863E-02 -0.500000000    
          22           2  0.540113330      -3.15562300E-02 -0.500000000    
          22           3  0.447071612      -2.92304344E-02 -0.500000000    
          22           4  0.300231904      -3.61642577E-02 -0.500000000    
          22           5  0.190972596      -4.88575175E-02 -0.500000000    
          22           6  0.172191635      -5.42962141E-02 -0.500000000    
          22           7  0.202335134      -5.25327958E-02 -0.500000000    
          22           8  0.130692959      -6.70482293E-02 -0.500000000    
          22           9   5.19633144E-02  -7.11719394E-02 -0.500000000    
          22          10   3.25106308E-02  -5.35040833E-02 -0.500000000    
          22          11  0.270717502      -4.49212193E-02 -0.500000000    
          22          12  0.401587814      -4.76729348E-02 -0.500000000    
          22          13  0.304266870      -7.36084804E-02 -0.500000000    
          22          14  0.162607819      -8.80319476E-02 -0.500000000    
          22          15   1.14677530E-02  -9.27548110E-02 -0.500000000    
          22          16   3.85099314E-02  -8.90758783E-02 -0.500000000    
          22          17   8.80342647E-02  -7.90413991E-02 -0.500000000    
          22          18   5.07978536E-02  -9.09407139E-02 -0.500000000    
          22          19   3.74637209E-02  -9.13460553E-02 -0.500000000    
          22          20  0.147682741      -7.58072436E-02 -0.500000000    
          22          21  0.276549786      -4.96201254E-02 -0.500000000    
          22          22  0.421230257      -1.95324104E-02 -0.500000000    
          22          23  0.318059623      -1.57431215E-02 -0.500000000    
          22          24   8.30321461E-02  -3.19867469E-02 -0.500000000    
          22          25   9.21090320E-02  -5.56896478E-02 -0.500000000    
          22          26  0.109590292      -5.62523268E-02 -0.500000000    
          22          27  0.215971977      -4.05564457E-02 -0.500000000    
          22          28  0.227226898      -3.70185897E-02 -0.500000000    
          22          29  0.271905750      -2.37199850E-02 -0.500000000    
          22          30  0.394048989      -6.72873016E-03 -0.500000000    
          22          31  0.557798564       1.05694053E-03 -0.500000000    
          22          32  0.726865292      -2.48718960E-03 -0.500000000    
          22          33  0.793402374      -9.02954023E-03 -0.500000000    
          23           1  0.660653055      -6.02512732E-02 -0.500000000    
          23           2  0.588835239      -5.94192445E-02 -0.500000000    
          23           3  0.417867452      -5.42093590E-02 -0.500000000    
          23           4  0.207479447      -5.55482805E-02 -0.500000000    
          23           5   9.96915996E-02  -6.19494282E-02 -0.500000000    
          23           6   5.76628670E-02  -6.02580421E-02 -0.500000000    
          23           7   3.33105996E-02  -6.13090955E-02 -0.500000000    
          23           8  -2.78213732E-02  -6.89877197E-02 -0.500000000    
          23           9 -0.126186997      -5.60837239E-02 -0.500000000    
          23          10 -0.101613879      -2.97934748E-02 -0.500000000    
          23          11   5.32110520E-02  -1.71607323E-02 -0.500000000    
          23          12  0.283072621      -3.92987318E-02 -0.500000000    
          23          13  0.168645099      -5.44995964E-02 -0.500000000    
          23          14   6.52342960E-02  -8.06224644E-02 -0.500000000    
          23          15   6.78456649E-02  -8.63048956E-02 -0.500000000    
          23          16   2.47810353E-02  -7.23354891E-02 -0.500000000    
          23          17  -2.35022642E-02  -6.05064705E-02 -0.500000000    
          23          18   1.10642901E-02  -6.98109344E-02 -0.500000000    
          23          19   7.85401389E-02  -8.17245543E-02 -0.500000000    
          23          20   9.27196518E-02  -6.91429749E-02 -0.500000000    
          23          21  0.203700379      -3.68488058E-02 -0.500000000    
          23          22  0.318062723      -1.57437567E-02 -0.500000000    
          23          23  0.115296058       7.72900786E-03 -0.500000000    
          23          24  -1.55934552E-02  -9.45768971E-03 -0.500000000    
          23          25  -1.17644509E-02  -4.02616002E-02 -0.500000000    
          23          26  -4.00899984E-02  -5.78720570E-02 -0.500000000    
          23          27   3.41021121E-02  -4.71065715E-02 -0.500000000    
          23          28   8.08061510E-02  -4.16761748E-02 -0.500000000    
          23          29  0.134595126      -3.57470699E-02 -0.500000000    
          23          30  0.263901234      -2.14946941E-02 -0.500000000    
          23          31  0.488527328      -1.57381464E-02 -0.500000000    
          23          32  0.706605852      -2.16078758E-02 -0.500000000    
          23          33  0.805814445      -2.74810791E-02 -0.500000000    
          24           1  0.646477520      -6.54831529E-02 -0.500000000    
          24           2  0.548372507      -6.77726269E-02 -0.500000000    
          24           3  0.348654330      -6.28065169E-02 -0.500000000    
          24           4  0.126296818      -6.37023672E-02 -0.500000000    
          24           5   4.68398742E-02  -6.78018108E-02 -0.500000000    
          24           6  -4.63758111E-02  -6.96274042E-02 -0.500000000    
          24           7  -7.96071440E-02  -8.43810365E-02 -0.500000000    
          24           8  -4.09513712E-02  -8.13048407E-02 -0.500000000    
          24           9 -0.113425143      -5.49252741E-02 -0.500000000    
          24          10 -0.122169435      -1.84944645E-02 -0.500000000    
          24          11 -0.111355752      -2.71069389E-02 -0.500000000    
          24          12   1.88765619E-02  -5.08942641E-02 -0.500000000    
          24          13  0.204360589      -6.68041259E-02 -0.500000000    
          24          14  0.159657612      -7.47603700E-02 -0.500000000    
          24          15   7.23046586E-02  -8.35561678E-02 -0.500000000    
          24          16  -1.23352297E-02  -5.93677536E-02 -0.500000000    
          24          17  -7.77309686E-02  -3.85799222E-02 -0.500000000    
          24          18  -3.97499651E-02  -5.30555397E-02 -0.500000000    
          24          19   6.58658966E-02  -7.44762942E-02 -0.500000000    
          24          20  0.203651443      -6.40934631E-02 -0.500000000    
          24          21  0.294117063      -5.52390032E-02 -0.500000000    
          24          22   8.30328390E-02  -3.19870710E-02 -0.500000000    
          24          23  -1.55864293E-02  -9.45850275E-03 -0.500000000    
          24          24   1.93199404E-02  -6.27361890E-03 -0.500000000    
          24          25   7.99403191E-02  -4.35832739E-02 -0.500000000    
          24          26   4.36262675E-02  -7.13705942E-02 -0.500000000    
          24          27  -2.89613996E-02  -7.12738559E-02 -0.500000000    
          24          28  -4.92124585E-03  -5.38823307E-02 -0.500000000    
          24          29   5.15789464E-02  -4.66620177E-02 -0.500000000    
          24          30  0.117673665      -3.50866877E-02 -0.500000000    
          24          31  0.326623917      -2.65255328E-02 -0.500000000    
          24          32  0.567200124      -2.81017385E-02 -0.500000000    
          24          33  0.702467501      -2.92857140E-02 -0.500000000    
          25           1  0.570297062      -6.01773076E-02 -0.500000000    
          25           2  0.431879967      -6.42792135E-02 -0.500000000    
          25           3  0.230220377      -5.84588982E-02 -0.500000000    
          25           4  0.166394651      -5.78117408E-02 -0.500000000    
          25           5  0.177208155      -5.72209433E-02 -0.500000000    
          25           6   8.39694068E-02  -6.72654957E-02 -0.500000000    
          25           7   4.33310941E-02  -8.78021792E-02 -0.500000000    
          25           8  -3.96807343E-02  -8.52948278E-02 -0.500000000    
          25           9 -0.148025572      -7.10289627E-02 -0.500000000    
          25          10 -0.101313666      -5.23736775E-02 -0.500000000    
          25          11 -0.156225264      -5.11556938E-02 -0.500000000    
          25          12   1.40312538E-02  -6.58670813E-02 -0.500000000    
          25          13  0.150699720      -8.03247020E-02 -0.500000000    
          25          14  0.170613423      -7.32359886E-02 -0.500000000    
          25          15   8.03750083E-02  -7.37671554E-02 -0.500000000    
          25          16  -4.14534938E-03  -5.98552674E-02 -0.500000000    
          25          17  -7.71117061E-02  -4.07319553E-02 -0.500000000    
          25          18  -1.93182584E-02  -5.37465997E-02 -0.500000000    
          25          19   8.87902677E-02  -6.38635680E-02 -0.500000000    
          25          20  0.213308722      -6.69845268E-02 -0.500000000    
          25          21  0.184428260      -7.09761083E-02 -0.500000000    
          25          22   9.20935273E-02  -5.56901358E-02 -0.500000000    
          25          23  -1.17650665E-02  -4.02626619E-02 -0.500000000    
          25          24   7.99375102E-02  -4.35842648E-02 -0.500000000    
          25          25  -5.47005609E-03  -6.71128333E-02 -0.500000000    
          25          26   1.67452525E-02  -8.48238617E-02 -0.500000000    
          25          27  -2.39428729E-02  -8.39815363E-02 -0.500000000    
          25          28   5.03557548E-02  -5.45328818E-02 -0.500000000    
          25          29  0.132332072      -3.74843664E-02 -0.500000000    
          25          30  0.123832345      -3.05963662E-02 -0.500000000    
          25          31  0.190241247      -2.61043217E-02 -0.500000000    
          25          32  0.387299240      -2.77878828E-02 -0.500000000    
          25          33  0.527935266      -2.64376123E-02 -0.500000000    
          26           1  0.405515552      -4.01459858E-02 -0.500000000    
          26           2  0.242311656      -4.98857573E-02 -0.500000000    
          26           3  0.161748856      -4.92717549E-02 -0.500000000    
          26           4  0.175308555      -4.55422737E-02 -0.500000000    
          26           5  0.185500935      -4.28898223E-02 -0.500000000    
          26           6   8.96741375E-02  -6.27296343E-02 -0.500000000    
          26           7   2.50303969E-02  -8.20122287E-02 -0.500000000    
          26           8  -4.44526710E-02  -8.87794644E-02 -0.500000000    
          26           9  -2.89394371E-02  -8.60870481E-02 -0.500000000    
          26          10  -2.81806421E-02  -7.54223168E-02 -0.500000000    
          26          11  -6.35026991E-02  -6.31987453E-02 -0.500000000    
          26          12   8.62931609E-02  -6.22906163E-02 -0.500000000    
          26          13  0.158960924      -6.56534955E-02 -0.500000000    
          26          14  0.222922102      -6.73151389E-02 -0.500000000    
          26          15  0.123102970      -6.02894239E-02 -0.500000000    
          26          16  -2.53513381E-02  -6.12372011E-02 -0.500000000    
          26          17 -0.133312240      -5.29580638E-02 -0.500000000    
          26          18  -2.84742657E-02  -5.90029322E-02 -0.500000000    
          26          19  0.142719045      -5.82998358E-02 -0.500000000    
          26          20  0.245704427      -6.66812137E-02 -0.500000000    
          26          21  0.202353060      -6.05172925E-02 -0.500000000    
          26          22  0.109610759      -5.62525913E-02 -0.500000000    
          26          23  -4.00693975E-02  -5.78723103E-02 -0.500000000    
          26          24   4.36288454E-02  -7.13706538E-02 -0.500000000    
          26          25   1.67315099E-02  -8.48229080E-02 -0.500000000    
          26          26  -5.32840006E-03  -8.57020319E-02 -0.500000000    
          26          27  -7.18614534E-02  -7.98474178E-02 -0.500000000    
          26          28   3.07069104E-02  -5.12264930E-02 -0.500000000    
          26          29  0.145220682      -2.53804289E-02 -0.500000000    
          26          30  0.135804966      -2.02404000E-02 -0.500000000    
          26          31  0.125269696      -1.90027785E-02 -0.500000000    
          26          32  0.198327228      -1.78620778E-02 -0.500000000    
          26          33  0.317475677      -1.13185151E-02 -0.500000000    
          27           1   9.82919782E-02   2.30043987E-03 -0.500000000    
          27           2  0.106969789      -1.53613286E-02 -0.500000000    
          27           3  0.156002447      -2.12808289E-02 -0.500000000    
          27           4  0.204202980      -2.29482371E-02 -0.500000000    
          27           5  0.200728893      -3.67748104E-02 -0.500000000    
          27           6   8.34847838E-02  -7.48493969E-02 -0.500000000    
          27           7   4.41594757E-02  -8.68598670E-02 -0.500000000    
          27           8  -1.75395589E-02  -8.38871375E-02 -0.500000000    
          27           9   2.56794970E-02  -8.56280774E-02 -0.500000000    
          27          10  -5.36925010E-02  -7.58754089E-02 -0.500000000    
          27          11   1.06566586E-02  -5.31013533E-02 -0.500000000    
          27          12  0.162964508      -4.47986051E-02 -0.500000000    
          27          13  0.254193932      -5.25472723E-02 -0.500000000    
          27          14  0.251953959      -6.20309003E-02 -0.500000000    
          27          15  0.199468777      -5.05589955E-02 -0.500000000    
          27          16   2.97772158E-02  -5.20229004E-02 -0.500000000    
          27          17   1.08405016E-02  -5.48611283E-02 -0.500000000    
          27          18   5.20031191E-02  -5.28858490E-02 -0.500000000    
          27          19  0.247494787      -5.88493049E-02 -0.500000000    
          27          20  0.294721693      -6.66303039E-02 -0.500000000    
          27          21  0.333793998      -5.27207851E-02 -0.500000000    
          27          22  0.215978682      -4.05572131E-02 -0.500000000    
          27          23   3.41188908E-02  -4.71065864E-02 -0.500000000    
          27          24  -2.89363135E-02  -7.12737665E-02 -0.500000000    
          27          25  -2.39091162E-02  -8.39805081E-02 -0.500000000    
          27          26  -7.18427300E-02  -7.98455775E-02 -0.500000000    
          27          27  -8.95080250E-03  -8.36706385E-02 -0.500000000    
          27          28   1.59116462E-05  -6.73132762E-02 -0.500000000    
          27          29   9.12697390E-02  -2.52075270E-02 -0.500000000    
          27          30   8.83293971E-02  -3.13757686E-03 -0.500000000    
          27          31   6.32061586E-02   4.71448526E-03 -0.500000000    
          27          32   5.24011180E-02   1.09861167E-02 -0.500000000    
          27          33   6.12159483E-02   2.22062785E-02 -0.500000000    
          28           1  -4.86027412E-02  -3.99494031E-03 -0.500000000    
          28           2  -3.41089740E-02  -2.17338745E-02 -0.500000000    
          28           3  -1.40603231E-02  -3.17689702E-02 -0.500000000    
          28           4   2.96159834E-03  -4.46169451E-02 -0.500000000    
          28           5   4.30123396E-02  -7.50116855E-02 -0.500000000    
          28           6   3.61445993E-02 -0.100183591     -0.500000000    
          28           7   1.32302791E-02  -7.17705265E-02 -0.500000000    
          28           8   4.84299697E-02  -6.04249761E-02 -0.500000000    
          28           9   3.64423133E-02  -6.26774356E-02 -0.500000000    
          28          10  -6.78084940E-02  -6.14458211E-02 -0.500000000    
          28          11   3.04570049E-02  -4.93719354E-02 -0.500000000    
          28          12  0.171034813      -4.14002873E-02 -0.500000000    
          28          13  0.237529933      -4.41618823E-02 -0.500000000    
          28          14  0.154192761      -4.51830290E-02 -0.500000000    
          28          15   6.80157021E-02  -3.43625359E-02 -0.500000000    
          28          16  0.153354600      -3.66660915E-02 -0.500000000    
          28          17  0.156400174      -5.10346442E-02 -0.500000000    
          28          18  0.191300184      -4.17264961E-02 -0.500000000    
          28          19  0.106238008      -4.87262681E-02 -0.500000000    
          28          20  0.217299327      -5.39774150E-02 -0.500000000    
          28          21  0.307463557      -4.69501875E-02 -0.500000000    
          28          22  0.227216959      -3.70208360E-02 -0.500000000    
          28          23   8.08199868E-02  -4.16764989E-02 -0.500000000    
          28          24  -4.88540577E-03  -5.38826734E-02 -0.500000000    
          28          25   5.03934659E-02  -5.45333102E-02 -0.500000000    
          28          26   3.07399873E-02  -5.12267798E-02 -0.500000000    
          28          27   3.45292501E-05  -6.73130453E-02 -0.500000000    
          28          28   7.31384056E-03  -9.05061811E-02 -0.500000000    
          28          29  -1.55807044E-02  -5.90250455E-02 -0.500000000    
          28          30  -4.38168757E-02  -2.62125991E-02 -0.500000000    
          28          31  -3.36235054E-02  -1.32165896E-02 -0.500000000    
          28          32  -2.42604930E-02  -4.55896091E-03 -0.500000000    
          28          33  -1.73370913E-02   8.78211856E-03 -0.500000000    
          29           1  -5.51735517E-03  -1.32967327E-02 -0.500000000    
          29           2  -1.40712894E-02  -2.58278660E-02 -0.500000000    
          29           3  -1.09610744E-02  -2.80979127E-02 -0.500000000    
          29           4  -2.52290070E-03  -3.35943699E-02 -0.500000000    
          29           5   1.72049701E-02  -5.85579835E-02 -0.500000000    
          29           6   3.66572873E-03  -6.73848391E-02 -0.500000000    
          29           7  0.103181735      -3.17961313E-02 -0.500000000    
          29           8  0.119454958      -3.86634171E-02 -0.500000000    
          29           9   8.39985982E-02  -5.19996211E-02 -0.500000000    
          29          10  -1.39670391E-02  -5.88306151E-02 -0.500000000    
          29          11   8.85599405E-02  -4.72342409E-02 -0.500000000    
          29          12  0.221351266      -2.99806762E-02 -0.500000000    
          29          13  0.233509466      -2.03259792E-02 -0.500000000    
          29          14   7.79782329E-03  -1.28302462E-02 -0.500000000    
          29          15  0.106855921      -1.13253258E-02 -0.500000000    
          29          16  0.197810486      -1.23977959E-02 -0.500000000    
          29          17  0.204829589      -2.94544306E-02 -0.500000000    
          29          18  0.261433661      -2.05789059E-02 -0.500000000    
          29          19  0.148811147      -2.69778874E-02 -0.500000000    
          29          20   9.27743688E-02  -2.37021688E-02 -0.500000000    
          29          21  0.318614572      -2.40417887E-02 -0.500000000    
          29          22  0.271873862      -2.37246267E-02 -0.500000000    
          29          23  0.134604812      -3.57485376E-02 -0.500000000    
          29          24   5.16199842E-02  -4.66623306E-02 -0.500000000    
          29          25  0.132373616      -3.74852605E-02 -0.500000000    
          29          26  0.145248502      -2.53815893E-02 -0.500000000    
          29          27   9.13100168E-02  -2.52080094E-02 -0.500000000    
          29          28  -1.55758569E-02  -5.90266213E-02 -0.500000000    
          29          29   2.17091828E-03  -4.56796214E-02 -0.500000000    
          29          30  -1.02887321E-02  -2.06878092E-02 -0.500000000    
          29          31  -5.28539438E-03  -1.36418734E-02 -0.500000000    
          29          32   1.71010327E-02  -8.38058162E-03 -0.500000000    
          29          33   4.60453108E-02   4.21398738E-03 -0.500000000    
          30           1   9.62644219E-02  -1.84439984E-03 -0.500000000    
          30           2   5.85364439E-02  -6.87009702E-03 -0.500000000    
          30           3   4.06859405E-02  -3.48601071E-03 -0.500000000    
          30           4   1.95431076E-02  -8.13468918E-03 -0.500000000    
          30           5  -1.84749700E-02  -3.11905332E-02 -0.500000000    
          30           6  -6.10977188E-02  -3.47978994E-02 -0.500000000    
          30           7  0.107898913      -1.52710117E-02 -0.500000000    
          30           8   9.96672213E-02  -3.64188589E-02 -0.500000000    
          30           9   7.38162324E-02  -4.87884581E-02 -0.500000000    
          30          10   7.14986697E-02  -5.02675548E-02 -0.500000000    
          30          11  0.224720061      -3.37191410E-02 -0.500000000    
          30          12  0.316252440      -1.17602684E-02 -0.500000000    
          30          13  0.203338847       8.59968364E-03 -0.500000000    
          30          14  -5.78382984E-02   1.62217934E-02 -0.500000000    
          30          15  0.123615503       1.60080679E-02 -0.500000000    
          30          16  0.227571115       1.78627949E-02 -0.500000000    
          30          17  0.231321305       5.10614878E-03 -0.500000000    
          30          18  0.300861210       9.18256305E-03 -0.500000000    
          30          19  0.171409756       3.16669769E-03 -0.500000000    
          30          20   2.40523182E-02   5.93602657E-03 -0.500000000    
          30          21  0.338804096       3.54344514E-03 -0.500000000    
          30          22  0.393993855      -6.73537748E-03 -0.500000000    
          30          23  0.263910979      -2.14993395E-02 -0.500000000    
          30          24  0.117727056      -3.50878276E-02 -0.500000000    
          30          25  0.123873845      -3.05972826E-02 -0.500000000    
          30          26  0.135831952      -2.02417988E-02 -0.500000000    
          30          27   8.83686393E-02  -3.13823251E-03 -0.500000000    
          30          28  -4.38005030E-02  -2.62141172E-02 -0.500000000    
          30          29  -1.02868127E-02  -2.06879433E-02 -0.500000000    
          30          30   6.92259707E-03   5.91038202E-04 -0.500000000    
          30          31   2.13834830E-02   5.38622122E-03 -0.500000000    
          30          32   5.53722344E-02   5.74760837E-03 -0.500000000    
          30          33   9.81550589E-02   1.28117669E-02 -0.500000000    
          31           1  0.124771677       1.24504492E-02 -0.500000000    
          31           2   5.90463467E-02   8.97177123E-03 -0.500000000    
          31           3   4.39291783E-02   6.61737891E-03 -0.500000000    
          31           4   3.14709097E-02  -5.24444086E-03 -0.500000000    
          31           5  -1.64568797E-02  -2.41221376E-02 -0.500000000    
          31           6  -6.37109876E-02  -2.15553064E-02 -0.500000000    
          31           7   7.46190771E-02  -1.10396761E-02 -0.500000000    
          31           8   9.33519229E-02  -3.69747132E-02 -0.500000000    
          31           9  0.154950440      -4.46258150E-02 -0.500000000    
          31          10  0.278560877      -4.07956690E-02 -0.500000000    
          31          11  0.419697940      -2.48396043E-02 -0.500000000    
          31          12  0.441218704       5.17559412E-04 -0.500000000    
          31          13  0.114939131       2.85405591E-02 -0.500000000    
          31          14   1.00233201E-02   3.56514193E-02 -0.500000000    
          31          15  0.133098811       3.80416960E-02 -0.500000000    
          31          16  0.185053587       4.38490547E-02 -0.500000000    
          31          17  0.159636572       3.82821672E-02 -0.500000000    
          31          18  0.219272390       3.74246798E-02 -0.500000000    
          31          19  0.123624660       3.03917844E-02 -0.500000000    
          31          20   3.18148881E-02   2.86590233E-02 -0.500000000    
          31          21  0.270004004       2.18933243E-02 -0.500000000    
          31          22  0.557728231       1.05070486E-03 -0.500000000    
          31          23  0.488532215      -1.57462917E-02 -0.500000000    
          31          24  0.326703787      -2.65291985E-02 -0.500000000    
          31          25  0.190298289      -2.61053648E-02 -0.500000000    
          31          26  0.125303075      -1.90040600E-02 -0.500000000    
          31          27   6.32359311E-02   4.71371925E-03 -0.500000000    
          31          28  -3.36075388E-02  -1.32180341E-02 -0.500000000    
          31          29  -5.28422976E-03  -1.36419972E-02 -0.500000000    
          31          30   2.13799980E-02   5.38645033E-03 -0.500000000    
          31          31   3.40616107E-02   1.78365577E-02 -0.500000000    
          31          32   6.83942139E-02   2.41269860E-02 -0.500000000    
          31          33  0.115923941       2.95965206E-02 -0.500000000    
          32           1  0.183678806       3.07074171E-02 -0.500000000    
          32           2   7.20023140E-02   2.19485182E-02 -0.500000000    
          32           3   6.43206015E-02   9.43552423E-03 -0.500000000    
          32           4   5.80763780E-02  -9.01167281E-03 -0.500000000    
          32           5   7.55374786E-05  -2.19555199E-02 -0.500000000    
          32           6  -5.79951219E-02  -1.54164219E-02 -0.500000000    
          32           7   5.32291830E-02  -8.40804633E-03 -0.500000000    
          32           8  0.193869337      -3.97885852E-02 -0.500000000    
          32           9  0.381363243      -4.70456369E-02 -0.500000000    
          32          10  0.543359578      -4.11449224E-02 -0.500000000    
          32          11  0.632491946      -2.73507312E-02 -0.500000000    
          32          12  0.618636489       1.32170471E-03 -0.500000000    
          32          13  0.157726914       3.28774750E-02 -0.500000000    
          32          14  0.146715567       4.24394794E-02 -0.500000000    
          32          15  0.176463962       4.63004038E-02 -0.500000000    
          32          16  0.162178427       5.56378923E-02 -0.500000000    
          32          17   9.78550985E-02   5.67765944E-02 -0.500000000    
          32          18  0.144582868       5.27860075E-02 -0.500000000    
          32          19   8.30220431E-02   4.40499596E-02 -0.500000000    
          32          20   8.41469541E-02   3.82167809E-02 -0.500000000    
          32          21  0.259990275       2.54806094E-02 -0.500000000    
          32          22  0.726770699      -2.49249814E-03 -0.500000000    
          32          23  0.706568837      -2.16170829E-02 -0.500000000    
          32          24  0.567248046      -2.81079728E-02 -0.500000000    
          32          25  0.387367219      -2.77895480E-02 -0.500000000    
          32          26  0.198371142      -1.78626962E-02 -0.500000000    
          32          27   5.24271168E-02   1.09857135E-02 -0.500000000    
          32          28  -2.42457483E-02  -4.56031924E-03 -0.500000000    
          32          29   1.71027295E-02  -8.38125590E-03 -0.500000000    
          32          30   5.53681403E-02   5.74768893E-03 -0.500000000    
          32          31   6.83932602E-02   2.41268408E-02 -0.500000000    
          32          32  0.106250912       3.96711975E-02 -0.500000000    
          32          33  0.172992751       4.80965227E-02 -0.500000000    
          33           1  0.258680224       4.06293422E-02 -0.500000000    
          33           2   8.97030532E-02   2.85521094E-02 -0.500000000    
          33           3   8.53847787E-02   1.37235196E-02 -0.500000000    
          33           4   7.86682963E-02  -4.44058701E-03 -0.500000000    
          33           5   1.11795999E-02  -1.22600552E-02 -0.500000000    
          33           6  -6.38074428E-02  -5.28065162E-03 -0.500000000    
          33           7   5.65524213E-02  -6.92285132E-04 -0.500000000    
          33           8  0.347527415      -3.79234664E-02 -0.500000000    
          33           9  0.538907170      -4.76564653E-02 -0.500000000    
          33          10  0.700712085      -4.31337059E-02 -0.500000000    
          33          11  0.743249059      -3.23542431E-02 -0.500000000    
          33          12  0.706114590      -3.82413645E-03 -0.500000000    
          33          13  0.261075079       2.77331993E-02 -0.500000000    
          33          14  0.243900463       3.90203334E-02 -0.500000000    
          33          15  0.214726135       4.22957316E-02 -0.500000000    
          33          16  0.173113719       5.32859825E-02 -0.500000000    
          33          17   8.53397772E-02   5.82169592E-02 -0.500000000    
          33          18  0.120969772       5.31118847E-02 -0.500000000    
          33          19   6.42844513E-02   4.36140932E-02 -0.500000000    
          33          20  0.125828624       3.60540077E-02 -0.500000000    
          33          21  0.314136773       2.09458452E-02 -0.500000000    
          33          22  0.793299019      -9.03432723E-03 -0.500000000    
          33          23  0.805756509      -2.74903774E-02 -0.500000000    
          33          24  0.702471912      -2.92931106E-02 -0.500000000    
          33          25  0.527994573      -2.64397506E-02 -0.500000000    
          33          26  0.317519873      -1.13187609E-02 -0.500000000    
          33          27   6.12432025E-02   2.22064089E-02 -0.500000000    
          33          28  -1.73201840E-02   8.78115278E-03 -0.500000000    
          33          29   4.60515581E-02   4.21356503E-03 -0.500000000    
          33          30   9.81579125E-02   1.28121786E-02 -0.500000000    
          33          31  0.115932412       2.95968503E-02 -0.500000000    
          33          32  0.173009425       4.80977669E-02 -0.500000000    
          33          33  0.319357932       6.19518459E-02 -0.500000000    
