           1           1  0.663078785       8.41025263E-02 -0.500000000    
           1           2  0.378953189       5.71079329E-02 -0.500000000    
           1           3  0.224586099       2.69381758E-02 -0.500000000    
           1           4  0.178277344       1.97599791E-02 -0.500000000    
           1           5  0.152247176       2.80682426E-02 -0.500000000    
           1           6  0.253474742       5.51297702E-02 -0.500000000    
           1           7  0.279659390       7.82057364E-03 -0.500000000    
           1           8  0.376743138      -3.68829444E-02 -0.500000000    
           1           9  0.463000447      -5.89897558E-02 -0.500000000    
           1          10  0.437446833      -6.56713769E-02 -0.500000000    
           1          11  0.392090589      -5.24164960E-02 -0.500000000    
           1          12  0.213245362      -2.87833437E-02 -0.500000000    
           1          13  0.219593957      -1.04741966E-02 -0.500000000    
           1          14  0.295410156       2.02096496E-02 -0.500000000    
           1          15  0.236820683       4.69344966E-02 -0.500000000    
           1          16  0.231546566       7.69150630E-02 -0.500000000    
           1          17  0.239639163       9.99687612E-02 -0.500000000    
           1          18  0.182161644       8.31064284E-02 -0.500000000    
           1          19  0.219121218       5.92739955E-02 -0.500000000    
           1          20  0.308921218       3.40491943E-02 -0.500000000    
           1          21  0.359631777      -2.40196055E-03 -0.500000000    
           1          22  0.345721334      -2.93041058E-02 -0.500000000    
           1          23  0.562138021      -4.78070118E-02 -0.500000000    
           1          24  0.607975125      -5.60112149E-02 -0.500000000    
           1          25  0.594446123      -4.97462898E-02 -0.500000000    
           1          26  0.444227934      -2.58359667E-02 -0.500000000    
           1          27  0.227770001       2.06286795E-02 -0.500000000    
           1          28  0.149993300       5.52869104E-02 -0.500000000    
           1          29  0.101835959       2.82239504E-02 -0.500000000    
           1          30  0.192764759       3.17257047E-02 -0.500000000    
           1          31  0.277446479       4.68168668E-02 -0.500000000    
           1          32  0.378531456       7.65311122E-02 -0.500000000    
           1          33  0.492255867      0.100755475     -0.500000000    
           2           1  0.378906995       5.71068116E-02 -0.500000000    
           2           2  0.245670483       4.02728654E-02 -0.500000000    
           2           3  0.177164435       2.27461774E-02 -0.500000000    
           2           4  0.142402932       1.31783467E-02 -0.500000000    
           2           5  0.114409611       1.62095632E-02 -0.500000000    
           2           6  0.197323069       4.02709357E-02 -0.500000000    
           2           7  0.156008154      -1.45284017E-03 -0.500000000    
           2           8  0.195399851      -3.47556807E-02 -0.500000000    
           2           9  0.309935987      -5.40819652E-02 -0.500000000    
           2          10  0.279518038      -5.89400120E-02 -0.500000000    
           2          11  0.269145638      -4.61676419E-02 -0.500000000    
           2          12  0.146873012      -2.13887524E-02 -0.500000000    
           2          13   6.40531480E-02  -3.24288337E-03 -0.500000000    
           2          14  0.201125309       2.26933900E-02 -0.500000000    
           2          15  0.187546298       4.52057682E-02 -0.500000000    
           2          16  0.202958673       7.20482767E-02 -0.500000000    
           2          17  0.220505446       9.40866619E-02 -0.500000000    
           2          18  0.180411398       7.26604015E-02 -0.500000000    
           2          19  0.214269951       5.28645962E-02 -0.500000000    
           2          20  0.246177033       3.34369354E-02 -0.500000000    
           2          21  0.189563885       1.95312127E-03 -0.500000000    
           2          22  0.315419555      -2.24396214E-02 -0.500000000    
           2          23  0.478823662      -4.16637622E-02 -0.500000000    
           2          24  0.484465510      -5.17849997E-02 -0.500000000    
           2          25  0.463830560      -4.93564643E-02 -0.500000000    
           2          26  0.248010337      -2.76062265E-02 -0.500000000    
           2          27  0.138790846       8.82724393E-03 -0.500000000    
           2          28  0.114319339       3.96280140E-02 -0.500000000    
           2          29   5.88985495E-02   1.46394670E-02 -0.500000000    
           2          30  0.117009506       2.09979545E-02 -0.500000000    
           2          31  0.145207971       3.47715318E-02 -0.500000000    
           2          32  0.151542678       5.03777862E-02 -0.500000000    
           2          33  0.163840994       6.24663308E-02 -0.500000000    
           3           1  0.224522844       2.69389618E-02 -0.500000000    
           3           2  0.177128971       2.27469597E-02 -0.500000000    
           3           3  0.147838712       2.15056632E-02 -0.500000000    
           3           4  0.116551995       1.25300465E-02 -0.500000000    
           3           5   6.42981082E-02   7.71465525E-03 -0.500000000    
           3           6  0.133420467       2.73812748E-02 -0.500000000    
           3           7   7.31896982E-02  -8.05415772E-03 -0.500000000    
           3           8   6.20688088E-02  -3.27537283E-02 -0.500000000    
           3           9  0.124349594      -4.96142805E-02 -0.500000000    
           3          10  0.129439563      -5.53400218E-02 -0.500000000    
           3          11  0.149763778      -4.84351106E-02 -0.500000000    
           3          12  0.120846033      -2.66561043E-02 -0.500000000    
           3          13  -6.42969161E-02  -8.48359987E-03 -0.500000000    
           3          14  0.108424664       8.71361606E-03 -0.500000000    
           3          15  0.135225490       2.47386489E-02 -0.500000000    
           3          16  0.205859438       4.62134331E-02 -0.500000000    
           3          17  0.255071014       6.75703809E-02 -0.500000000    
           3          18  0.228362516       4.01400030E-02 -0.500000000    
           3          19  0.219419211       2.57252734E-02 -0.500000000    
           3          20  0.177945718       1.39903845E-02 -0.500000000    
           3          21   3.21741700E-02  -7.11817760E-03 -0.500000000    
           3          22  0.291076720      -2.67096851E-02 -0.500000000    
           3          23  0.324173927      -4.32585031E-02 -0.500000000    
           3          24  0.288069755      -5.01480214E-02 -0.500000000    
           3          25  0.239529699      -4.74563651E-02 -0.500000000    
           3          26  0.103816018      -2.78028157E-02 -0.500000000    
           3          27   9.48098376E-02   1.65009731E-03 -0.500000000    
           3          28   8.21019560E-02   2.74937972E-02 -0.500000000    
           3          29   1.96820125E-02   6.49279961E-03 -0.500000000    
           3          30   7.32825547E-02   1.72413029E-02 -0.500000000    
           3          31   8.47141147E-02   2.74378508E-02 -0.500000000    
           3          32   8.30768198E-02   2.87044905E-02 -0.500000000    
           3          33   8.87531191E-02   3.15433331E-02 -0.500000000    
           4           1  0.178265095       1.97648965E-02 -0.500000000    
           4           2  0.142397583       1.31825153E-02 -0.500000000    
           4           3  0.116563320       1.25329550E-02 -0.500000000    
           4           4   9.67401415E-02  -2.83914292E-03 -0.500000000    
           4           5   2.63795517E-02  -2.06550341E-02 -0.500000000    
           4           6   9.72352177E-02  -1.99046545E-03 -0.500000000    
           4           7  0.109714843      -1.67657845E-02 -0.500000000    
           4           8   7.66581967E-02  -3.25874686E-02 -0.500000000    
           4           9   4.33720043E-03  -4.63705361E-02 -0.500000000    
           4          10   3.42084207E-02  -5.22523858E-02 -0.500000000    
           4          11   7.39986673E-02  -5.46528064E-02 -0.500000000    
           4          12  0.106373727      -4.12393063E-02 -0.500000000    
           4          13  -5.60380556E-02  -2.24183034E-02 -0.500000000    
           4          14   2.63049714E-02  -1.49561511E-02 -0.500000000    
           4          15   5.94634302E-02  -5.53595973E-03 -0.500000000    
           4          16  0.199582279       1.11933360E-02 -0.500000000    
           4          17  0.283549517       3.18948664E-02 -0.500000000    
           4          18  0.258235782       3.95486248E-04 -0.500000000    
           4          19  0.175334439      -1.06904777E-02 -0.500000000    
           4          20  0.100819662      -1.69254187E-02 -0.500000000    
           4          21   9.46947560E-03  -2.52868291E-02 -0.500000000    
           4          22  0.233695477      -4.10852842E-02 -0.500000000    
           4          23  0.170126989      -5.09230383E-02 -0.500000000    
           4          24   9.81504470E-02  -5.00503294E-02 -0.500000000    
           4          25   8.29968452E-02  -4.58452255E-02 -0.500000000    
           4          26  0.123724923      -3.03748567E-02 -0.500000000    
           4          27  0.139815867      -9.18786507E-03 -0.500000000    
           4          28   6.53094575E-02  -2.07037758E-03 -0.500000000    
           4          29  -1.98444584E-03  -1.99658815E-02 -0.500000000    
           4          30   4.84926775E-02   8.43846297E-04 -0.500000000    
           4          31   5.37573062E-02   1.62069369E-02 -0.500000000    
           4          32   6.86953515E-02   1.75944623E-02 -0.500000000    
           4          33   8.60990211E-02   2.16541924E-02 -0.500000000    
           5           1  0.152261466       2.80716103E-02 -0.500000000    
           5           2  0.114425577       1.62136164E-02 -0.500000000    
           5           3   6.43241778E-02   7.71913491E-03 -0.500000000    
           5           4   2.64126509E-02  -2.06512865E-02 -0.500000000    
           5           5  -3.06790564E-02  -6.09001368E-02 -0.500000000    
           5           6   5.97603843E-02  -5.24329841E-02 -0.500000000    
           5           7  0.163800806      -3.56405862E-02 -0.500000000    
           5           8  0.122655585      -3.57346945E-02 -0.500000000    
           5           9  -3.10535897E-02  -4.07509394E-02 -0.500000000    
           5          10  -5.94339669E-02  -4.26990129E-02 -0.500000000    
           5          11  -1.63535010E-02  -5.13220951E-02 -0.500000000    
           5          12   7.12376907E-02  -5.13245389E-02 -0.500000000    
           5          13   4.68934514E-02  -4.06077318E-02 -0.500000000    
           5          14  -5.28261364E-02  -3.94651517E-02 -0.500000000    
           5          15   3.04862158E-03  -3.50289270E-02 -0.500000000    
           5          16  0.150410801      -2.00541019E-02 -0.500000000    
           5          17  0.231081843      -2.59828544E-03 -0.500000000    
           5          18  0.207027867      -3.20638940E-02 -0.500000000    
           5          19   8.32838565E-02  -4.39359397E-02 -0.500000000    
           5          20  -1.64344497E-02  -4.78974208E-02 -0.500000000    
           5          21   8.14418644E-02  -4.70436513E-02 -0.500000000    
           5          22  0.142728209      -5.36244214E-02 -0.500000000    
           5          23   2.98600122E-02  -5.16821630E-02 -0.500000000    
           5          24  -3.72316055E-02  -4.46585007E-02 -0.500000000    
           5          25   3.30779254E-02  -4.30870764E-02 -0.500000000    
           5          26  0.150579244      -3.74634825E-02 -0.500000000    
           5          27  0.173332140      -3.18521671E-02 -0.500000000    
           5          28   3.40024829E-02  -5.15821017E-02 -0.500000000    
           5          29  -2.38478966E-02  -5.39668910E-02 -0.500000000    
           5          30   7.61490734E-03  -1.39204338E-02 -0.500000000    
           5          31   1.75150894E-02   1.21638346E-02 -0.500000000    
           5          32   4.19019423E-02   1.86598860E-02 -0.500000000    
           5          33   5.62050082E-02   2.41921283E-02 -0.500000000    
           6           1  0.253495842       5.51267490E-02 -0.500000000    
           6           2  0.197347626       4.02707718E-02 -0.500000000    
           6           3  0.133442566       2.73840167E-02 -0.500000000    
           6           4   9.72534195E-02  -1.98628218E-03 -0.500000000    
           6           5   5.97660765E-02  -5.24298996E-02 -0.500000000    
           6           6   7.64370486E-02  -6.97316080E-02 -0.500000000    
           6           7  0.215616912      -4.47561517E-02 -0.500000000    
           6           8  0.194367722      -4.49305922E-02 -0.500000000    
           6           9   2.81837657E-02  -4.69730571E-02 -0.500000000    
           6          10  -5.48530146E-02  -4.10813093E-02 -0.500000000    
           6          11  -2.20966991E-03  -4.29437682E-02 -0.500000000    
           6          12  0.122064345      -4.69633229E-02 -0.500000000    
           6          13  0.158218354      -5.05574755E-02 -0.500000000    
           6          14   4.72216308E-02  -5.40152863E-02 -0.500000000    
           6          15   7.97357410E-03  -5.22563532E-02 -0.500000000    
           6          16  0.132333159      -3.59114371E-02 -0.500000000    
           6          17  0.194112912      -2.80055944E-02 -0.500000000    
           6          18  0.176795945      -4.59865741E-02 -0.500000000    
           6          19   4.39929478E-02  -6.27586395E-02 -0.500000000    
           6          20   3.35447080E-02  -6.52302578E-02 -0.500000000    
           6          21  0.174021393      -5.81165254E-02 -0.500000000    
           6          22  0.157126561      -5.13078757E-02 -0.500000000    
           6          23   1.01469047E-02  -4.70753387E-02 -0.500000000    
           6          24  -8.88356343E-02  -4.79524583E-02 -0.500000000    
           6          25   1.94385387E-02  -5.42041212E-02 -0.500000000    
           6          26  0.150150478      -5.05592935E-02 -0.500000000    
           6          27  0.165348947      -4.57552895E-02 -0.500000000    
           6          28   1.82730686E-02  -7.04997033E-02 -0.500000000    
           6          29  -1.20755192E-02  -4.53484915E-02 -0.500000000    
           6          30   3.54786143E-02   4.03297273E-03 -0.500000000    
           6          31   7.91072920E-02   3.04641910E-02 -0.500000000    
           6          32  0.126681551       3.81092243E-02 -0.500000000    
           6          33  0.154408574       4.27178778E-02 -0.500000000    
           7           1  0.279683381       7.82001764E-03 -0.500000000    
           7           2  0.156032011      -1.45069463E-03 -0.500000000    
           7           3   7.32067078E-02  -8.04870203E-03 -0.500000000    
           7           4  0.109722257      -1.67589113E-02 -0.500000000    
           7           5  0.163814053      -3.56349759E-02 -0.500000000    
           7           6  0.215626046      -4.47535925E-02 -0.500000000    
           7           7  0.245957106      -1.67956818E-02 -0.500000000    
           7           8  0.285255790      -1.94141604E-02 -0.500000000    
           7           9  0.197298214      -3.41200791E-02 -0.500000000    
           7          10   5.00721782E-02  -4.40346897E-02 -0.500000000    
           7          11  0.110813104      -5.00333570E-02 -0.500000000    
           7          12  0.203105450      -5.07369898E-02 -0.500000000    
           7          13  0.217488587      -5.85348606E-02 -0.500000000    
           7          14  0.140163571      -6.35096133E-02 -0.500000000    
           7          15   5.32066859E-02  -5.79580143E-02 -0.500000000    
           7          16  0.109913267      -3.85538824E-02 -0.500000000    
           7          17  0.189987376      -4.05073315E-02 -0.500000000    
           7          18  0.161484912      -4.30272706E-02 -0.500000000    
           7          19   3.77155170E-02  -6.77928552E-02 -0.500000000    
           7          20  0.132925898      -7.13077337E-02 -0.500000000    
           7          21  0.218939662      -6.33522943E-02 -0.500000000    
           7          22  0.206024885      -5.53202927E-02 -0.500000000    
           7          23   8.36939365E-02  -5.72314113E-02 -0.500000000    
           7          24  -1.85142979E-02  -5.63704707E-02 -0.500000000    
           7          25  0.137564123      -4.72749881E-02 -0.500000000    
           7          26  0.187039331      -3.06635518E-02 -0.500000000    
           7          27  0.134879455      -2.56748088E-02 -0.500000000    
           7          28  0.125296295      -4.43493128E-02 -0.500000000    
           7          29  0.121427238      -2.43209526E-02 -0.500000000    
           7          30  0.100023925      -7.22739962E-04 -0.500000000    
           7          31   8.79288241E-02   9.10981372E-03 -0.500000000    
           7          32  0.167058632       1.11659029E-02 -0.500000000    
           7          33  0.263020486       1.13903144E-02 -0.500000000    
           8           1  0.376754224      -3.68774310E-02 -0.500000000    
           8           2  0.195412442      -3.47492509E-02 -0.500000000    
           8           3   6.20887950E-02  -3.27459946E-02 -0.500000000    
           8           4   7.66781494E-02  -3.25785875E-02 -0.500000000    
           8           5  0.122678258      -3.57264206E-02 -0.500000000    
           8           6  0.194402039      -4.49250340E-02 -0.500000000    
           8           7  0.285279751      -1.94105525E-02 -0.500000000    
           8           8   9.73560810E-02  -2.53371103E-03 -0.500000000    
           8           9   8.34998637E-02  -4.86226985E-03 -0.500000000    
           8          10  -5.56923635E-03  -1.96543671E-02 -0.500000000    
           8          11  0.141710088      -3.63854207E-02 -0.500000000    
           8          12  0.230800197      -5.53716719E-02 -0.500000000    
           8          13  0.221136436      -7.31233805E-02 -0.500000000    
           8          14  0.145660236      -7.63363987E-02 -0.500000000    
           8          15  0.124918133      -5.51219881E-02 -0.500000000    
           8          16   2.99555212E-02  -3.47836427E-02 -0.500000000    
           8          17   5.79771847E-02  -3.41535211E-02 -0.500000000    
           8          18   3.68348137E-02  -3.23712304E-02 -0.500000000    
           8          19   9.64765996E-02  -6.02580160E-02 -0.500000000    
           8          20  0.114248663      -7.86941573E-02 -0.500000000    
           8          21  0.216569573      -7.66515955E-02 -0.500000000    
           8          22  0.233136669      -6.10166490E-02 -0.500000000    
           8          23  0.107391223      -4.60395738E-02 -0.500000000    
           8          24  -7.64787197E-02  -3.71555611E-02 -0.500000000    
           8          25  -5.00724511E-03  -2.82572787E-02 -0.500000000    
           8          26  -4.65837345E-02  -2.68981177E-02 -0.500000000    
           8          27  0.169140548      -3.37308310E-02 -0.500000000    
           8          28  0.133498013      -4.67856675E-02 -0.500000000    
           8          29   9.54780802E-02  -2.87903026E-02 -0.500000000    
           8          30   7.36242980E-02  -2.15827841E-02 -0.500000000    
           8          31   7.91819245E-02  -2.01723427E-02 -0.500000000    
           8          32  0.215902001      -2.33714804E-02 -0.500000000    
           8          33  0.366947442      -2.97848042E-02 -0.500000000    
           9           1  0.463085711      -5.89829534E-02 -0.500000000    
           9           2  0.310011238      -5.40735237E-02 -0.500000000    
           9           3  0.124390721      -4.96045239E-02 -0.500000000    
           9           4   4.36026277E-03  -4.63613942E-02 -0.500000000    
           9           5  -3.10270786E-02  -4.07431573E-02 -0.500000000    
           9           6   2.82198079E-02  -4.69670519E-02 -0.500000000    
           9           7  0.197327599      -3.41162272E-02 -0.500000000    
           9           8   8.34897235E-02  -4.85904608E-03 -0.500000000    
           9           9   2.33065691E-02   1.88894421E-02 -0.500000000    
           9          10 -0.131185949       8.88906419E-03 -0.500000000    
           9          11 -0.128933370      -1.67718809E-02 -0.500000000    
           9          12   4.47488856E-03  -4.99891751E-02 -0.500000000    
           9          13   9.98809636E-02  -7.65564814E-02 -0.500000000    
           9          14  0.118443213      -8.55632722E-02 -0.500000000    
           9          15   3.95050943E-02  -5.76786213E-02 -0.500000000    
           9          16  -2.84576993E-02  -4.02219184E-02 -0.500000000    
           9          17   2.00561294E-03  -2.90037319E-02 -0.500000000    
           9          18  -1.77554917E-02  -3.27122547E-02 -0.500000000    
           9          19   1.43527370E-02  -5.45706898E-02 -0.500000000    
           9          20   9.10385698E-02  -8.62280726E-02 -0.500000000    
           9          21  0.113491908      -7.73932114E-02 -0.500000000    
           9          22   6.30451832E-03  -5.23355417E-02 -0.500000000    
           9          23 -0.221145719      -2.66759247E-02 -0.500000000    
           9          24 -0.255763322      -1.37333926E-02 -0.500000000    
           9          25 -0.100717917      -1.09791262E-02 -0.500000000    
           9          26  -5.28552346E-02  -2.85581890E-02 -0.500000000    
           9          27  0.119698189      -4.75799814E-02 -0.500000000    
           9          28   1.47626353E-02  -4.92517240E-02 -0.500000000    
           9          29  -2.99516320E-03  -3.65773290E-02 -0.500000000    
           9          30   6.11765198E-02  -3.71550992E-02 -0.500000000    
           9          31  0.228706911      -3.46222557E-02 -0.500000000    
           9          32  0.464931309      -3.61308567E-02 -0.500000000    
           9          33  0.596509874      -4.35746014E-02 -0.500000000    
          10           1  0.437577724      -6.56662360E-02 -0.500000000    
          10           2  0.279624283      -5.89339212E-02 -0.500000000    
          10           3  0.129508615      -5.53327911E-02 -0.500000000    
          10           4   3.42402980E-02  -5.22448011E-02 -0.500000000    
          10           5  -5.94139621E-02  -4.26935107E-02 -0.500000000    
          10           6  -5.48355058E-02  -4.10783738E-02 -0.500000000    
          10           7   5.00936434E-02  -4.40332890E-02 -0.500000000    
          10           8  -5.56299090E-03  -1.96523666E-02 -0.500000000    
          10           9 -0.131203175       8.88868608E-03 -0.500000000    
          10          10 -0.146305978       1.25644617E-02 -0.500000000    
          10          11 -0.166724294      -1.34545201E-02 -0.500000000    
          10          12  -7.40007088E-02  -5.88366054E-02 -0.500000000    
          10          13   8.00182018E-03  -8.88415799E-02 -0.500000000    
          10          14   8.54605883E-02  -8.33795741E-02 -0.500000000    
          10          15   9.86463204E-02  -7.25490451E-02 -0.500000000    
          10          16   7.06996396E-02  -5.39625026E-02 -0.500000000    
          10          17   6.16753399E-02  -3.98267470E-02 -0.500000000    
          10          18   6.88822195E-02  -4.58247885E-02 -0.500000000    
          10          19   8.19124803E-02  -6.27495795E-02 -0.500000000    
          10          20  0.117626689      -7.86410719E-02 -0.500000000    
          10          21   4.62012701E-02  -8.18127990E-02 -0.500000000    
          10          22  -6.62101433E-02  -5.26007004E-02 -0.500000000    
          10          23 -0.214245737      -1.25317816E-02 -0.500000000    
          10          24 -0.200742379       3.73000512E-03 -0.500000000    
          10          25 -0.243826509      -9.46522411E-03 -0.500000000    
          10          26 -0.103716649      -3.66272479E-02 -0.500000000    
          10          27  -2.92477179E-02  -5.59796803E-02 -0.500000000    
          10          28  -7.80786127E-02  -4.55031991E-02 -0.500000000    
          10          29  -2.73694582E-02  -3.98677923E-02 -0.500000000    
          10          30  0.114831746      -3.87694687E-02 -0.500000000    
          10          31  0.313092381      -3.22409011E-02 -0.500000000    
          10          32  0.546468973      -3.32848839E-02 -0.500000000    
          10          33  0.681847036      -4.25204821E-02 -0.500000000    
          11           1  0.392278761      -5.24142236E-02 -0.500000000    
          11           2  0.269297600      -4.61656377E-02 -0.500000000    
          11           3  0.149863407      -4.84330617E-02 -0.500000000    
          11           4   7.40522295E-02  -5.46502508E-02 -0.500000000    
          11           5  -1.63274687E-02  -5.13199866E-02 -0.500000000    
          11           6  -2.18979688E-03  -4.29432467E-02 -0.500000000    
          11           7  0.110840909      -5.00341393E-02 -0.500000000    
          11           8  0.141728580      -3.63857746E-02 -0.500000000    
          11           9 -0.128961608      -1.67735592E-02 -0.500000000    
          11          10 -0.166701093      -1.34550631E-02 -0.500000000    
          11          11   9.76155251E-02  -5.24458662E-02 -0.500000000    
          11          12  0.226094276      -8.33225176E-02 -0.500000000    
          11          13  0.199095771      -9.67495367E-02 -0.500000000    
          11          14   3.54919806E-02  -9.43753421E-02 -0.500000000    
          11          15   7.73305297E-02  -9.18346271E-02 -0.500000000    
          11          16  0.140530556      -6.87071159E-02 -0.500000000    
          11          17  0.157291219      -5.40590696E-02 -0.500000000    
          11          18  0.150579706      -6.32617697E-02 -0.500000000    
          11          19   6.54772744E-02  -8.23149085E-02 -0.500000000    
          11          20   2.91884802E-02  -8.21475983E-02 -0.500000000    
          11          21  0.215345263      -8.23194087E-02 -0.500000000    
          11          22  0.239075795      -6.47439286E-02 -0.500000000    
          11          23   9.68711525E-02  -3.85152623E-02 -0.500000000    
          11          24 -0.177608714      -9.79322754E-03 -0.500000000    
          11          25 -0.224775687      -2.55506672E-02 -0.500000000    
          11          26   6.55036867E-02  -4.67083193E-02 -0.500000000    
          11          27   8.53014588E-02  -5.50607406E-02 -0.500000000    
          11          28   3.73990312E-02  -4.33083512E-02 -0.500000000    
          11          29   8.39403793E-02  -4.24388982E-02 -0.500000000    
          11          30  0.223452970      -3.51746455E-02 -0.500000000    
          11          31  0.394278616      -2.39939373E-02 -0.500000000    
          11          32  0.590514183      -2.23457497E-02 -0.500000000    
          11          33  0.705306351      -3.17543410E-02 -0.500000000    
          12           1  0.213362128      -2.87826788E-02 -0.500000000    
          12           2  0.146996528      -2.13887785E-02 -0.500000000    
          12           3  0.120948181      -2.66570076E-02 -0.500000000    
          12           4  0.106436476      -4.12413031E-02 -0.500000000    
          12           5   7.12740272E-02  -5.13269529E-02 -0.500000000    
          12           6  0.122096032      -4.69659232E-02 -0.500000000    
          12           7  0.203145921      -5.07399775E-02 -0.500000000    
          12           8  0.230828360      -5.53741977E-02 -0.500000000    
          12           9   4.43943404E-03  -4.99919541E-02 -0.500000000    
          12          10  -7.39814043E-02  -5.88386953E-02 -0.500000000    
          12          11  0.226104468      -8.33240002E-02 -0.500000000    
          12          12  0.539613008     -0.115268126     -0.500000000    
          12          13  0.350787699     -0.118691847     -0.500000000    
          12          14   7.96162412E-02 -0.127212718     -0.500000000    
          12          15   3.78376283E-02 -0.108716197     -0.500000000    
          12          16   9.66926366E-02  -7.85850435E-02 -0.500000000    
          12          17  0.143737450      -6.65499568E-02 -0.500000000    
          12          18  0.132777587      -7.45914653E-02 -0.500000000    
          12          19   3.21176536E-02  -9.97747034E-02 -0.500000000    
          12          20   5.32700084E-02 -0.109940253     -0.500000000    
          12          21  0.328232616      -9.58763584E-02 -0.500000000    
          12          22  0.548145175      -9.05659795E-02 -0.500000000    
          12          23  0.275205821      -6.33684546E-02 -0.500000000    
          12          24  -1.84207223E-02  -5.07884100E-02 -0.500000000    
          12          25  -1.37063190E-02  -5.42232431E-02 -0.500000000    
          12          26  0.199427500      -6.12107180E-02 -0.500000000    
          12          27  0.231926546      -5.15344404E-02 -0.500000000    
          12          28  0.209602058      -4.24945056E-02 -0.500000000    
          12          29  0.207783490      -3.88752967E-02 -0.500000000    
          12          30  0.276220739      -2.29465459E-02 -0.500000000    
          12          31  0.378577352      -4.50298283E-03 -0.500000000    
          12          32  0.484742612       1.45386788E-03 -0.500000000    
          12          33  0.546102285      -6.77882833E-03 -0.500000000    
          13           1  0.219697103      -1.04711670E-02 -0.500000000    
          13           2   6.41451254E-02  -3.24118184E-03 -0.500000000    
          13           3  -6.42298162E-02  -8.48380849E-03 -0.500000000    
          13           4  -5.60157634E-02  -2.24203821E-02 -0.500000000    
          13           5   4.69085276E-02  -4.06119190E-02 -0.500000000    
          13           6  0.158252686      -5.05630597E-02 -0.500000000    
          13           7  0.217534289      -5.85394911E-02 -0.500000000    
          13           8  0.221164584      -7.31265843E-02 -0.500000000    
          13           9   9.98448804E-02  -7.65595958E-02 -0.500000000    
          13          10   8.00254289E-03  -8.88446495E-02 -0.500000000    
          13          11  0.199100837      -9.67520252E-02 -0.500000000    
          13          12  0.350790232     -0.118692957     -0.500000000    
          13          13  0.395501703     -0.151551500     -0.500000000    
          13          14  0.215808839     -0.150141060     -0.500000000    
          13          15   8.53560865E-02 -0.127397090     -0.500000000    
          13          16   5.10767736E-02  -9.69422981E-02 -0.500000000    
          13          17   8.72154757E-02  -8.00849721E-02 -0.500000000    
          13          18   7.00420514E-02  -9.20423567E-02 -0.500000000    
          13          19   8.01747739E-02 -0.116008975     -0.500000000    
          13          20  0.188166052     -0.132649153     -0.500000000    
          13          21  0.388269067     -0.128714159     -0.500000000    
          13          22  0.370577961      -9.53243300E-02 -0.500000000    
          13          23  0.263133109      -7.87682086E-02 -0.500000000    
          13          24  0.110097982      -8.35940987E-02 -0.500000000    
          13          25   8.50982815E-02  -7.77414963E-02 -0.500000000    
          13          26  0.209896594      -7.25019798E-02 -0.500000000    
          13          27  0.269199669      -5.63879497E-02 -0.500000000    
          13          28  0.239520282      -4.59922478E-02 -0.500000000    
          13          29  0.134258762      -2.96703205E-02 -0.500000000    
          13          30   8.52602348E-03  -4.83389804E-03 -0.500000000    
          13          31   5.39650768E-03   1.38366297E-02 -0.500000000    
          13          32  0.159398511       1.94536727E-02 -0.500000000    
          13          33  0.300317973       1.15436604E-02 -0.500000000    
          14           1  0.295428038       2.02088617E-02 -0.500000000    
          14           2  0.201133966       2.26928554E-02 -0.500000000    
          14           3  0.108450428       8.71361606E-03 -0.500000000    
          14           4   2.63603143E-02  -1.49559975E-02 -0.500000000    
          14           5  -5.27940616E-02  -3.94664444E-02 -0.500000000    
          14           6   4.72165309E-02  -5.40193729E-02 -0.500000000    
          14           7  0.140184194      -6.35145605E-02 -0.500000000    
          14           8  0.145670667      -7.63394162E-02 -0.500000000    
          14           9  0.118407086      -8.55663344E-02 -0.500000000    
          14          10   8.54536444E-02  -8.33844543E-02 -0.500000000    
          14          11   3.54938433E-02  -9.43796933E-02 -0.500000000    
          14          12   7.96193406E-02 -0.127214298     -0.500000000    
          14          13  0.215806812     -0.150140524     -0.500000000    
          14          14  0.290911436     -0.154183596     -0.500000000    
          14          15   2.97317728E-02 -0.143467069     -0.500000000    
          14          16   6.31394377E-03 -0.122963615     -0.500000000    
          14          17   7.59846941E-02 -0.105824634     -0.500000000    
          14          18   1.22307008E-02 -0.114266261     -0.500000000    
          14          19   2.22849324E-02 -0.129111886     -0.500000000    
          14          20  0.257605791     -0.138200000     -0.500000000    
          14          21  0.213984326     -0.132347152     -0.500000000    
          14          22  0.122010961     -0.112610944     -0.500000000    
          14          23   9.07071531E-02  -8.87593925E-02 -0.500000000    
          14          24  0.134177536      -8.07026774E-02 -0.500000000    
          14          25  0.115256839      -8.19965079E-02 -0.500000000    
          14          26  0.146633580      -7.38076270E-02 -0.500000000    
          14          27  0.159951866      -5.96455485E-02 -0.500000000    
          14          28   4.49015163E-02  -4.50043529E-02 -0.500000000    
          14          29  -5.53039387E-02  -2.64168754E-02 -0.500000000    
          14          30   1.75073333E-02  -2.66522123E-03 -0.500000000    
          14          31  0.103704229       1.85244475E-02 -0.500000000    
          14          32  0.190696239       2.85782311E-02 -0.500000000    
          14          33  0.267163545       2.37003751E-02 -0.500000000    
          15           1  0.236763313       4.69263978E-02 -0.500000000    
          15           2  0.187476203       4.51989248E-02 -0.500000000    
          15           3  0.135171220       2.47344933E-02 -0.500000000    
          15           4   5.94388396E-02  -5.53762168E-03 -0.500000000    
          15           5   3.04757478E-03  -3.50303315E-02 -0.500000000    
          15           6   8.00091680E-03  -5.22586182E-02 -0.500000000    
          15           7   5.32052033E-02  -5.79605885E-02 -0.500000000    
          15           8  0.124909893      -5.51247522E-02 -0.500000000    
          15           9   3.94793041E-02  -5.76830544E-02 -0.500000000    
          15          10   9.86490250E-02  -7.25552440E-02 -0.500000000    
          15          11   7.73305297E-02  -9.18391868E-02 -0.500000000    
          15          12   3.78421210E-02 -0.108717754     -0.500000000    
          15          13   8.53499696E-02 -0.127396211     -0.500000000    
          15          14   2.97335219E-02 -0.143465653     -0.500000000    
          15          15   2.13362426E-02 -0.146201983     -0.500000000    
          15          16   1.11941751E-02 -0.143000558     -0.500000000    
          15          17   2.43190862E-02 -0.135008439     -0.500000000    
          15          18   9.09412093E-03 -0.133554354     -0.500000000    
          15          19   1.72617417E-02 -0.131412461     -0.500000000    
          15          20  -6.15824107E-03 -0.127844065     -0.500000000    
          15          21   5.04604280E-02 -0.117546961     -0.500000000    
          15          22   4.39521819E-02 -0.104778901     -0.500000000    
          15          23  0.105321310      -9.25956890E-02 -0.500000000    
          15          24  0.124062851      -7.73041621E-02 -0.500000000    
          15          25   4.01293859E-02  -5.96306995E-02 -0.500000000    
          15          26  0.118292294      -5.07034808E-02 -0.500000000    
          15          27   6.99541718E-02  -4.76501063E-02 -0.500000000    
          15          28   6.66430444E-02  -4.13961448E-02 -0.500000000    
          15          29   3.39519233E-02  -2.50629373E-02 -0.500000000    
          15          30   6.03466406E-02   8.67432798E-04 -0.500000000    
          15          31  0.112985939       2.49761213E-02 -0.500000000    
          15          32  0.161724105       3.70457917E-02 -0.500000000    
          15          33  0.213049427       3.33170705E-02 -0.500000000    
          16           1  0.231452107       7.69000128E-02 -0.500000000    
          16           2  0.202839166       7.20363930E-02 -0.500000000    
          16           3  0.205737978       4.62055057E-02 -0.500000000    
          16           4  0.199503034       1.11882724E-02 -0.500000000    
          16           5  0.150385007      -2.00579092E-02 -0.500000000    
          16           6  0.132346377      -3.59145887E-02 -0.500000000    
          16           7  0.109934047      -3.85554284E-02 -0.500000000    
          16           8   2.99386475E-02  -3.47860828E-02 -0.500000000    
          16           9  -2.84660012E-02  -4.02273647E-02 -0.500000000    
          16          10   7.07074180E-02  -5.39686084E-02 -0.500000000    
          16          11  0.140530258      -6.87111840E-02 -0.500000000    
          16          12   9.66897085E-02  -7.85871744E-02 -0.500000000    
          16          13   5.10689430E-02  -9.69428867E-02 -0.500000000    
          16          14   6.30933419E-03 -0.122963741     -0.500000000    
          16          15   1.12003386E-02 -0.143001169     -0.500000000    
          16          16   5.08523770E-02 -0.154333651     -0.500000000    
          16          17   9.20586810E-02 -0.158112377     -0.500000000    
          16          18   7.36930892E-02 -0.146091059     -0.500000000    
          16          19   1.92944817E-02 -0.131787628     -0.500000000    
          16          20  -2.37397011E-02 -0.115270920     -0.500000000    
          16          21   9.85815190E-03  -9.37380940E-02 -0.500000000    
          16          22   6.19583726E-02  -7.77416527E-02 -0.500000000    
          16          23  0.120806120      -6.79913461E-02 -0.500000000    
          16          24   8.60557333E-02  -5.59045374E-02 -0.500000000    
          16          25  -3.10232444E-03  -4.56496254E-02 -0.500000000    
          16          26  -1.02380645E-02  -3.86587754E-02 -0.500000000    
          16          27  0.116818711      -3.51964571E-02 -0.500000000    
          16          28  0.205684498      -2.94654630E-02 -0.500000000    
          16          29  0.191603571      -1.34658525E-02 -0.500000000    
          16          30  0.186243355       1.33566977E-02 -0.500000000    
          16          31  0.178727016       3.98414433E-02 -0.500000000    
          16          32  0.204793319       5.37241995E-02 -0.500000000    
          16          33  0.253665447       5.06322384E-02 -0.500000000    
          17           1  0.239523426       9.99510363E-02 -0.500000000    
          17           2  0.220360816       9.40722376E-02 -0.500000000    
          17           3  0.254925042       6.75605386E-02 -0.500000000    
          17           4  0.283462882       3.18875797E-02 -0.500000000    
          17           5  0.231055945      -2.60467757E-03 -0.500000000    
          17           6  0.194128036      -2.80100480E-02 -0.500000000    
          17           7  0.190011621      -4.05093096E-02 -0.500000000    
          17           8   5.79566397E-02  -3.41556147E-02 -0.500000000    
          17           9   2.01193779E-03  -2.90100221E-02 -0.500000000    
          17          10   6.16860874E-02  -3.98328565E-02 -0.500000000    
          17          11  0.157294407      -5.40630296E-02 -0.500000000    
          17          12  0.143736497      -6.65528774E-02 -0.500000000    
          17          13   8.72075856E-02  -8.00874159E-02 -0.500000000    
          17          14   7.59798959E-02 -0.105826393     -0.500000000    
          17          15   2.43344456E-02 -0.135009572     -0.500000000    
          17          16   9.20646489E-02 -0.158113047     -0.500000000    
          17          17  0.142057091     -0.173331946     -0.500000000    
          17          18  0.106377803     -0.152621925     -0.500000000    
          17          19   2.10268702E-02 -0.126987964     -0.500000000    
          17          20   6.85976744E-02 -0.103353336     -0.500000000    
          17          21   3.93354632E-02  -7.86080584E-02 -0.500000000    
          17          22   9.00132656E-02  -6.30941018E-02 -0.500000000    
          17          23  0.109902181      -4.97943275E-02 -0.500000000    
          17          24   6.04860522E-02  -3.73088084E-02 -0.500000000    
          17          25   5.92133263E-03  -3.12642083E-02 -0.500000000    
          17          26  -4.04936597E-02  -3.57077457E-02 -0.500000000    
          17          27  0.199037656      -4.23244387E-02 -0.500000000    
          17          28  0.260233372      -3.54982540E-02 -0.500000000    
          17          29  0.237680122      -1.30793396E-02 -0.500000000    
          17          30  0.206769794       2.04888601E-02 -0.500000000    
          17          31  0.149688125       5.26301041E-02 -0.500000000    
          17          32  0.144319430       7.03634694E-02 -0.500000000    
          17          33  0.180976331       6.92377016E-02 -0.500000000    
          18           1  0.182054222       8.30898061E-02 -0.500000000    
          18           2  0.180278167       7.26471692E-02 -0.500000000    
          18           3  0.228236347       4.01310399E-02 -0.500000000    
          18           4  0.258165061       3.89244349E-04 -0.500000000    
          18           5  0.207008556      -3.20687816E-02 -0.500000000    
          18           6  0.176801234      -4.59897853E-02 -0.500000000    
          18           7  0.161487773      -4.30286638E-02 -0.500000000    
          18           8   3.68267074E-02  -3.23738158E-02 -0.500000000    
          18           9  -1.77459698E-02  -3.27172130E-02 -0.500000000    
          18          10   6.88954368E-02  -4.58288193E-02 -0.500000000    
          18          11  0.150582656      -6.32640645E-02 -0.500000000    
          18          12  0.132774964      -7.45930150E-02 -0.500000000    
          18          13   7.00366199E-02  -9.20432806E-02 -0.500000000    
          18          14   1.22278053E-02 -0.114266627     -0.500000000    
          18          15   9.10210051E-03 -0.133554727     -0.500000000    
          18          16   7.36969113E-02 -0.146091297     -0.500000000    
          18          17  0.106377788     -0.152621761     -0.500000000    
          18          18   9.43214223E-02 -0.137125134     -0.500000000    
          18          19   9.50356945E-03 -0.121638037     -0.500000000    
          18          20  -1.72942951E-02 -0.108160533     -0.500000000    
          18          21   1.67012066E-02  -8.97500366E-02 -0.500000000    
          18          22   8.37485865E-02  -7.31208473E-02 -0.500000000    
          18          23  0.129742861      -6.12118170E-02 -0.500000000    
          18          24   9.50223282E-02  -4.63150255E-02 -0.500000000    
          18          25   2.54535694E-02  -3.66654918E-02 -0.500000000    
          18          26   2.91644596E-02  -3.43644433E-02 -0.500000000    
          18          27  0.174895883      -3.74816991E-02 -0.500000000    
          18          28  0.273729265      -3.76612768E-02 -0.500000000    
          18          29  0.278801918      -2.46235207E-02 -0.500000000    
          18          30  0.253035665       3.03327595E-03 -0.500000000    
          18          31  0.195174217       3.35393995E-02 -0.500000000    
          18          32  0.174704760       5.23584522E-02 -0.500000000    
          18          33  0.199912786       5.25220260E-02 -0.500000000    
          19           1  0.219046414       5.92619814E-02 -0.500000000    
          19           2  0.214175701       5.28550856E-02 -0.500000000    
          19           3  0.219343603       2.57186759E-02 -0.500000000    
          19           4  0.175301418      -1.06948288E-02 -0.500000000    
          19           5   8.32700059E-02  -4.39401306E-02 -0.500000000    
          19           6   4.39981706E-02  -6.27630726E-02 -0.500000000    
          19           7   3.77119370E-02  -6.77964687E-02 -0.500000000    
          19           8   9.64837000E-02  -6.02610037E-02 -0.500000000    
          19           9   1.43475737E-02  -5.45733199E-02 -0.500000000    
          19          10   8.19185674E-02  -6.27527535E-02 -0.500000000    
          19          11   6.54785633E-02  -8.23166668E-02 -0.500000000    
          19          12   3.21203209E-02  -9.97745618E-02 -0.500000000    
          19          13   8.01672116E-02 -0.116007365     -0.500000000    
          19          14   2.22856253E-02 -0.129109830     -0.500000000    
          19          15   1.72628202E-02 -0.131411433     -0.500000000    
          19          16   1.92874130E-02 -0.131786183     -0.500000000    
          19          17   2.10108925E-02 -0.126986027     -0.500000000    
          19          18   9.49310232E-03 -0.121636637     -0.500000000    
          19          19   1.15131969E-02 -0.117341623     -0.500000000    
          19          20  -8.18795431E-03 -0.116186053     -0.500000000    
          19          21   4.85841967E-02 -0.108146071     -0.500000000    
          19          22   3.53709422E-02  -9.51223820E-02 -0.500000000    
          19          23  0.102498353      -8.04368779E-02 -0.500000000    
          19          24  0.125640586      -6.36608526E-02 -0.500000000    
          19          25   4.50623706E-02  -5.13973795E-02 -0.500000000    
          19          26  0.147612631      -5.34203872E-02 -0.500000000    
          19          27  0.113174617      -5.89709021E-02 -0.500000000    
          19          28  0.112437882      -5.50979301E-02 -0.500000000    
          19          29  0.107783601      -3.57448980E-02 -0.500000000    
          19          30  0.127151638      -4.35264548E-03 -0.500000000    
          19          31  0.122461312       2.59940829E-02 -0.500000000    
          19          32  0.118524678       4.27280590E-02 -0.500000000    
          19          33  0.143380538       4.10276949E-02 -0.500000000    
          20           1  0.308897525       3.40430811E-02 -0.500000000    
          20           2  0.246147007       3.34322490E-02 -0.500000000    
          20           3  0.177937806       1.39879854E-02 -0.500000000    
          20           4  0.100845106      -1.69268344E-02 -0.500000000    
          20           5  -1.64255500E-02  -4.79003489E-02 -0.500000000    
          20           6   3.35472114E-02  -6.52364120E-02 -0.500000000    
          20           7  0.132953852      -7.13146925E-02 -0.500000000    
          20           8  0.114264466      -7.86981136E-02 -0.500000000    
          20           9   9.10234749E-02  -8.62301663E-02 -0.500000000    
          20          10  0.117619872      -7.86434412E-02 -0.500000000    
          20          11   2.91856732E-02  -8.21500868E-02 -0.500000000    
          20          12   5.32665960E-02 -0.109940410     -0.500000000    
          20          13  0.188155442     -0.132647455     -0.500000000    
          20          14  0.257604718     -0.138199002     -0.500000000    
          20          15  -6.16004271E-03 -0.127844363     -0.500000000    
          20          16  -2.37440243E-02 -0.115270391     -0.500000000    
          20          17   6.85900971E-02 -0.103351772     -0.500000000    
          20          18  -1.73028409E-02 -0.108159907     -0.500000000    
          20          19  -8.19057133E-03 -0.116187558     -0.500000000    
          20          20  0.216462538     -0.124028489     -0.500000000    
          20          21  0.179996133     -0.115358174     -0.500000000    
          20          22   9.92108285E-02  -9.39523578E-02 -0.500000000    
          20          23   9.76652950E-02  -7.28582963E-02 -0.500000000    
          20          24  0.186136976      -7.02285096E-02 -0.500000000    
          20          25  0.119389072      -7.75936842E-02 -0.500000000    
          20          26  0.158844665      -7.23772943E-02 -0.500000000    
          20          27  0.218445584      -6.47639111E-02 -0.500000000    
          20          28  0.106538817      -5.49915098E-02 -0.500000000    
          20          29  -4.69028484E-03  -3.44004147E-02 -0.500000000    
          20          30   5.71191497E-02  -4.71413089E-03 -0.500000000    
          20          31   9.99837741E-02   2.22081579E-02 -0.500000000    
          20          32  0.152266562       3.49576622E-02 -0.500000000    
          20          33  0.214796215       3.06659397E-02 -0.500000000    
          21           1  0.359705478      -2.40170723E-03 -0.500000000    
          21           2  0.189624146       1.95366633E-03 -0.500000000    
          21           3   3.22298631E-02  -7.11782929E-03 -0.500000000    
          21           4   9.51624848E-03  -2.52879895E-02 -0.500000000    
          21           5   8.14754292E-02  -4.70481552E-02 -0.500000000    
          21           6  0.174064279      -5.81238493E-02 -0.500000000    
          21           7  0.218991131      -6.33584633E-02 -0.500000000    
          21           8  0.216599539      -7.66554177E-02 -0.500000000    
          21           9  0.113475025      -7.73960799E-02 -0.500000000    
          21          10   4.62035425E-02  -8.18149969E-02 -0.500000000    
          21          11  0.215346888      -8.23206455E-02 -0.500000000    
          21          12  0.328231066      -9.58769843E-02 -0.500000000    
          21          13  0.388266027     -0.128713638     -0.500000000    
          21          14  0.213986292     -0.132346883     -0.500000000    
          21          15   5.04595004E-02 -0.117547557     -0.500000000    
          21          16   9.85743944E-03  -9.37387496E-02 -0.500000000    
          21          17   3.93368527E-02  -7.86084682E-02 -0.500000000    
          21          18   1.66979376E-02  -8.97513404E-02 -0.500000000    
          21          19   4.85826954E-02 -0.108148031     -0.500000000    
          21          20  0.180002451     -0.115358785     -0.500000000    
          21          21  0.367472887     -0.103808418     -0.500000000    
          21          22  0.366513431      -7.00813085E-02 -0.500000000    
          21          23  0.302092761      -6.06200732E-02 -0.500000000    
          21          24  0.159480259      -7.08406121E-02 -0.500000000    
          21          25  0.123073645      -7.13150054E-02 -0.500000000    
          21          26  0.258697331      -7.03248009E-02 -0.500000000    
          21          27  0.325321227      -5.58230169E-02 -0.500000000    
          21          28  0.295619726      -4.83155996E-02 -0.500000000    
          21          29  0.225241408      -3.11124548E-02 -0.500000000    
          21          30  0.132444233      -3.93746560E-03 -0.500000000    
          21          31   8.43165740E-02   1.67372711E-02 -0.500000000    
          21          32  0.206254542       2.31651030E-02 -0.500000000    
          21          33  0.341553539       1.53672434E-02 -0.500000000    
          22           1  0.345929980      -2.93048974E-02 -0.500000000    
          22           2  0.315656096      -2.24406663E-02 -0.500000000    
          22           3  0.291274965      -2.67112590E-02 -0.500000000    
          22           4  0.233804524      -4.10873778E-02 -0.500000000    
          22           5  0.142775685      -5.36269061E-02 -0.500000000    
          22           6  0.157166660      -5.13107814E-02 -0.500000000    
          22           7  0.206065774      -5.53234667E-02 -0.500000000    
          22           8  0.233155847      -6.10199235E-02 -0.500000000    
          22           9   6.28689677E-03  -5.23384325E-02 -0.500000000    
          22          10  -6.61897436E-02  -5.26023991E-02 -0.500000000    
          22          11  0.239093632      -6.47449270E-02 -0.500000000    
          22          12  0.548158586      -9.05661285E-02 -0.500000000    
          22          13  0.370582193      -9.53238532E-02 -0.500000000    
          22          14  0.122008935     -0.112609737     -0.500000000    
          22          15   4.39477973E-02 -0.104778528     -0.500000000    
          22          16   6.19631074E-02  -7.77420774E-02 -0.500000000    
          22          17   9.00097638E-02  -6.30946457E-02 -0.500000000    
          22          18   8.37502033E-02  -7.31223375E-02 -0.500000000    
          22          19   3.53674628E-02  -9.51234549E-02 -0.500000000    
          22          20   9.92097110E-02  -9.39518437E-02 -0.500000000    
          22          21  0.366517425      -7.00807348E-02 -0.500000000    
          22          22  0.580916464      -6.16563968E-02 -0.500000000    
          22          23  0.300122857      -3.97025868E-02 -0.500000000    
          22          24   2.27799173E-02  -3.83442417E-02 -0.500000000    
          22          25   3.10186725E-02  -4.85636666E-02 -0.500000000    
          22          26  0.241758004      -5.88929728E-02 -0.500000000    
          22          27  0.277381748      -4.78150249E-02 -0.500000000    
          22          28  0.257081330      -3.72209474E-02 -0.500000000    
          22          29  0.278198659      -3.21142115E-02 -0.500000000    
          22          30  0.406232893      -1.66727919E-02 -0.500000000    
          22          31  0.543299913      -1.64463674E-03 -0.500000000    
          22          32  0.641626120       9.63683298E-04 -0.500000000    
          22          33  0.675812364      -8.45793728E-03 -0.500000000    
          23           1  0.562378168      -4.78054509E-02 -0.500000000    
          23           2  0.479035646      -4.16622013E-02 -0.500000000    
          23           3  0.324323386      -4.32568714E-02 -0.500000000    
          23           4  0.170192152      -5.09203859E-02 -0.500000000    
          23           5   2.98813600E-02  -5.16793355E-02 -0.500000000    
          23           6   1.01631787E-02  -4.70741987E-02 -0.500000000    
          23           7   8.37106481E-02  -5.72323836E-02 -0.500000000    
          23           8  0.107393935      -4.60409820E-02 -0.500000000    
          23           9 -0.221162781      -2.66777128E-02 -0.500000000    
          23          10 -0.214217588      -1.25323413E-02 -0.500000000    
          23          11   9.68915597E-02  -3.85157727E-02 -0.500000000    
          23          12  0.275220484      -6.33680597E-02 -0.500000000    
          23          13  0.263137221      -7.87670016E-02 -0.500000000    
          23          14   9.07087177E-02  -8.87574852E-02 -0.500000000    
          23          15  0.105331101      -9.25943851E-02 -0.500000000    
          23          16  0.120814510      -6.79913983E-02 -0.500000000    
          23          17  0.109900571      -4.97943498E-02 -0.500000000    
          23          18  0.129746094      -6.12125583E-02 -0.500000000    
          23          19  0.102503195      -8.04368109E-02 -0.500000000    
          23          20   9.76685584E-02  -7.28566721E-02 -0.500000000    
          23          21  0.302098632      -6.06192276E-02 -0.500000000    
          23          22  0.300125897      -3.97019684E-02 -0.500000000    
          23          23  0.137494832      -1.76060274E-02 -0.500000000    
          23          24 -0.139515996       1.43711478E-03 -0.500000000    
          23          25 -0.214724511      -2.23296434E-02 -0.500000000    
          23          26   7.16242939E-02  -4.51200679E-02 -0.500000000    
          23          27   9.47323069E-02  -5.18764332E-02 -0.500000000    
          23          28   6.07422255E-02  -3.66534404E-02 -0.500000000    
          23          29  0.113019779      -3.19020078E-02 -0.500000000    
          23          30  0.280136257      -2.28578225E-02 -0.500000000    
          23          31  0.487957358      -1.34449741E-02 -0.500000000    
          23          32  0.686624229      -1.49992993E-02 -0.500000000    
          23          33  0.779525876      -2.57482026E-02 -0.500000000    
          24           1  0.608104825      -5.60035780E-02 -0.500000000    
          24           2  0.484568179      -5.17767258E-02 -0.500000000    
          24           3  0.288129926      -5.01388349E-02 -0.500000000    
          24           4   9.81578976E-02  -5.00412062E-02 -0.500000000    
          24           5  -3.72283980E-02  -4.46523614E-02 -0.500000000    
          24           6  -8.88303667E-02  -4.79497537E-02 -0.500000000    
          24           7  -1.85064115E-02  -5.63703701E-02 -0.500000000    
          24           8  -7.64827728E-02  -3.71548347E-02 -0.500000000    
          24           9 -0.255775034      -1.37333823E-02 -0.500000000    
          24          10 -0.200737715       3.73001723E-03 -0.500000000    
          24          11 -0.177623972      -9.79306642E-03 -0.500000000    
          24          12  -1.84371490E-02  -5.07869236E-02 -0.500000000    
          24          13  0.110094070      -8.35917369E-02 -0.500000000    
          24          14  0.134182394      -8.07002634E-02 -0.500000000    
          24          15  0.124066375      -7.73023367E-02 -0.500000000    
          24          16   8.60542729E-02  -5.59035651E-02 -0.500000000    
          24          17   6.04741201E-02  -3.73082496E-02 -0.500000000    
          24          18   9.50164571E-02  -4.63147014E-02 -0.500000000    
          24          19  0.125641719      -6.36600181E-02 -0.500000000    
          24          20  0.186145574      -7.02274218E-02 -0.500000000    
          24          21  0.159477547      -7.08389506E-02 -0.500000000    
          24          22   2.27691177E-02  -3.83431017E-02 -0.500000000    
          24          23 -0.139524505       1.43722852E-03 -0.500000000    
          24          24 -0.109082811       1.18451500E-02 -0.500000000    
          24          25 -0.212347418      -1.19632911E-02 -0.500000000    
          24          26 -0.106326111      -3.87289487E-02 -0.500000000    
          24          27  -6.51199967E-02  -5.68933263E-02 -0.500000000    
          24          28 -0.103562810      -4.20572720E-02 -0.500000000    
          24          29  -2.97295172E-02  -3.09404638E-02 -0.500000000    
          24          30  0.122718923      -2.53069773E-02 -0.500000000    
          24          31  0.341368467      -1.72219500E-02 -0.500000000    
          24          32  0.581657648      -1.80734731E-02 -0.500000000    
          24          33  0.712877393      -2.64767520E-02 -0.500000000    
          25           1  0.594492257      -4.97334190E-02 -0.500000000    
          25           2  0.463857651      -4.93426733E-02 -0.500000000    
          25           3  0.239514768      -4.74426746E-02 -0.500000000    
          25           4   8.29979405E-02  -4.58345041E-02 -0.500000000    
          25           5   3.30996774E-02  -4.30792309E-02 -0.500000000    
          25           6   1.94631536E-02  -5.41993044E-02 -0.500000000    
          25           7  0.137578115      -4.72723804E-02 -0.500000000    
          25           8  -5.03723789E-03  -2.82556601E-02 -0.500000000    
          25           9 -0.100752480      -1.09789120E-02 -0.500000000    
          25          10 -0.243847370      -9.46425833E-03 -0.500000000    
          25          11 -0.224790365      -2.55489983E-02 -0.500000000    
          25          12  -1.37023572E-02  -5.42203262E-02 -0.500000000    
          25          13   8.51090103E-02  -7.77385756E-02 -0.500000000    
          25          14  0.115272015      -8.19945559E-02 -0.500000000    
          25          15   4.01335321E-02  -5.96286096E-02 -0.500000000    
          25          16  -3.11934808E-03  -4.56468277E-02 -0.500000000    
          25          17   5.88745018E-03  -3.12609859E-02 -0.500000000    
          25          18   2.54351925E-02  -3.66638154E-02 -0.500000000    
          25          19   4.50662710E-02  -5.13976514E-02 -0.500000000    
          25          20  0.119402900      -7.75941312E-02 -0.500000000    
          25          21  0.123084657      -7.13137537E-02 -0.500000000    
          25          22   3.10227983E-02  -4.85618636E-02 -0.500000000    
          25          23 -0.214730516      -2.23289561E-02 -0.500000000    
          25          24 -0.212361321      -1.19636441E-02 -0.500000000    
          25          25 -0.108438790      -2.08543204E-02 -0.500000000    
          25          26  -8.54838639E-02  -3.56482044E-02 -0.500000000    
          25          27   7.16887563E-02  -4.90080714E-02 -0.500000000    
          25          28   3.14984145E-03  -4.59723696E-02 -0.500000000    
          25          29   3.57032008E-02  -2.85356753E-02 -0.500000000    
          25          30   9.64021385E-02  -2.45096218E-02 -0.500000000    
          25          31  0.251809061      -1.84487123E-02 -0.500000000    
          25          32  0.470701665      -1.72987413E-02 -0.500000000    
          25          33  0.583612025      -2.16625910E-02 -0.500000000    
          26           1  0.444141030      -2.58217026E-02 -0.500000000    
          26           2  0.247945547      -2.75923014E-02 -0.500000000    
          26           3  0.103795879      -2.77909823E-02 -0.500000000    
          26           4  0.123730347      -3.03653125E-02 -0.500000000    
          26           5  0.150593802      -3.74557525E-02 -0.500000000    
          26           6  0.150163651      -5.05547337E-02 -0.500000000    
          26           7  0.187028915      -3.06609813E-02 -0.500000000    
          26           8  -4.66215461E-02  -2.68965624E-02 -0.500000000    
          26           9  -5.28355576E-02  -2.85562724E-02 -0.500000000    
          26          10 -0.103679046      -3.66257317E-02 -0.500000000    
          26          11   6.55210912E-02  -4.67066206E-02 -0.500000000    
          26          12  0.199446201      -6.12086840E-02 -0.500000000    
          26          13  0.209931254      -7.25014657E-02 -0.500000000    
          26          14  0.146687478      -7.38083422E-02 -0.500000000    
          26          15  0.118344702      -5.07034250E-02 -0.500000000    
          26          16  -1.01948176E-02  -3.86566371E-02 -0.500000000    
          26          17  -4.04521190E-02  -3.57045829E-02 -0.500000000    
          26          18   2.91805696E-02  -3.43620405E-02 -0.500000000    
          26          19  0.147638038      -5.34216091E-02 -0.500000000    
          26          20  0.158876777      -7.23792464E-02 -0.500000000    
          26          21  0.258720815      -7.03257993E-02 -0.500000000    
          26          22  0.241774008      -5.88918328E-02 -0.500000000    
          26          23   7.16459453E-02  -4.51186076E-02 -0.500000000    
          26          24 -0.106295891      -3.87281701E-02 -0.500000000    
          26          25  -8.54601339E-02  -3.56473140E-02 -0.500000000    
          26          26 -0.140447021      -3.46364640E-02 -0.500000000    
          26          27   8.50904807E-02  -3.42579596E-02 -0.500000000    
          26          28   9.75695550E-02  -4.46100496E-02 -0.500000000    
          26          29  0.111221470      -2.38379408E-02 -0.500000000    
          26          30   8.57606903E-02  -1.07399533E-02 -0.500000000    
          26          31   8.18644613E-02  -3.00211040E-03 -0.500000000    
          26          32  0.216369212      -4.89301281E-04 -0.500000000    
          26          33  0.366554141      -1.66143046E-03 -0.500000000    
          27           1  0.227766171       2.06356775E-02 -0.500000000    
          27           2  0.138798162       8.83517228E-03 -0.500000000    
          27           3   9.48121771E-02   1.65878271E-03 -0.500000000    
          27           4  0.139804959      -9.17951670E-03 -0.500000000    
          27           5  0.173321843      -3.18457037E-02 -0.500000000    
          27           6  0.165332645      -4.57525402E-02 -0.500000000    
          27           7  0.134870470      -2.56720707E-02 -0.500000000    
          27           8  0.169160694      -3.37293372E-02 -0.500000000    
          27           9  0.119713858      -4.75790240E-02 -0.500000000    
          27          10  -2.92452909E-02  -5.59788048E-02 -0.500000000    
          27          11   8.52961987E-02  -5.50587922E-02 -0.500000000    
          27          12  0.231930345      -5.15328646E-02 -0.500000000    
          27          13  0.269221306      -5.63882105E-02 -0.500000000    
          27          14  0.159989551      -5.96465766E-02 -0.500000000    
          27          15   7.00040907E-02  -4.76514585E-02 -0.500000000    
          27          16  0.116863020      -3.51973698E-02 -0.500000000    
          27          17  0.199063733      -4.23249826E-02 -0.500000000    
          27          18  0.174953550      -3.74820083E-02 -0.500000000    
          27          19  0.113186747      -5.89720272E-02 -0.500000000    
          27          20  0.218452424      -6.47648722E-02 -0.500000000    
          27          21  0.325320303      -5.58250770E-02 -0.500000000    
          27          22  0.277379364      -4.78150807E-02 -0.500000000    
          27          23   9.47376788E-02  -5.18749431E-02 -0.500000000    
          27          24  -6.51017278E-02  -5.68921752E-02 -0.500000000    
          27          25   7.17135817E-02  -4.90074009E-02 -0.500000000    
          27          26   8.51281583E-02  -3.42566855E-02 -0.500000000    
          27          27   4.03868482E-02  -2.71678045E-02 -0.500000000    
          27          28   6.94159642E-02  -4.17543612E-02 -0.500000000    
          27          29  0.101132289      -1.68059133E-02 -0.500000000    
          27          30  0.101153255       1.30932322E-02 -0.500000000    
          27          31  0.112063743       2.77000014E-02 -0.500000000    
          27          32  0.189748496       3.34897302E-02 -0.500000000    
          27          33  0.270916045       3.83339524E-02 -0.500000000    
          28           1  0.150026679       5.52901030E-02 -0.500000000    
          28           2  0.114348821       3.96323577E-02 -0.500000000    
          28           3   8.21160153E-02   2.74994578E-02 -0.500000000    
          28           4   6.53096884E-02  -2.06371490E-03 -0.500000000    
          28           5   3.39921415E-02  -5.15758023E-02 -0.500000000    
          28           6   1.82638913E-02  -7.04957768E-02 -0.500000000    
          28           7  0.125326604      -4.43477929E-02 -0.500000000    
          28           8  0.133500844      -4.67863530E-02 -0.500000000    
          28           9   1.47618884E-02  -4.92526814E-02 -0.500000000    
          28          10  -7.80967623E-02  -4.55027334E-02 -0.500000000    
          28          11   3.73815596E-02  -4.33060676E-02 -0.500000000    
          28          12  0.209582821      -4.24927846E-02 -0.500000000    
          28          13  0.239510894      -4.59919535E-02 -0.500000000    
          28          14   4.49199490E-02  -4.50057536E-02 -0.500000000    
          28          15   6.66587725E-02  -4.13990505E-02 -0.500000000    
          28          16  0.205681965      -2.94678565E-02 -0.500000000    
          28          17  0.260216564      -3.55000757E-02 -0.500000000    
          28          18  0.273738205      -3.76636870E-02 -0.500000000    
          28          19  0.112470239      -5.51000461E-02 -0.500000000    
          28          20  0.106520049      -5.49928509E-02 -0.500000000    
          28          21  0.295584381      -4.83170599E-02 -0.500000000    
          28          22  0.257054210      -3.72223146E-02 -0.500000000    
          28          23   6.07355684E-02  -3.66527364E-02 -0.500000000    
          28          24 -0.103554033      -4.20563743E-02 -0.500000000    
          28          25   3.16926837E-03  -4.59726006E-02 -0.500000000    
          28          26   9.75875854E-02  -4.46102917E-02 -0.500000000    
          28          27   6.94543719E-02  -4.17535789E-02 -0.500000000    
          28          28  -5.10583073E-02  -6.59185573E-02 -0.500000000    
          28          29  -2.59345267E-02  -3.97146307E-02 -0.500000000    
          28          30   3.03987712E-02   9.83842928E-03 -0.500000000    
          28          31   7.44635984E-02   3.83357294E-02 -0.500000000    
          28          32  0.123139694       4.85630259E-02 -0.500000000    
          28          33  0.154206052       5.72149307E-02 -0.500000000    
          29           1  0.101884186       2.82345526E-02 -0.500000000    
          29           2   5.89362569E-02   1.46490252E-02 -0.500000000    
          29           3   1.97041705E-02   6.50138268E-03 -0.500000000    
          29           4  -1.97380967E-03  -1.99577417E-02 -0.500000000    
          29           5  -2.38518678E-02  -5.39607145E-02 -0.500000000    
          29           6  -1.20547619E-02  -4.53449488E-02 -0.500000000    
          29           7  0.121440940      -2.43215617E-02 -0.500000000    
          29           8   9.54796895E-02  -2.87925974E-02 -0.500000000    
          29           9  -2.99860816E-03  -3.65788676E-02 -0.500000000    
          29          10  -2.73888689E-02  -3.98670547E-02 -0.500000000    
          29          11   8.39077383E-02  -4.24375162E-02 -0.500000000    
          29          12  0.207737878      -3.88746187E-02 -0.500000000    
          29          13  0.134239793      -2.96698306E-02 -0.500000000    
          29          14  -5.53142205E-02  -2.64187306E-02 -0.500000000    
          29          15   3.39591093E-02  -2.50665508E-02 -0.500000000    
          29          16  0.191605836      -1.34696327E-02 -0.500000000    
          29          17  0.237673521      -1.30823832E-02 -0.500000000    
          29          18  0.278801113      -2.46279407E-02 -0.500000000    
          29          19  0.107794449      -3.57482210E-02 -0.500000000    
          29          20  -4.69379686E-03  -3.44035663E-02 -0.500000000    
          29          21  0.225169525      -3.11144851E-02 -0.500000000    
          29          22  0.278138906      -3.21174152E-02 -0.500000000    
          29          23  0.112999938      -3.19037326E-02 -0.500000000    
          29          24  -2.97226869E-02  -3.09402626E-02 -0.500000000    
          29          25   3.57238948E-02  -2.85361242E-02 -0.500000000    
          29          26  0.111239225      -2.38394234E-02 -0.500000000    
          29          27  0.101161256      -1.68074258E-02 -0.500000000    
          29          28  -2.59122010E-02  -3.97156291E-02 -0.500000000    
          29          29  -2.89637707E-02  -4.25679535E-02 -0.500000000    
          29          30  -6.96383417E-03  -6.31468557E-03 -0.500000000    
          29          31   2.41792556E-02   2.11689062E-02 -0.500000000    
          29          32   6.82574138E-02   3.08557916E-02 -0.500000000    
          29          33   9.74207148E-02   4.04635295E-02 -0.500000000    
          30           1  0.192791507       3.17374319E-02 -0.500000000    
          30           2  0.117030203       2.10076496E-02 -0.500000000    
          30           3   7.32848644E-02   1.72485244E-02 -0.500000000    
          30           4   4.84808125E-02   8.50028184E-04 -0.500000000    
          30           5   7.60509865E-03  -1.39156794E-02 -0.500000000    
          30           6   3.55149955E-02   4.03601862E-03 -0.500000000    
          30           7  0.100029789      -7.23607081E-04 -0.500000000    
          30           8   7.36197680E-02  -2.15846747E-02 -0.500000000    
          30           9   6.11819103E-02  -3.71554121E-02 -0.500000000    
          30          10  0.114820145      -3.87692377E-02 -0.500000000    
          30          11  0.223415121      -3.51763517E-02 -0.500000000    
          30          12  0.276185125      -2.29466129E-02 -0.500000000    
          30          13   8.52338597E-03  -4.83364845E-03 -0.500000000    
          30          14   1.74936596E-02  -2.66672787E-03 -0.500000000    
          30          15   6.03536852E-02   8.63977766E-04 -0.500000000    
          30          16  0.186251149       1.33523708E-02 -0.500000000    
          30          17  0.206777886       2.04852335E-02 -0.500000000    
          30          18  0.253042996       3.02772014E-03 -0.500000000    
          30          19  0.127165273      -4.35664272E-03 -0.500000000    
          30          20   5.71340993E-02  -4.71793767E-03 -0.500000000    
          30          21  0.132349744      -3.94053990E-03 -0.500000000    
          30          22  0.406144738      -1.66765451E-02 -0.500000000    
          30          23  0.280105740      -2.28632446E-02 -0.500000000    
          30          24  0.122737773      -2.53090151E-02 -0.500000000    
          30          25   9.64314416E-02  -2.45100558E-02 -0.500000000    
          30          26   8.57784152E-02  -1.07411109E-02 -0.500000000    
          30          27  0.101170160       1.30916024E-02 -0.500000000    
          30          28   3.04243136E-02   9.83740576E-03 -0.500000000    
          30          29  -6.95826393E-03  -6.31574448E-03 -0.500000000    
          30          30   1.70720182E-02   1.13116624E-02 -0.500000000    
          30          31   5.07905707E-02   3.00253555E-02 -0.500000000    
          30          32   9.85388532E-02   3.68999355E-02 -0.500000000    
          30          33  0.134346932       4.47425246E-02 -0.500000000    
          31           1  0.277434707       4.68252264E-02 -0.500000000    
          31           2  0.145209447       3.47789004E-02 -0.500000000    
          31           3   8.47063959E-02   2.74434313E-02 -0.500000000    
          31           4   5.37501574E-02   1.62127502E-02 -0.500000000    
          31           5   1.75312087E-02   1.21689849E-02 -0.500000000    
          31           6   7.91526660E-02   3.04675438E-02 -0.500000000    
          31           7   8.79353061E-02   9.10970476E-03 -0.500000000    
          31           8   7.91892558E-02  -2.01724935E-02 -0.500000000    
          31           9  0.228729770      -3.46206836E-02 -0.500000000    
          31          10  0.313072741      -3.22425887E-02 -0.500000000    
          31          11  0.394235343      -2.39969399E-02 -0.500000000    
          31          12  0.378560930      -4.50353138E-03 -0.500000000    
          31          13   5.35912998E-03   1.38363959E-02 -0.500000000    
          31          14  0.103696503       1.85230076E-02 -0.500000000    
          31          15  0.112994507       2.49734540E-02 -0.500000000    
          31          16  0.178732470       3.98382358E-02 -0.500000000    
          31          17  0.149698824       5.26278280E-02 -0.500000000    
          31          18  0.195180669       3.35347578E-02 -0.500000000    
          31          19  0.122478962       2.59904638E-02 -0.500000000    
          31          20  0.100002147       2.22049020E-02 -0.500000000    
          31          21   8.42300579E-02   1.67333372E-02 -0.500000000    
          31          22  0.543184698      -1.64820498E-03 -0.500000000    
          31          23  0.487900048      -1.34520130E-02 -0.500000000    
          31          24  0.341394812      -1.72273982E-02 -0.500000000    
          31          25  0.251860321      -1.84499677E-02 -0.500000000    
          31          26   8.18865076E-02  -3.00274929E-03 -0.500000000    
          31          27  0.112071499       2.76990291E-02 -0.500000000    
          31          28   7.44852275E-02   3.83357108E-02 -0.500000000    
          31          29   2.41874233E-02   2.11681984E-02 -0.500000000    
          31          30   5.07935919E-02   3.00260447E-02 -0.500000000    
          31          31   9.14373770E-02   4.50610518E-02 -0.500000000    
          31          32  0.146904886       5.53655587E-02 -0.500000000    
          31          33  0.186880842       6.31622672E-02 -0.500000000    
          32           1  0.378552467       7.65395164E-02 -0.500000000    
          32           2  0.151576027       5.03852554E-02 -0.500000000    
          32           3   8.30911100E-02   2.87097450E-02 -0.500000000    
          32           4   6.87048063E-02   1.76001266E-02 -0.500000000    
          32           5   4.19365875E-02   1.86649449E-02 -0.500000000    
          32           6  0.126735374       3.81135568E-02 -0.500000000    
          32           7  0.167070642       1.11673139E-02 -0.500000000    
          32           8  0.215930849      -2.33688764E-02 -0.500000000    
          32           9  0.464945585      -3.61280181E-02 -0.500000000    
          32          10  0.546427846      -3.32872681E-02 -0.500000000    
          32          11  0.590463936      -2.23487336E-02 -0.500000000    
          32          12  0.484731168       1.45308347E-03 -0.500000000    
          32          13  0.159319520       1.94524322E-02 -0.500000000    
          32          14  0.190688610       2.85760686E-02 -0.500000000    
          32          15  0.161724582       3.70433703E-02 -0.500000000    
          32          16  0.204791695       5.37226535E-02 -0.500000000    
          32          17  0.144323498       7.03634620E-02 -0.500000000    
          32          18  0.174701437       5.23559228E-02 -0.500000000    
          32          19  0.118534535       4.27257083E-02 -0.500000000    
          32          20  0.152275875       3.49553339E-02 -0.500000000    
          32          21  0.206161484       2.31611822E-02 -0.500000000    
          32          22  0.641492248       9.60301084E-04 -0.500000000    
          32          23  0.686546087      -1.50062246E-02 -0.500000000    
          32          24  0.581649125      -1.80805884E-02 -0.500000000    
          32          25  0.470752805      -1.73012502E-02 -0.500000000    
          32          26  0.216403767      -4.89443657E-04 -0.500000000    
          32          27  0.189753696       3.34896781E-02 -0.500000000    
          32          28  0.123161756       4.85639200E-02 -0.500000000    
          32          29   6.82687759E-02   3.08553819E-02 -0.500000000    
          32          30   9.85487849E-02   3.69011648E-02 -0.500000000    
          32          31  0.146913752       5.53665385E-02 -0.500000000    
          32          32  0.246677160       8.27969685E-02 -0.500000000    
          32          33  0.353552282      0.103649922     -0.500000000    
          33           1  0.492318004      0.100765273     -0.500000000    
          33           2  0.163892806       6.24740124E-02 -0.500000000    
          33           3   8.87707546E-02   3.15474458E-02 -0.500000000    
          33           4   8.61098245E-02   2.16586050E-02 -0.500000000    
          33           5   5.62457256E-02   2.41965894E-02 -0.500000000    
          33           6  0.154471681       4.27229740E-02 -0.500000000    
          33           7  0.263025582       1.13926288E-02 -0.500000000    
          33           8  0.366993427      -2.97801476E-02 -0.500000000    
          33           9  0.596515417      -4.35713939E-02 -0.500000000    
          33          10  0.681802511      -4.25230712E-02 -0.500000000    
          33          11  0.705265880      -3.17571685E-02 -0.500000000    
          33          12  0.546094537      -6.77982299E-03 -0.500000000    
          33          13  0.300233722       1.15415342E-02 -0.500000000    
          33          14  0.267154068       2.36973967E-02 -0.500000000    
          33          15  0.213037759       3.33144329E-02 -0.500000000    
          33          16  0.253655851       5.06320707E-02 -0.500000000    
          33          17  0.180975482       6.92394748E-02 -0.500000000    
          33          18  0.199899182       5.25211580E-02 -0.500000000    
          33          19  0.143379211       4.10267375E-02 -0.500000000    
          33          20  0.214792177       3.06640342E-02 -0.500000000    
          33          21  0.341452897       1.53634641E-02 -0.500000000    
          33          22  0.675680459      -8.46134871E-03 -0.500000000    
          33          23  0.779450774      -2.57548057E-02 -0.500000000    
          33          24  0.712840199      -2.64843907E-02 -0.500000000    
          33          25  0.583652735      -2.16656700E-02 -0.500000000    
          33          26  0.366595626      -1.66135747E-03 -0.500000000    
          33          27  0.270918965       3.83344628E-02 -0.500000000    
          33          28  0.154235229       5.72164655E-02 -0.500000000    
          33          29   9.74382386E-02   4.04633284E-02 -0.500000000    
          33          30  0.134365708       4.47441339E-02 -0.500000000    
          33          31  0.186902836       6.31643161E-02 -0.500000000    
          33          32  0.353574991      0.103651538     -0.500000000    
          33          33  0.587967038      0.138221562     -0.500000000    
