           1           1 -0.217586040       9.80893075E-02 -0.500000000    
           1           2 -0.217653394       5.36242276E-02 -0.500000000    
           1           3   6.41546817E-03   1.84411891E-02 -0.500000000    
           1           4  0.108811550       1.07662994E-02 -0.500000000    
           1           5  0.257339567       2.96237934E-02 -0.500000000    
           1           6  0.364190429       4.89302166E-02 -0.500000000    
           1           7  0.588813305       5.12785800E-02 -0.500000000    
           1           8  0.696171105       4.91567887E-02 -0.500000000    
           1           9  0.439475745       5.38801439E-02 -0.500000000    
           1          10  0.305960774       7.30310827E-02 -0.500000000    
           1          11  0.327963412       8.46035704E-02 -0.500000000    
           1          12  0.271005750       7.10936040E-02 -0.500000000    
           1          13  0.207622990       5.06742559E-02 -0.500000000    
           1          14  0.182953462       1.96755528E-02 -0.500000000    
           1          15  0.175737992      -8.31816439E-03 -0.500000000    
           1          16  0.138695717      -2.63714269E-02 -0.500000000    
           1          17  0.177240223      -3.50880921E-02 -0.500000000    
           1          18  0.250164062      -3.79925370E-02 -0.500000000    
           1          19  0.374108464      -2.78300401E-02 -0.500000000    
           1          20  0.425493538      -6.93435362E-03 -0.500000000    
           1          21  0.390163511       1.96780991E-02 -0.500000000    
           1          22  0.461716145       3.67925614E-02 -0.500000000    
           1          23  0.487947851       5.21832444E-02 -0.500000000    
           1          24  0.442347080       4.86515909E-02 -0.500000000    
           1          25  0.480120927       4.32528704E-02 -0.500000000    
           1          26  0.611027539       4.53061201E-02 -0.500000000    
           1          27  0.567095339       3.82177942E-02 -0.500000000    
           1          28  0.332243651       3.50639112E-02 -0.500000000    
           1          29  0.161813080       2.96014585E-02 -0.500000000    
           1          30  -4.79147397E-02   3.72403152E-02 -0.500000000    
           1          31  -4.21084883E-03   5.98459654E-02 -0.500000000    
           1          32  0.323677033       8.15105066E-02 -0.500000000    
           1          33  0.523114026      0.141786456     -0.500000000    
           2           1 -0.217623204       5.36293462E-02 -0.500000000    
           2           2 -0.125436530       1.13332458E-02 -0.500000000    
           2           3  -2.69050151E-03  -7.52625708E-03 -0.500000000    
           2           4  0.131059289      -9.61709395E-03 -0.500000000    
           2           5  0.216172665       8.75453185E-03 -0.500000000    
           2           6  0.260449588       3.09718084E-02 -0.500000000    
           2           7  0.374944627       4.43834998E-02 -0.500000000    
           2           8  0.429645896       6.43943772E-02 -0.500000000    
           2           9  0.158884525       8.37389827E-02 -0.500000000    
           2          10   8.17589313E-02  0.100812420     -0.500000000    
           2          11  0.145627245      0.102211848     -0.500000000    
           2          12  0.147200823       7.48893023E-02 -0.500000000    
           2          13  0.143231571       4.64041866E-02 -0.500000000    
           2          14  0.133572638       1.91710163E-02 -0.500000000    
           2          15  0.131839857       2.98893242E-03 -0.500000000    
           2          16   9.98728499E-02  -6.41304813E-03 -0.500000000    
           2          17  0.125478774      -1.08659891E-02 -0.500000000    
           2          18  0.135892555      -1.57508366E-02 -0.500000000    
           2          19  0.219402149      -1.35008069E-02 -0.500000000    
           2          20  0.279885858      -2.77187768E-03 -0.500000000    
           2          21  0.233114377       2.11031754E-02 -0.500000000    
           2          22  0.241575748       4.96486127E-02 -0.500000000    
           2          23  0.228632331       7.84508362E-02 -0.500000000    
           2          24  0.162514299       8.13926160E-02 -0.500000000    
           2          25  0.182325274       7.55321309E-02 -0.500000000    
           2          26  0.314359993       6.71563223E-02 -0.500000000    
           2          27  0.294872344       4.48825285E-02 -0.500000000    
           2          28  0.139270931       3.27727161E-02 -0.500000000    
           2          29   6.59367144E-02   2.05877703E-02 -0.500000000    
           2          30  -4.35115844E-02   1.79992430E-02 -0.500000000    
           2          31   1.46662015E-02   2.57719830E-02 -0.500000000    
           2          32  0.150571316       4.07695845E-02 -0.500000000    
           2          33  0.290594935      0.101512298     -0.500000000    
           3           1   6.39670342E-03   1.84503160E-02 -0.500000000    
           3           2  -2.71056942E-03  -7.52334343E-03 -0.500000000    
           3           3  -2.36017946E-02   6.13126322E-04 -0.500000000    
           3           4   5.26567474E-02   1.26356967E-02 -0.500000000    
           3           5  0.149429724       2.83811502E-02 -0.500000000    
           3           6  0.236508131       4.14824970E-02 -0.500000000    
           3           7  0.330153912       3.97192799E-02 -0.500000000    
           3           8  0.305079043       5.15241586E-02 -0.500000000    
           3           9   4.77467924E-02   7.11430386E-02 -0.500000000    
           3          10  0.119162038       9.78426263E-02 -0.500000000    
           3          11  0.196884662      0.112602264     -0.500000000    
           3          12  0.126704112       9.18309018E-02 -0.500000000    
           3          13   9.96185392E-02   7.07342103E-02 -0.500000000    
           3          14   9.43323001E-02   4.46840897E-02 -0.500000000    
           3          15  0.114282481       2.18712147E-02 -0.500000000    
           3          16   8.59369114E-02   5.44348266E-03 -0.500000000    
           3          17   9.25137028E-02  -5.85443340E-04 -0.500000000    
           3          18   7.52855763E-02  -3.69559764E-03 -0.500000000    
           3          19  0.119592391       6.81503350E-03 -0.500000000    
           3          20  0.149215266       2.76688877E-02 -0.500000000    
           3          21   8.87887776E-02   5.35196140E-02 -0.500000000    
           3          22  0.112719811       7.68339485E-02 -0.500000000    
           3          23  0.181242570       9.59638879E-02 -0.500000000    
           3          24  0.128110081       8.69286805E-02 -0.500000000    
           3          25   9.37423855E-03   7.30612949E-02 -0.500000000    
           3          26  0.148880422       6.35617524E-02 -0.500000000    
           3          27  0.213689923       4.91765924E-02 -0.500000000    
           3          28  0.116146959       5.14893010E-02 -0.500000000    
           3          29   7.28431046E-02   4.73803505E-02 -0.500000000    
           3          30   3.04426812E-03   3.97614352E-02 -0.500000000    
           3          31   3.78559008E-02   2.78725754E-02 -0.500000000    
           3          32  -2.55549978E-03   2.73871552E-02 -0.500000000    
           3          33   1.06182452E-02   7.96297044E-02 -0.500000000    
           4           1  0.108739920       1.07747139E-02 -0.500000000    
           4           2  0.131006867      -9.61259287E-03 -0.500000000    
           4           3   5.26307561E-02   1.26374708E-02 -0.500000000    
           4           4   1.74255408E-02   3.17232534E-02 -0.500000000    
           4           5  0.101960458       3.73230688E-02 -0.500000000    
           4           6  0.213174567       3.75683084E-02 -0.500000000    
           4           7  0.294391334       2.40586251E-02 -0.500000000    
           4           8  0.284789145       2.50720158E-02 -0.500000000    
           4           9   8.83935858E-03   4.34326343E-02 -0.500000000    
           4          10   1.32148368E-02   7.32906684E-02 -0.500000000    
           4          11  0.134968534      0.104946785     -0.500000000    
           4          12  0.168513373       9.55940560E-02 -0.500000000    
           4          13  0.149134025       7.86025226E-02 -0.500000000    
           4          14   7.94864669E-02   6.22953251E-02 -0.500000000    
           4          15   3.59041207E-02   4.27396111E-02 -0.500000000    
           4          16   2.90821623E-02   1.46618001E-02 -0.500000000    
           4          17   4.51682843E-02   3.76451469E-04 -0.500000000    
           4          18   1.14181009E-03   5.85668208E-03 -0.500000000    
           4          19  -1.36671774E-02   2.85421088E-02 -0.500000000    
           4          20   6.07448928E-02   4.80539724E-02 -0.500000000    
           4          21   9.42570940E-02   6.61804676E-02 -0.500000000    
           4          22  0.142978162       9.10046771E-02 -0.500000000    
           4          23  0.140258521      0.105122335     -0.500000000    
           4          24  -2.40449961E-02   8.04540068E-02 -0.500000000    
           4          25  -5.78180030E-02   5.69479130E-02 -0.500000000    
           4          26  0.196075320       4.12682407E-02 -0.500000000    
           4          27  0.196662545       3.37100476E-02 -0.500000000    
           4          28  0.113683455       4.90909293E-02 -0.500000000    
           4          29   7.40078092E-02   5.96990921E-02 -0.500000000    
           4          30   2.23175958E-02   5.83005324E-02 -0.500000000    
           4          31   4.50757705E-02   3.80790010E-02 -0.500000000    
           4          32  -8.24954733E-03   2.91162506E-02 -0.500000000    
           4          33  -3.50458547E-02   7.63031468E-02 -0.500000000    
           5           1  0.257302880       2.96217743E-02 -0.500000000    
           5           2  0.216143355       8.75379145E-03 -0.500000000    
           5           3  0.149411738       2.83814352E-02 -0.500000000    
           5           4  0.101946831       3.73223051E-02 -0.500000000    
           5           5   4.08053398E-02   2.95151286E-02 -0.500000000    
           5           6   4.04363461E-02   2.35339347E-02 -0.500000000    
           5           7  0.125141189       1.39874928E-02 -0.500000000    
           5           8  0.276964337       1.19722309E-02 -0.500000000    
           5           9  0.116429843       2.59090234E-02 -0.500000000    
           5          10   5.61521985E-02   4.20233086E-02 -0.500000000    
           5          11   5.14011830E-02   6.32629395E-02 -0.500000000    
           5          12   2.18253285E-02   5.91280349E-02 -0.500000000    
           5          13   5.67460246E-02   5.68229258E-02 -0.500000000    
           5          14   9.42821354E-02   5.91300204E-02 -0.500000000    
           5          15   6.01101331E-02   4.62360904E-02 -0.500000000    
           5          16  -1.28103904E-02   2.04271358E-02 -0.500000000    
           5          17  -6.79576844E-02   7.91083649E-03 -0.500000000    
           5          18  -4.84409146E-02   1.29307890E-02 -0.500000000    
           5          19   6.09637843E-03   3.32722701E-02 -0.500000000    
           5          20   9.03006047E-02   4.78628352E-02 -0.500000000    
           5          21   3.54726724E-02   5.36647998E-02 -0.500000000    
           5          22   2.97043845E-02   7.06638247E-02 -0.500000000    
           5          23   2.98516992E-02   7.62565956E-02 -0.500000000    
           5          24   1.94281377E-02   5.42364046E-02 -0.500000000    
           5          25   8.77147689E-02   3.75659168E-02 -0.500000000    
           5          26  0.279175848       2.22474542E-02 -0.500000000    
           5          27  0.110707149       2.19174251E-02 -0.500000000    
           5          28   1.75044537E-02   3.86050045E-02 -0.500000000    
           5          29   2.78851204E-02   5.53597137E-02 -0.500000000    
           5          30  0.100655891       6.13813065E-02 -0.500000000    
           5          31  0.111952402       4.71457914E-02 -0.500000000    
           5          32   8.55643898E-02   3.66776139E-02 -0.500000000    
           5          33  0.132258594       8.09781477E-02 -0.500000000    
           6           1  0.364209533       4.89141531E-02 -0.500000000    
           6           2  0.260466993       3.09599526E-02 -0.500000000    
           6           3  0.236518413       4.14771959E-02 -0.500000000    
           6           4  0.213165969       3.75665314E-02 -0.500000000    
           6           5   4.04220223E-02   2.35329960E-02 -0.500000000    
           6           6  -2.06356365E-02   1.23012401E-02 -0.500000000    
           6           7  -3.51965539E-02   4.69491119E-03 -0.500000000    
           6           8   9.03408453E-02   1.33912789E-03 -0.500000000    
           6           9  0.101386510       1.61073748E-02 -0.500000000    
           6          10  -5.68229239E-04   2.77471058E-02 -0.500000000    
           6          11  -8.39829817E-03   3.86721417E-02 -0.500000000    
           6          12  -6.72944784E-02   3.24527472E-02 -0.500000000    
           6          13  -2.71708127E-02   2.64379885E-02 -0.500000000    
           6          14   5.41372970E-03   3.71990353E-02 -0.500000000    
           6          15  -1.67420153E-02   4.43431661E-02 -0.500000000    
           6          16  -4.49541723E-04   3.04307602E-02 -0.500000000    
           6          17   3.34627479E-02   1.76339932E-02 -0.500000000    
           6          18   1.41155832E-02   2.53695715E-02 -0.500000000    
           6          19  -1.95719972E-02   3.57387438E-02 -0.500000000    
           6          20  -8.29228386E-03   3.36572975E-02 -0.500000000    
           6          21  -5.27827293E-02   2.99121849E-02 -0.500000000    
           6          22  -3.21674384E-02   4.89072204E-02 -0.500000000    
           6          23  -1.91916327E-03   5.52749112E-02 -0.500000000    
           6          24   1.05542922E-02   4.22858931E-02 -0.500000000    
           6          25  0.116777286       2.70841755E-02 -0.500000000    
           6          26  0.119387843       8.19298159E-03 -0.500000000    
           6          27  -4.03559208E-02   9.44267027E-03 -0.500000000    
           6          28  -5.56393787E-02   2.17936169E-02 -0.500000000    
           6          29   1.55893844E-02   4.12159897E-02 -0.500000000    
           6          30  0.171781987       5.01531288E-02 -0.500000000    
           6          31  0.185216084       4.59042676E-02 -0.500000000    
           6          32  0.166956767       3.75724956E-02 -0.500000000    
           6          33  0.276990414       7.41123259E-02 -0.500000000    
           7           1  0.588976562       5.12577817E-02 -0.500000000    
           7           2  0.375073403       4.43653651E-02 -0.500000000    
           7           3  0.330242932       3.97078954E-02 -0.500000000    
           7           4  0.294427365       2.40554567E-02 -0.500000000    
           7           5  0.125135168       1.39866546E-02 -0.500000000    
           7           6  -3.52015086E-02   4.69484273E-03 -0.500000000    
           7           7 -0.106803559      -2.36437214E-03 -0.500000000    
           7           8  -7.40581527E-02  -2.66296882E-03 -0.500000000    
           7           9   7.18698576E-02   1.09059177E-02 -0.500000000    
           7          10  -2.10174881E-02   2.46481877E-02 -0.500000000    
           7          11  -9.96089727E-02   3.12864184E-02 -0.500000000    
           7          12 -0.126244158       2.94386707E-02 -0.500000000    
           7          13  -9.61372815E-03   2.69213710E-02 -0.500000000    
           7          14   3.64319002E-03   4.23710868E-02 -0.500000000    
           7          15  -2.29240060E-02   4.49216589E-02 -0.500000000    
           7          16   9.95262116E-02   3.67158689E-02 -0.500000000    
           7          17  0.118258461       2.91439146E-02 -0.500000000    
           7          18  0.136230469       3.25090177E-02 -0.500000000    
           7          19   6.82481099E-03   3.89927961E-02 -0.500000000    
           7          20  -1.70388855E-02   4.00401503E-02 -0.500000000    
           7          21  -4.22498677E-03   3.33497003E-02 -0.500000000    
           7          22 -0.118589893       4.41078804E-02 -0.500000000    
           7          23 -0.126791015       4.64431159E-02 -0.500000000    
           7          24  -6.00529499E-02   4.01463918E-02 -0.500000000    
           7          25   5.43896258E-02   2.17915867E-02 -0.500000000    
           7          26  -8.52928311E-02  -3.90241301E-04 -0.500000000    
           7          27 -0.146559209      -4.98359185E-03 -0.500000000    
           7          28  -6.20054416E-02   4.79875691E-03 -0.500000000    
           7          29  0.116457626       2.10422520E-02 -0.500000000    
           7          30  0.268106103       2.40336619E-02 -0.500000000    
           7          31  0.337863207       2.14405823E-02 -0.500000000    
           7          32  0.366373867       1.37250470E-02 -0.500000000    
           7          33  0.569325268       2.85853278E-02 -0.500000000    
           8           1  0.696272612       4.91352826E-02 -0.500000000    
           8           2  0.429726422       6.43748492E-02 -0.500000000    
           8           3  0.305141181       5.15099764E-02 -0.500000000    
           8           4  0.284836233       2.50678398E-02 -0.500000000    
           8           5  0.277001381       1.19727524E-02 -0.500000000    
           8           6   9.03660432E-02   1.33977027E-03 -0.500000000    
           8           7  -7.40386248E-02  -2.66201724E-03 -0.500000000    
           8           8  -3.40534970E-02   3.32431612E-03 -0.500000000    
           8           9  0.148194239       1.38958208E-02 -0.500000000    
           8          10  0.153322563       2.41711158E-02 -0.500000000    
           8          11   4.72448859E-03   3.31133567E-02 -0.500000000    
           8          12  -9.62054804E-02   4.77689728E-02 -0.500000000    
           8          13  -1.14438217E-02   4.88116592E-02 -0.500000000    
           8          14  0.164793193       6.16450422E-02 -0.500000000    
           8          15  0.130969718       5.53173721E-02 -0.500000000    
           8          16  0.105202384       4.21323739E-02 -0.500000000    
           8          17  0.122229174       3.36001888E-02 -0.500000000    
           8          18  0.109333761       3.68097425E-02 -0.500000000    
           8          19  0.150210410       4.76486012E-02 -0.500000000    
           8          20  0.139559552       5.47198988E-02 -0.500000000    
           8          21   6.85704453E-03   5.46144284E-02 -0.500000000    
           8          22 -0.140092686       5.90177663E-02 -0.500000000    
           8          23  -9.14175659E-02   4.85221185E-02 -0.500000000    
           8          24   4.04143706E-02   4.16865647E-02 -0.500000000    
           8          25   9.04189870E-02   2.27540229E-02 -0.500000000    
           8          26  -4.69677001E-02   1.20182545E-03 -0.500000000    
           8          27  -6.43947944E-02  -1.01307416E-02 -0.500000000    
           8          28  0.127374142      -5.85924275E-03 -0.500000000    
           8          29  0.346350819       9.32191592E-03 -0.500000000    
           8          30  0.354194790       1.34277940E-02 -0.500000000    
           8          31  0.396080047       1.55900558E-02 -0.500000000    
           8          32  0.489560544       1.02805384E-02 -0.500000000    
           8          33  0.743182302      -3.54380812E-03 -0.500000000    
           9           1  0.439472884       5.38565814E-02 -0.500000000    
           9           2  0.158905208       8.37159082E-02 -0.500000000    
           9           3   4.78024222E-02   7.11212084E-02 -0.500000000    
           9           4   8.87922198E-03   4.34188992E-02 -0.500000000    
           9           5  0.116434276       2.59037595E-02 -0.500000000    
           9           6  0.101381429       1.61053948E-02 -0.500000000    
           9           7   7.18862936E-02   1.09064728E-02 -0.500000000    
           9           8  0.148217589       1.38981044E-02 -0.500000000    
           9           9  0.294289380       2.49216575E-02 -0.500000000    
           9          10  0.400360763       3.92151698E-02 -0.500000000    
           9          11  0.146019220       5.61620295E-02 -0.500000000    
           9          12  -6.71492442E-02   7.55321085E-02 -0.500000000    
           9          13   3.91681073E-03   8.32867995E-02 -0.500000000    
           9          14  0.214179352       8.29899609E-02 -0.500000000    
           9          15  0.243590146       7.66940489E-02 -0.500000000    
           9          16  0.126992092       6.33495152E-02 -0.500000000    
           9          17   3.91192585E-02   4.66100462E-02 -0.500000000    
           9          18  0.111261137       5.35358451E-02 -0.500000000    
           9          19  0.222305566       6.36610538E-02 -0.500000000    
           9          20  0.185543880       7.18661845E-02 -0.500000000    
           9          21   3.83434035E-02   8.71340185E-02 -0.500000000    
           9          22 -0.114869833       8.53297040E-02 -0.500000000    
           9          23   1.52100576E-03   7.34742433E-02 -0.500000000    
           9          24  0.270616531       5.87237366E-02 -0.500000000    
           9          25  0.274861366       3.53461318E-02 -0.500000000    
           9          26  0.175642461       1.24499649E-02 -0.500000000    
           9          27  0.102859646      -6.76580123E-04 -0.500000000    
           9          28  0.147035211       3.10395821E-03 -0.500000000    
           9          29  0.183158532       1.81802139E-02 -0.500000000    
           9          30   8.46907049E-02   2.87266169E-02 -0.500000000    
           9          31  0.175173163       3.53067853E-02 -0.500000000    
           9          32  0.263000041       3.13438252E-02 -0.500000000    
           9          33  0.477192104      -4.60243737E-03 -0.500000000    
          10           1  0.305957347       7.30106086E-02 -0.500000000    
          10           2   8.18165466E-02  0.100793339     -0.500000000    
          10           3  0.119222470       9.78255793E-02 -0.500000000    
          10           4   1.32897813E-02   7.32760429E-02 -0.500000000    
          10           5   5.62268496E-02   4.20136042E-02 -0.500000000    
          10           6  -5.27510187E-04   2.77400501E-02 -0.500000000    
          10           7  -2.10275203E-02   2.46442128E-02 -0.500000000    
          10           8  0.153304338       2.41709370E-02 -0.500000000    
          10           9  0.400377691       3.92170101E-02 -0.500000000    
          10          10  0.417087764       6.87715188E-02 -0.500000000    
          10          11  0.250034779       8.53227153E-02 -0.500000000    
          10          12   7.06420979E-05   9.85432342E-02 -0.500000000    
          10          13  -8.46663937E-02  0.106845438     -0.500000000    
          10          14  0.112686977       9.92171988E-02 -0.500000000    
          10          15  0.234979510      0.100024119     -0.500000000    
          10          16  0.187732875       9.17418823E-02 -0.500000000    
          10          17  0.188390315       8.67954791E-02 -0.500000000    
          10          18  0.191401049       7.82277137E-02 -0.500000000    
          10          19  0.196965456       8.27099159E-02 -0.500000000    
          10          20   9.80918854E-02   8.99802074E-02 -0.500000000    
          10          21  -3.94248590E-02  0.110768698     -0.500000000    
          10          22  -3.37771475E-02  0.109595597     -0.500000000    
          10          23   8.82034004E-02  0.105392814     -0.500000000    
          10          24  0.271515608       9.24850702E-02 -0.500000000    
          10          25  0.376585305       5.47223724E-02 -0.500000000    
          10          26  0.141509548       2.48246752E-02 -0.500000000    
          10          27  -5.25641590E-02   1.40363649E-02 -0.500000000    
          10          28   2.19897963E-02   1.64285470E-02 -0.500000000    
          10          29   9.89910439E-02   3.52926888E-02 -0.500000000    
          10          30   6.30053207E-02   5.89185096E-02 -0.500000000    
          10          31  0.176661059       6.75774738E-02 -0.500000000    
          10          32  0.131962523       5.89171760E-02 -0.500000000    
          10          33  0.293494552       2.06109993E-02 -0.500000000    
          11           1  0.327984989       8.45903233E-02 -0.500000000    
          11           2  0.145648032      0.102200180     -0.500000000    
          11           3  0.196894825      0.112594083     -0.500000000    
          11           4  0.134965777      0.104937494     -0.500000000    
          11           5   5.14500588E-02   6.32544234E-02 -0.500000000    
          11           6  -8.33741296E-03   3.86642180E-02 -0.500000000    
          11           7  -9.95757282E-02   3.12795267E-02 -0.500000000    
          11           8   4.74456744E-03   3.31084952E-02 -0.500000000    
          11           9  0.146030113       5.61595373E-02 -0.500000000    
          11          10  0.250059426       8.53229985E-02 -0.500000000    
          11          11  0.240408555       9.91383865E-02 -0.500000000    
          11          12  -1.98266096E-02  0.101637974     -0.500000000    
          11          13 -0.160912603      0.109689154     -0.500000000    
          11          14   2.06752075E-03  0.109867193     -0.500000000    
          11          15  0.112390384      0.107719339     -0.500000000    
          11          16  0.244558692      0.116960190     -0.500000000    
          11          17  0.305606157      0.122026093     -0.500000000    
          11          18  0.241396502      0.106346376     -0.500000000    
          11          19   9.51939896E-02   9.38378572E-02 -0.500000000    
          11          20   2.51000021E-02  0.104592629     -0.500000000    
          11          21 -0.123905666      0.112837873     -0.500000000    
          11          22  -5.74189238E-02  0.115079999     -0.500000000    
          11          23  0.122458383      0.121478565     -0.500000000    
          11          24  0.148741603      0.110235691     -0.500000000    
          11          25   7.27996603E-02   7.31150135E-02 -0.500000000    
          11          26  -4.64426130E-02   3.65908444E-02 -0.500000000    
          11          27 -0.122696705       2.50458512E-02 -0.500000000    
          11          28   8.33227206E-03   3.45175192E-02 -0.500000000    
          11          29   5.89264371E-02   6.19764552E-02 -0.500000000    
          11          30  0.171000272       9.42043737E-02 -0.500000000    
          11          31  0.193954393       9.21387076E-02 -0.500000000    
          11          32  0.142867655       7.69135058E-02 -0.500000000    
          11          33  0.272765547       5.23385108E-02 -0.500000000    
          12           1  0.271034241       7.10878596E-02 -0.500000000    
          12           2  0.147214338       7.48837292E-02 -0.500000000    
          12           3  0.126710042       9.18283015E-02 -0.500000000    
          12           4  0.168502018       9.55922008E-02 -0.500000000    
          12           5   2.18132976E-02   5.91229498E-02 -0.500000000    
          12           6  -6.72750473E-02   3.24468575E-02 -0.500000000    
          12           7 -0.126202181       2.94329245E-02 -0.500000000    
          12           8  -9.61666852E-02   4.77632321E-02 -0.500000000    
          12           9  -6.71209097E-02   7.55273029E-02 -0.500000000    
          12          10   9.24785854E-05   9.85412076E-02 -0.500000000    
          12          11  -1.97939370E-02  0.101639196     -0.500000000    
          12          12  -7.76287019E-02   9.51713100E-02 -0.500000000    
          12          13 -0.111605436      0.104389898     -0.500000000    
          12          14  -2.65702717E-02  0.120710298     -0.500000000    
          12          15   2.03752406E-02  0.118885063     -0.500000000    
          12          16  0.175095737      0.133812949     -0.500000000    
          12          17  0.189939380      0.132370770     -0.500000000    
          12          18  0.164559975      0.127044529     -0.500000000    
          12          19   2.82677934E-02  0.111575916     -0.500000000    
          12          20   1.82930450E-03  0.114139162     -0.500000000    
          12          21  -7.99714699E-02  0.103291862     -0.500000000    
          12          22 -0.104499064      0.104918018     -0.500000000    
          12          23  -1.09732170E-02  0.119378105     -0.500000000    
          12          24  -1.52905090E-02  0.118458487     -0.500000000    
          12          25  -9.89479050E-02   9.22953188E-02 -0.500000000    
          12          26 -0.147937730       5.77977151E-02 -0.500000000    
          12          27 -0.128185943       3.50978747E-02 -0.500000000    
          12          28  -2.94630155E-02   4.31846306E-02 -0.500000000    
          12          29   5.35252988E-02   7.14034364E-02 -0.500000000    
          12          30  0.210786685       9.60790738E-02 -0.500000000    
          12          31  0.158819050       8.48480538E-02 -0.500000000    
          12          32  0.190662786       6.52286708E-02 -0.500000000    
          12          33  0.277201265       6.07988499E-02 -0.500000000    
          13           1  0.207605436       5.06755784E-02 -0.500000000    
          13           2  0.143213287       4.64037806E-02 -0.500000000    
          13           3   9.96097028E-02   7.07328171E-02 -0.500000000    
          13           4  0.149121702       7.86018893E-02 -0.500000000    
          13           5   5.67224547E-02   5.68210445E-02 -0.500000000    
          13           6  -2.71900669E-02   2.64353082E-02 -0.500000000    
          13           7  -9.62667912E-03   2.69192550E-02 -0.500000000    
          13           8  -1.14506781E-02   4.88099195E-02 -0.500000000    
          13           9   3.91048705E-03   8.32857192E-02 -0.500000000    
          13          10  -8.46706554E-02  0.106845401     -0.500000000    
          13          11 -0.160905555      0.109690323     -0.500000000    
          13          12 -0.111594416      0.104391523     -0.500000000    
          13          13 -0.107812002      0.113942817     -0.500000000    
          13          14   5.34670986E-02  0.138023183     -0.500000000    
          13          15  0.171126321      0.148040161     -0.500000000    
          13          16   7.99069405E-02  0.136162266     -0.500000000    
          13          17  0.114913993      0.136433810     -0.500000000    
          13          18  0.102056928      0.132521227     -0.500000000    
          13          19  0.174274147      0.139828548     -0.500000000    
          13          20   8.42834711E-02  0.123414665     -0.500000000    
          13          21  -9.13720280E-02  0.104039140     -0.500000000    
          13          22  -9.60467160E-02  0.103224561     -0.500000000    
          13          23 -0.135714918      0.116939515     -0.500000000    
          13          24  -6.06814288E-02  0.120547235     -0.500000000    
          13          25   1.94701552E-03  0.100770071     -0.500000000    
          13          26  -4.21484187E-02   6.21739626E-02 -0.500000000    
          13          27  -3.07328012E-02   3.07738129E-02 -0.500000000    
          13          28  -4.64885533E-02   2.88832895E-02 -0.500000000    
          13          29   4.67399135E-02   6.02406971E-02 -0.500000000    
          13          30  0.141615063       7.42852241E-02 -0.500000000    
          13          31  0.103408419       6.17793277E-02 -0.500000000    
          13          32  0.159440830       4.13000248E-02 -0.500000000    
          13          33  0.187362909       5.22931963E-02 -0.500000000    
          14           1  0.182853118       1.96832921E-02 -0.500000000    
          14           2  0.133493304       1.91764962E-02 -0.500000000    
          14           3   9.42758769E-02   4.46866341E-02 -0.500000000    
          14           4   7.94543922E-02   6.22961037E-02 -0.500000000    
          14           5   9.42514315E-02   5.91297261E-02 -0.500000000    
          14           6   5.39440522E-03   3.71984802E-02 -0.500000000    
          14           7   3.64646921E-03   4.23715673E-02 -0.500000000    
          14           8  0.164801836       6.16467819E-02 -0.500000000    
          14           9  0.214190811       8.29922706E-02 -0.500000000    
          14          10  0.112693667       9.92204547E-02 -0.500000000    
          14          11   2.05343077E-03  0.109871551     -0.500000000    
          14          12  -2.66047902E-02  0.120713905     -0.500000000    
          14          13   5.34246415E-02  0.138025135     -0.500000000    
          14          14  0.216248289      0.157803878     -0.500000000    
          14          15  0.325059980      0.171288177     -0.500000000    
          14          16  0.183807835      0.145841062     -0.500000000    
          14          17   2.97241658E-02  0.131648958     -0.500000000    
          14          18  0.217481762      0.140169755     -0.500000000    
          14          19  0.329113573      0.156312391     -0.500000000    
          14          20  0.230241612      0.136614278     -0.500000000    
          14          21   6.79588169E-02  0.122161224     -0.500000000    
          14          22  -1.02290674E-03  0.110111728     -0.500000000    
          14          23  -2.13470869E-02  0.105460078     -0.500000000    
          14          24  0.114810742       9.68440771E-02 -0.500000000    
          14          25  0.237166479       7.98139498E-02 -0.500000000    
          14          26  0.178667188       5.44076003E-02 -0.500000000    
          14          27   3.37282754E-02   3.18472385E-02 -0.500000000    
          14          28   3.01016718E-02   3.15914936E-02 -0.500000000    
          14          29  0.136021867       5.87817021E-02 -0.500000000    
          14          30  0.133837849       5.85433803E-02 -0.500000000    
          14          31  0.153774038       3.85393091E-02 -0.500000000    
          14          32  0.198452905       2.10712645E-02 -0.500000000    
          14          33  0.204465717       3.24921273E-02 -0.500000000    
          15           1  0.175584152      -8.30484740E-03 -0.500000000    
          15           2  0.131740555       2.99940584E-03 -0.500000000    
          15           3  0.114215881       2.18778327E-02 -0.500000000    
          15           4   3.58659364E-02   4.27432358E-02 -0.500000000    
          15           5   6.00804873E-02   4.62372527E-02 -0.500000000    
          15           6  -1.67753752E-02   4.43426594E-02 -0.500000000    
          15           7  -2.29386725E-02   4.49213050E-02 -0.500000000    
          15           8  0.130991608       5.53186387E-02 -0.500000000    
          15           9  0.243633822       7.66969100E-02 -0.500000000    
          15          10  0.235026717      0.100028552     -0.500000000    
          15          11  0.112426348      0.107724994     -0.500000000    
          15          12   2.03769766E-02  0.118890285     -0.500000000    
          15          13  0.171114400      0.148045167     -0.500000000    
          15          14  0.325074673      0.171291515     -0.500000000    
          15          15  0.314033687      0.160422862     -0.500000000    
          15          16   7.39332214E-02  0.149400532     -0.500000000    
          15          17   2.56629586E-02  0.134309858     -0.500000000    
          15          18   3.84157747E-02  0.139682367     -0.500000000    
          15          19  0.269876420      0.141940191     -0.500000000    
          15          20  0.327717185      0.151552245     -0.500000000    
          15          21  0.245156527      0.133452818     -0.500000000    
          15          22   4.25954610E-02  0.101749144     -0.500000000    
          15          23   7.63552561E-02   8.51104781E-02 -0.500000000    
          15          24  0.260877848       7.95453861E-02 -0.500000000    
          15          25  0.350452662       6.31549731E-02 -0.500000000    
          15          26  0.242434561       4.04342748E-02 -0.500000000    
          15          27   3.85183096E-02   2.62613464E-02 -0.500000000    
          15          28   2.45941635E-02   3.37160341E-02 -0.500000000    
          15          29   9.75265801E-02   4.13307920E-02 -0.500000000    
          15          30   8.62975121E-02   3.58829424E-02 -0.500000000    
          15          31  0.151508838       1.72140189E-02 -0.500000000    
          15          32  0.169605792       7.37846969E-03 -0.500000000    
          15          33  0.163254976       8.54074955E-03 -0.500000000    
          16           1  0.138549119      -2.63549127E-02 -0.500000000    
          16           2   9.98083055E-02  -6.40000962E-03 -0.500000000    
          16           3   8.59155431E-02   5.45220682E-03 -0.500000000    
          16           4   2.90793069E-02   1.46670043E-02 -0.500000000    
          16           5  -1.28151262E-02   2.04298440E-02 -0.500000000    
          16           6  -4.73793829E-04   3.04315090E-02 -0.500000000    
          16           7   9.95006934E-02   3.67156602E-02 -0.500000000    
          16           8  0.105202153       4.21320088E-02 -0.500000000    
          16           9  0.127016738       6.33502752E-02 -0.500000000    
          16          10  0.187763110       9.17456001E-02 -0.500000000    
          16          11  0.244573832      0.116966352     -0.500000000    
          16          12  0.175081134      0.133818641     -0.500000000    
          16          13   7.98975378E-02  0.136168092     -0.500000000    
          16          14  0.183820695      0.145846829     -0.500000000    
          16          15   7.39345774E-02  0.149402201     -0.500000000    
          16          16  0.134553954      0.150396228     -0.500000000    
          16          17  0.233076453      0.162784085     -0.500000000    
          16          18  0.109329052      0.138016149     -0.500000000    
          16          19   5.33786006E-02  0.134410784     -0.500000000    
          16          20  0.238346934      0.135533303     -0.500000000    
          16          21  0.167922899      0.118915893     -0.500000000    
          16          22  0.148902386      0.108344086     -0.500000000    
          16          23  0.239767790       8.89706239E-02 -0.500000000    
          16          24  0.260124326       6.64023533E-02 -0.500000000    
          16          25  0.242390633       4.41766232E-02 -0.500000000    
          16          26  0.197692409       2.33391579E-02 -0.500000000    
          16          27  0.133051232       1.96624137E-02 -0.500000000    
          16          28   3.24555337E-02   2.20728572E-02 -0.500000000    
          16          29   4.11408246E-02   1.45230796E-02 -0.500000000    
          16          30   9.30662826E-02   4.89152782E-03 -0.500000000    
          16          31  0.139790252      -1.40812038E-03 -0.500000000    
          16          32  0.146670550      -5.87939518E-03 -0.500000000    
          16          33  0.130681381      -1.41011439E-02 -0.500000000    
          17           1  0.177093223      -3.50700729E-02 -0.500000000    
          17           2  0.125448853      -1.08516272E-02 -0.500000000    
          17           3   9.25411880E-02  -5.75578946E-04 -0.500000000    
          17           4   4.52036373E-02   3.82216764E-04 -0.500000000    
          17           5  -6.79410994E-02   7.91390426E-03 -0.500000000    
          17           6   3.34512293E-02   1.76352821E-02 -0.500000000    
          17           7  0.118232004       2.91433353E-02 -0.500000000    
          17           8  0.122227170       3.35986055E-02 -0.500000000    
          17           9   3.91395539E-02   4.66099270E-02 -0.500000000    
          17          10  0.188414678       8.67999792E-02 -0.500000000    
          17          11  0.305601686      0.122032478     -0.500000000    
          17          12  0.189911708      0.132376835     -0.500000000    
          17          13  0.114900857      0.136439562     -0.500000000    
          17          14   2.97366716E-02  0.131654203     -0.500000000    
          17          15   2.56699659E-02  0.134312347     -0.500000000    
          17          16  0.233082891      0.162783459     -0.500000000    
          17          17  0.342861682      0.160273880     -0.500000000    
          17          18  0.226562575      0.149181262     -0.500000000    
          17          19   4.42200042E-02  0.120541736     -0.500000000    
          17          20  0.103628427      0.119988292     -0.500000000    
          17          21  0.183493793      0.119839795     -0.500000000    
          17          22  0.167257518      0.104593091     -0.500000000    
          17          23  0.270098537       8.95805210E-02 -0.500000000    
          17          24  0.274906337       6.40324131E-02 -0.500000000    
          17          25  0.166653141       2.80097928E-02 -0.500000000    
          17          26  0.210277006       1.30717196E-02 -0.500000000    
          17          27  0.138768852       1.31383557E-02 -0.500000000    
          17          28   2.10354738E-02   8.11074954E-03 -0.500000000    
          17          29  -3.31597626E-02  -1.10397884E-03 -0.500000000    
          17          30   9.11157280E-02  -1.28499623E-02 -0.500000000    
          17          31  0.146100938      -1.02459425E-02 -0.500000000    
          17          32  0.170068145      -1.25016337E-02 -0.500000000    
          17          33  0.159814492      -2.44509112E-02 -0.500000000    
          18           1  0.249951243      -3.79761010E-02 -0.500000000    
          18           2  0.135822460      -1.57369021E-02 -0.500000000    
          18           3   7.52869844E-02  -3.68611421E-03 -0.500000000    
          18           4   1.15668809E-03   5.86203858E-03 -0.500000000    
          18           5  -4.84417006E-02   1.29333436E-02 -0.500000000    
          18           6   1.40888831E-02   2.53701247E-02 -0.500000000    
          18           7  0.136202827       3.25076319E-02 -0.500000000    
          18           8  0.109334543       3.68076749E-02 -0.500000000    
          18           9  0.111278594       5.35359085E-02 -0.500000000    
          18          10  0.191423982       7.82321766E-02 -0.500000000    
          18          11  0.241401181      0.106352776     -0.500000000    
          18          12  0.164534703      0.127050415     -0.500000000    
          18          13  0.102053985      0.132527456     -0.500000000    
          18          14  0.217481166      0.140175745     -0.500000000    
          18          15   3.84154655E-02  0.139684260     -0.500000000    
          18          16  0.109327249      0.138015330     -0.500000000    
          18          17  0.226550803      0.149180144     -0.500000000    
          18          18   7.87302703E-02  0.122525185     -0.500000000    
          18          19   1.57062765E-02  0.119355053     -0.500000000    
          18          20  0.279170007      0.125725195     -0.500000000    
          18          21  0.191928506      0.113880537     -0.500000000    
          18          22  0.147897005      0.103451066     -0.500000000    
          18          23  0.232491270       8.10215771E-02 -0.500000000    
          18          24  0.272096127       5.47961742E-02 -0.500000000    
          18          25  0.233449921       3.21672112E-02 -0.500000000    
          18          26  0.185061693       1.37994261E-02 -0.500000000    
          18          27  0.131869704       1.18032210E-02 -0.500000000    
          18          28   1.32928602E-02   1.43763125E-02 -0.500000000    
          18          29  -2.40330980E-03   5.21461805E-03 -0.500000000    
          18          30   8.61579105E-02  -5.54927485E-03 -0.500000000    
          18          31  0.172239810      -1.17115946E-02 -0.500000000    
          18          32  0.220107734      -1.54014025E-02 -0.500000000    
          18          33  0.245969161      -2.49364302E-02 -0.500000000    
          19           1  0.373873353      -2.78171711E-02 -0.500000000    
          19           2  0.219268262      -1.34896021E-02 -0.500000000    
          19           3  0.119527027       6.82254415E-03 -0.500000000    
          19           4  -1.36996796E-02   2.85463538E-02 -0.500000000    
          19           5   6.06304919E-03   3.32739204E-02 -0.500000000    
          19           6  -1.96160804E-02   3.57382931E-02 -0.500000000    
          19           7   6.80264272E-03   3.89920063E-02 -0.500000000    
          19           8  0.150224581       4.76493537E-02 -0.500000000    
          19           9  0.222338215       6.36636764E-02 -0.500000000    
          19          10  0.196999922       8.27151760E-02 -0.500000000    
          19          11   9.52182710E-02   9.38446969E-02 -0.500000000    
          19          12   2.82716695E-02  0.111582994     -0.500000000    
          19          13  0.174288839      0.139835373     -0.500000000    
          19          14  0.329121143      0.156317472     -0.500000000    
          19          15  0.269879609      0.141942188     -0.500000000    
          19          16   5.33802658E-02  0.134411126     -0.500000000    
          19          17   4.42141481E-02  0.120541587     -0.500000000    
          19          18   1.57092791E-02  0.119355567     -0.500000000    
          19          19  0.236265302      0.116240785     -0.500000000    
          19          20  0.350236058      0.132289082     -0.500000000    
          19          21  0.251172632      0.122947507     -0.500000000    
          19          22   6.37729540E-02   9.57689732E-02 -0.500000000    
          19          23   8.57002959E-02   7.26757497E-02 -0.500000000    
          19          24  0.230607301       6.07073195E-02 -0.500000000    
          19          25  0.327561706       4.48257439E-02 -0.500000000    
          19          26  0.250750899       2.65276600E-02 -0.500000000    
          19          27   4.83507216E-02   1.56125017E-02 -0.500000000    
          19          28   5.51665109E-03   2.13129669E-02 -0.500000000    
          19          29   4.88404334E-02   2.49904133E-02 -0.500000000    
          19          30   6.82182908E-02   1.82746705E-02 -0.500000000    
          19          31  0.204681411      -7.45780126E-04 -0.500000000    
          19          32  0.291070372      -1.10746743E-02 -0.500000000    
          19          33  0.349858105      -1.18954442E-02 -0.500000000    
          20           1  0.425364017      -6.92661759E-03 -0.500000000    
          20           2  0.279783756      -2.76524411E-03 -0.500000000    
          20           3  0.149138659       2.76734624E-02 -0.500000000    
          20           4   6.06897362E-02   4.80570085E-02 -0.500000000    
          20           5   9.02509391E-02   4.78639565E-02 -0.500000000    
          20           6  -8.32585339E-03   3.36575545E-02 -0.500000000    
          20           7  -1.70453023E-02   4.00418118E-02 -0.500000000    
          20           8  0.139589831       5.47240041E-02 -0.500000000    
          20           9  0.185592458       7.18715638E-02 -0.500000000    
          20          10   9.81410742E-02   8.99865702E-02 -0.500000000    
          20          11   2.51301564E-02  0.104599655     -0.500000000    
          20          12   1.85152842E-03  0.114145376     -0.500000000    
          20          13   8.42844024E-02  0.123419277     -0.500000000    
          20          14  0.230256408      0.136616200     -0.500000000    
          20          15  0.327722698      0.151551351     -0.500000000    
          20          16  0.238350347      0.135531053     -0.500000000    
          20          17  0.103626221      0.119987175     -0.500000000    
          20          18  0.279185921      0.125724226     -0.500000000    
          20          19  0.350245953      0.132288545     -0.500000000    
          20          20  0.258118242      0.111031786     -0.500000000    
          20          21  0.111463591      0.101024985     -0.500000000    
          20          22   5.26801012E-02   9.59195346E-02 -0.500000000    
          20          23   3.70287560E-02   9.34444740E-02 -0.500000000    
          20          24  0.133774862       8.28187540E-02 -0.500000000    
          20          25  0.245168522       6.27270713E-02 -0.500000000    
          20          26  0.160513565       3.89401019E-02 -0.500000000    
          20          27  -1.03048403E-02   2.07543503E-02 -0.500000000    
          20          28  -1.23642115E-02   2.08924897E-02 -0.500000000    
          20          29  0.114466511       4.27632704E-02 -0.500000000    
          20          30  0.115852326       4.14015241E-02 -0.500000000    
          20          31  0.214233816       1.97036304E-02 -0.500000000    
          20          32  0.331339449      -1.21784408E-03 -0.500000000    
          20          33  0.399125963       7.38151558E-03 -0.500000000    
          21           1  0.390205771       1.96786355E-02 -0.500000000    
          21           2  0.233122215       2.11032722E-02 -0.500000000    
          21           3   8.87745470E-02   5.35200462E-02 -0.500000000    
          21           4   9.42308307E-02   6.61817044E-02 -0.500000000    
          21           5   3.54536884E-02   5.36658838E-02 -0.500000000    
          21           6  -5.27833961E-02   2.99144778E-02 -0.500000000    
          21           7  -4.21705190E-03   3.33532020E-02 -0.500000000    
          21           8   6.85821101E-03   5.46186343E-02 -0.500000000    
          21           9   3.83404866E-02   8.71380195E-02 -0.500000000    
          21          10  -3.94128896E-02  0.110772982     -0.500000000    
          21          11 -0.123898141      0.112843595     -0.500000000    
          21          12  -7.99658895E-02  0.103297725     -0.500000000    
          21          13  -9.13770497E-02  0.104041889     -0.500000000    
          21          14   6.79805577E-02  0.122160234     -0.500000000    
          21          15  0.245147288      0.133448035     -0.500000000    
          21          16  0.167887986      0.118909337     -0.500000000    
          21          17  0.183452889      0.119833015     -0.500000000    
          21          18  0.191906258      0.113874495     -0.500000000    
          21          19  0.251168370      0.122943603     -0.500000000    
          21          20  0.111479305      0.101023868     -0.500000000    
          21          21  -7.43635297E-02   8.18506032E-02 -0.500000000    
          21          22  -4.49155830E-02   8.59627351E-02 -0.500000000    
          21          23  -3.79219353E-02  0.104218252     -0.500000000    
          21          24   3.75303030E-02  0.111343317     -0.500000000    
          21          25   8.39880928E-02   9.32958499E-02 -0.500000000    
          21          26   8.47523846E-03   5.78124486E-02 -0.500000000    
          21          27  -1.71610359E-02   2.90524606E-02 -0.500000000    
          21          28  -6.95600584E-02   2.63504926E-02 -0.500000000    
          21          29   3.62956300E-02   5.23011126E-02 -0.500000000    
          21          30  0.113868989       5.89176565E-02 -0.500000000    
          21          31  0.129272193       4.19466347E-02 -0.500000000    
          21          32  0.264169037       1.42898988E-02 -0.500000000    
          21          33  0.357811779       2.15715952E-02 -0.500000000    
          22           1  0.461839616       3.67847830E-02 -0.500000000    
          22           2  0.241624415       4.96423505E-02 -0.500000000    
          22           3  0.112715647       7.68318176E-02 -0.500000000    
          22           4  0.142961785       9.10059363E-02 -0.500000000    
          22           5   2.96998527E-02   7.06655309E-02 -0.500000000    
          22           6  -3.21715921E-02   4.89083938E-02 -0.500000000    
          22           7 -0.118588567       4.41085212E-02 -0.500000000    
          22           8 -0.140106171       5.90180196E-02 -0.500000000    
          22           9 -0.114900798       8.53301361E-02 -0.500000000    
          22          10  -3.37812230E-02  0.109597392     -0.500000000    
          22          11  -5.73913939E-02  0.115083374     -0.500000000    
          22          12 -0.104492411      0.104920611     -0.500000000    
          22          13  -9.60439071E-02  0.103223547     -0.500000000    
          22          14  -1.00395549E-03  0.110107020     -0.500000000    
          22          15   4.25903946E-02  0.101742193     -0.500000000    
          22          16  0.148907781      0.108335383     -0.500000000    
          22          17  0.167267352      0.104583405     -0.500000000    
          22          18  0.147905529      0.103442855     -0.500000000    
          22          19   6.37564957E-02   9.57622677E-02 -0.500000000    
          22          20   5.26704900E-02   9.59149897E-02 -0.500000000    
          22          21  -4.48998287E-02   8.59598219E-02 -0.500000000    
          22          22 -0.102756791       9.57278609E-02 -0.500000000    
          22          23   1.82753745E-02  0.114308678     -0.500000000    
          22          24   2.20622700E-02  0.114629224     -0.500000000    
          22          25 -0.103203475       9.11145061E-02 -0.500000000    
          22          26 -0.164461955       6.00390844E-02 -0.500000000    
          22          27 -0.106295601       4.07088399E-02 -0.500000000    
          22          28   3.48520093E-03   4.98963520E-02 -0.500000000    
          22          29   6.11425005E-02   7.52447620E-02 -0.500000000    
          22          30  0.181607231       8.74727666E-02 -0.500000000    
          22          31  0.142254576       6.93127066E-02 -0.500000000    
          22          32  0.255434006       4.06933054E-02 -0.500000000    
          22          33  0.409327954       2.97602769E-02 -0.500000000    
          23           1  0.488075972       5.21645658E-02 -0.500000000    
          23           2  0.228688687       7.84360990E-02 -0.500000000    
          23           3  0.181248069       9.59576070E-02 -0.500000000    
          23           4  0.140233725      0.105120763     -0.500000000    
          23           5   2.98458021E-02   7.62552544E-02 -0.500000000    
          23           6  -1.88970636E-03   5.52721657E-02 -0.500000000    
          23           7 -0.126774833       4.64403741E-02 -0.500000000    
          23           8  -9.14310068E-02   4.85208370E-02 -0.500000000    
          23           9   1.50002260E-03   7.34739751E-02 -0.500000000    
          23          10   8.82268474E-02  0.105393924     -0.500000000    
          23          11  0.122475855      0.121479429     -0.500000000    
          23          12  -1.09752696E-02  0.119377434     -0.500000000    
          23          13 -0.135696068      0.116936982     -0.500000000    
          23          14  -2.13020630E-02  0.105454370     -0.500000000    
          23          15   7.63725042E-02   8.51040930E-02 -0.500000000    
          23          16  0.239800557       8.89631659E-02 -0.500000000    
          23          17  0.270144582       8.95726159E-02 -0.500000000    
          23          18  0.232524380       8.10146034E-02 -0.500000000    
          23          19   8.57140049E-02   7.26694167E-02 -0.500000000    
          23          20   3.70318405E-02   9.34387743E-02 -0.500000000    
          23          21  -3.79256271E-02  0.104214542     -0.500000000    
          23          22   1.82874724E-02  0.114307210     -0.500000000    
          23          23   8.13353807E-02  0.126177326     -0.500000000    
          23          24   7.36066401E-02  0.115181603     -0.500000000    
          23          25  -1.33664999E-03   8.24552402E-02 -0.500000000    
          23          26 -0.106427982       4.93878126E-02 -0.500000000    
          23          27 -0.129969403       3.77549268E-02 -0.500000000    
          23          28   2.89286464E-03   4.63761017E-02 -0.500000000    
          23          29   2.52812132E-02   6.99559078E-02 -0.500000000    
          23          30  0.156178012       9.03437734E-02 -0.500000000    
          23          31  0.154147118       7.40403906E-02 -0.500000000    
          23          32  0.163991973       5.04362583E-02 -0.500000000    
          23          33  0.347806007       1.88723039E-02 -0.500000000    
          24           1  0.442444414       4.86231148E-02 -0.500000000    
          24           2  0.162591547       8.13695937E-02 -0.500000000    
          24           3  0.128123820       8.69146883E-02 -0.500000000    
          24           4  -2.40299217E-02   8.04462880E-02 -0.500000000    
          24           5   1.94753166E-02   5.42305335E-02 -0.500000000    
          24           6   1.06011648E-02   4.22804728E-02 -0.500000000    
          24           7  -6.00431338E-02   4.01435010E-02 -0.500000000    
          24           8   4.03961875E-02   4.16865349E-02 -0.500000000    
          24           9  0.270630538       5.87257408E-02 -0.500000000    
          24          10  0.271531045       9.24868211E-02 -0.500000000    
          24          11  0.148728579      0.110236548     -0.500000000    
          24          12  -1.52853644E-02  0.118459910     -0.500000000    
          24          13  -6.06347695E-02  0.120546892     -0.500000000    
          24          14  0.114834331       9.68403146E-02 -0.500000000    
          24          15  0.260878831       7.95421377E-02 -0.500000000    
          24          16  0.260143131       6.64002150E-02 -0.500000000    
          24          17  0.274933606       6.40305430E-02 -0.500000000    
          24          18  0.272127718       5.47943227E-02 -0.500000000    
          24          19  0.230619892       6.07044585E-02 -0.500000000    
          24          20  0.133765131       8.28147456E-02 -0.500000000    
          24          21   3.75440083E-02  0.111341275     -0.500000000    
          24          22   2.20781006E-02  0.114630029     -0.500000000    
          24          23   7.36075193E-02  0.115183137     -0.500000000    
          24          24  0.162438795      0.104323886     -0.500000000    
          24          25  0.250181377       6.71960041E-02 -0.500000000    
          24          26   5.84887341E-02   4.08089608E-02 -0.500000000    
          24          27  -5.00000045E-02   2.98428051E-02 -0.500000000    
          24          28   5.34810722E-02   2.97710467E-02 -0.500000000    
          24          29   6.32270947E-02   4.54598553E-02 -0.500000000    
          24          30   2.61033699E-02   6.50498793E-02 -0.500000000    
          24          31  0.152745947       5.69503270E-02 -0.500000000    
          24          32  0.165151536       3.79853472E-02 -0.500000000    
          24          33  0.393303633      -5.93023654E-03 -0.500000000    
          25           1  0.480231494       4.32170220E-02 -0.500000000    
          25           2  0.182394475       7.55013525E-02 -0.500000000    
          25           3   9.40904766E-03   7.30386376E-02 -0.500000000    
          25           4  -5.77700548E-02   5.69349267E-02 -0.500000000    
          25           5   8.77607986E-02   3.75576578E-02 -0.500000000    
          25           6  0.116804808       2.70793419E-02 -0.500000000    
          25           7   5.44095263E-02   2.17889231E-02 -0.500000000    
          25           8   9.04143229E-02   2.27540024E-02 -0.500000000    
          25           9  0.274846226       3.53471823E-02 -0.500000000    
          25          10  0.376565844       5.47230430E-02 -0.500000000    
          25          11   7.27666393E-02   7.31176361E-02 -0.500000000    
          25          12  -9.89682674E-02   9.22998413E-02 -0.500000000    
          25          13   1.96560915E-03  0.100771226     -0.500000000    
          25          14  0.237155050       7.98130631E-02 -0.500000000    
          25          15  0.350436360       6.31559491E-02 -0.500000000    
          25          16  0.242397979       4.41806316E-02 -0.500000000    
          25          17  0.166669682       2.80156396E-02 -0.500000000    
          25          18  0.233476356       3.21720541E-02 -0.500000000    
          25          19  0.327569962       4.48280238E-02 -0.500000000    
          25          20  0.245139971       6.27257377E-02 -0.500000000    
          25          21   8.39924589E-02   9.32949856E-02 -0.500000000    
          25          22 -0.103191562       9.11169201E-02 -0.500000000    
          25          23  -1.34620024E-03   8.24587271E-02 -0.500000000    
          25          24  0.250168234       6.71976805E-02 -0.500000000    
          25          25  0.186667517       4.25145514E-02 -0.500000000    
          25          26   7.14488700E-02   2.07730941E-02 -0.500000000    
          25          27   7.96580166E-02   1.12567311E-02 -0.500000000    
          25          28  0.199293897       1.30945975E-02 -0.500000000    
          25          29  0.198121756       2.64388602E-02 -0.500000000    
          25          30   5.80966324E-02   4.09671925E-02 -0.500000000    
          25          31  0.157085881       3.82855386E-02 -0.500000000    
          25          32  0.319482088       2.27247067E-02 -0.500000000    
          25          33  0.605961263      -1.83828268E-02 -0.500000000    
          26           1  0.611148059       4.52680960E-02 -0.500000000    
          26           2  0.314382941       6.71232194E-02 -0.500000000    
          26           3  0.148947731       6.35401681E-02 -0.500000000    
          26           4  0.196165934       4.12566029E-02 -0.500000000    
          26           5  0.279240131       2.22403705E-02 -0.500000000    
          26           6  0.119400635       8.18683952E-03 -0.500000000    
          26           7  -8.53030607E-02  -3.96039948E-04 -0.500000000    
          26           8  -4.69906218E-02   1.19827362E-03 -0.500000000    
          26           9  0.175614655       1.24462061E-02 -0.500000000    
          26          10  0.141499534       2.48239059E-02 -0.500000000    
          26          11  -4.64628600E-02   3.65939140E-02 -0.500000000    
          26          12 -0.147956476       5.78013733E-02 -0.500000000    
          26          13  -4.21463512E-02   6.21747077E-02 -0.500000000    
          26          14  0.178642944       5.44079170E-02 -0.500000000    
          26          15  0.242409647       4.04368229E-02 -0.500000000    
          26          16  0.197699130       2.33450439E-02 -0.500000000    
          26          17  0.210291803       1.30793005E-02 -0.500000000    
          26          18  0.185080230       1.38067426E-02 -0.500000000    
          26          19  0.250758290       2.65319757E-02 -0.500000000    
          26          20  0.160488650       3.89404446E-02 -0.500000000    
          26          21   8.46978836E-03   5.78112118E-02 -0.500000000    
          26          22 -0.164445192       6.00402132E-02 -0.500000000    
          26          23 -0.106427781       4.93902639E-02 -0.500000000    
          26          24   5.84704578E-02   4.08112220E-02 -0.500000000    
          26          25   7.14516640E-02   2.07743254E-02 -0.500000000    
          26          26 -0.122182898       1.12391938E-03 -0.500000000    
          26          27 -0.130204886      -5.32288477E-03 -0.500000000    
          26          28   9.91015062E-02   1.45946717E-04 -0.500000000    
          26          29  0.324987799       1.36631634E-02 -0.500000000    
          26          30  0.319151700       2.37491149E-02 -0.500000000    
          26          31  0.342155725       2.56290250E-02 -0.500000000    
          26          32  0.462743104       1.49583053E-02 -0.500000000    
          26          33  0.730183959      -5.74900163E-03 -0.500000000    
          27           1  0.567155540       3.81824188E-02 -0.500000000    
          27           2  0.294902474       4.48537506E-02 -0.500000000    
          27           3  0.213752061       4.91585992E-02 -0.500000000    
          27           4  0.196690559       3.36984657E-02 -0.500000000    
          27           5  0.110690750       2.19077449E-02 -0.500000000    
          27           6  -4.03893031E-02   9.43175890E-03 -0.500000000    
          27           7 -0.146568149      -4.99311136E-03 -0.500000000    
          27           8  -6.44026324E-02  -1.01386281E-02 -0.500000000    
          27           9  0.102859661      -6.81855832E-04 -0.500000000    
          27          10  -5.25556579E-02   1.40350340E-02 -0.500000000    
          27          11 -0.122709163       2.50482578E-02 -0.500000000    
          27          12 -0.128206775       3.51006575E-02 -0.500000000    
          27          13  -3.07394080E-02   3.07747759E-02 -0.500000000    
          27          14   3.37070227E-02   3.18489373E-02 -0.500000000    
          27          15   3.85052040E-02   2.62647662E-02 -0.500000000    
          27          16  0.133048818       1.96671467E-02 -0.500000000    
          27          17  0.138767824       1.31434202E-02 -0.500000000    
          27          18  0.131871551       1.18089272E-02 -0.500000000    
          27          19   4.83599529E-02   1.56176379E-02 -0.500000000    
          27          20  -1.03065195E-02   2.07570028E-02 -0.500000000    
          27          21  -1.71689671E-02   2.90522855E-02 -0.500000000    
          27          22 -0.106273159       4.07092385E-02 -0.500000000    
          27          23 -0.129963100       3.77553813E-02 -0.500000000    
          27          24  -5.00140674E-02   2.98436638E-02 -0.500000000    
          27          25   7.96553567E-02   1.12591181E-02 -0.500000000    
          27          26 -0.130170390      -5.32110641E-03 -0.500000000    
          27          27 -0.190548554      -7.26819597E-03 -0.500000000    
          27          28  -7.78498426E-02   4.77230363E-03 -0.500000000    
          27          29   6.72242492E-02   2.11707354E-02 -0.500000000    
          27          30  0.142977625       2.79345661E-02 -0.500000000    
          27          31  0.172829583       2.86484081E-02 -0.500000000    
          27          32  0.185030192       2.34383438E-02 -0.500000000    
          27          33  0.355717480       3.23031135E-02 -0.500000000    
          28           1  0.332133144       3.50516289E-02 -0.500000000    
          28           2  0.139221638       3.27599235E-02 -0.500000000    
          28           3  0.116138212       5.14786206E-02 -0.500000000    
          28           4  0.113671593       4.90800552E-02 -0.500000000    
          28           5   1.74805820E-02   3.85900512E-02 -0.500000000    
          28           6  -5.56362793E-02   2.17777062E-02 -0.500000000    
          28           7  -6.19640425E-02   4.78719035E-03 -0.500000000    
          28           8  0.127387509      -5.86722791E-03 -0.500000000    
          28           9  0.147056326       3.09930858E-03 -0.500000000    
          28          10   2.19705943E-02   1.64276306E-02 -0.500000000    
          28          11   8.29196069E-03   3.45202982E-02 -0.500000000    
          28          12  -2.94819511E-02   4.31877784E-02 -0.500000000    
          28          13  -4.65042740E-02   2.88848318E-02 -0.500000000    
          28          14   3.00872605E-02   3.15941051E-02 -0.500000000    
          28          15   2.45919377E-02   3.37201692E-02 -0.500000000    
          28          16   3.24476063E-02   2.20763907E-02 -0.500000000    
          28          17   2.10115090E-02   8.11374560E-03 -0.500000000    
          28          18   1.32860020E-02   1.43801542E-02 -0.500000000    
          28          19   5.53284632E-03   2.13176515E-02 -0.500000000    
          28          20  -1.23525597E-02   2.08968539E-02 -0.500000000    
          28          21  -6.95677325E-02   2.63519920E-02 -0.500000000    
          28          22   3.50652612E-03   4.98971790E-02 -0.500000000    
          28          23   2.89791217E-03   4.63762134E-02 -0.500000000    
          28          24   5.34642003E-02   2.97712106E-02 -0.500000000    
          28          25  0.199269697       1.30967060E-02 -0.500000000    
          28          26   9.91449729E-02   1.48283463E-04 -0.500000000    
          28          27  -7.78008848E-02   4.77259513E-03 -0.500000000    
          28          28  -4.18795124E-02   1.50560755E-02 -0.500000000    
          28          29   4.62329015E-02   3.28383073E-02 -0.500000000    
          28          30  0.115409203       4.07064073E-02 -0.500000000    
          28          31   9.63055268E-02   3.45077924E-02 -0.500000000    
          28          32   4.65101190E-02   2.66078301E-02 -0.500000000    
          28          33  0.155031919       5.35914935E-02 -0.500000000    
          29           1  0.161730707       2.95936987E-02 -0.500000000    
          29           2   6.59386292E-02   2.05731504E-02 -0.500000000    
          29           3   7.28547722E-02   4.73651700E-02 -0.500000000    
          29           4   7.40042180E-02   5.96827716E-02 -0.500000000    
          29           5   2.78933719E-02   5.53398803E-02 -0.500000000    
          29           6   1.56616308E-02   4.11986001E-02 -0.500000000    
          29           7  0.116524778       2.10315250E-02 -0.500000000    
          29           8  0.346366614       9.31482390E-03 -0.500000000    
          29           9  0.183154330       1.81765333E-02 -0.500000000    
          29          10   9.89429504E-02   3.52930240E-02 -0.500000000    
          29          11   5.88818043E-02   6.19797781E-02 -0.500000000    
          29          12   5.35222441E-02   7.14056864E-02 -0.500000000    
          29          13   4.67344373E-02   6.02413602E-02 -0.500000000    
          29          14  0.136007771       5.87839149E-02 -0.500000000    
          29          15   9.75157470E-02   4.13343161E-02 -0.500000000    
          29          16   4.11274284E-02   1.45256380E-02 -0.500000000    
          29          17  -3.31761315E-02  -1.10153318E-03 -0.500000000    
          29          18  -2.41489825E-03   5.21755498E-03 -0.500000000    
          29          19   4.88421321E-02   2.49937512E-02 -0.500000000    
          29          20  0.114477366       4.27664295E-02 -0.500000000    
          29          21   3.62999849E-02   5.23033626E-02 -0.500000000    
          29          22   6.11448921E-02   7.52454847E-02 -0.500000000    
          29          23   2.52845827E-02   6.99559301E-02 -0.500000000    
          29          24   6.31932467E-02   4.54604700E-02 -0.500000000    
          29          25  0.198060721       2.64417101E-02 -0.500000000    
          29          26  0.324996471       1.36659602E-02 -0.500000000    
          29          27   6.72982410E-02   2.11679395E-02 -0.500000000    
          29          28   4.62525859E-02   3.28359157E-02 -0.500000000    
          29          29   9.90669429E-02   4.45358418E-02 -0.500000000    
          29          30  0.115388945       4.23247442E-02 -0.500000000    
          29          31   9.82360467E-02   1.93794817E-02 -0.500000000    
          29          32   3.43095735E-02   3.73303494E-03 -0.500000000    
          29          33   8.49970505E-02   3.53405774E-02 -0.500000000    
          30           1  -4.78891917E-02   3.72180231E-02 -0.500000000    
          30           2  -4.34914678E-02   1.79742910E-02 -0.500000000    
          30           3   3.02537251E-03   3.97396423E-02 -0.500000000    
          30           4   2.23041195E-02   5.82773350E-02 -0.500000000    
          30           5  0.100707158       6.13572001E-02 -0.500000000    
          30           6  0.171870351       5.01359217E-02 -0.500000000    
          30           7  0.268146127       2.40254290E-02 -0.500000000    
          30           8  0.354213566       1.34241749E-02 -0.500000000    
          30           9   8.46635699E-02   2.87269764E-02 -0.500000000    
          30          10   6.29770905E-02   5.89201786E-02 -0.500000000    
          30          11  0.170993641       9.42057073E-02 -0.500000000    
          30          12  0.210776493       9.60768089E-02 -0.500000000    
          30          13  0.141600132       7.42843151E-02 -0.500000000    
          30          14  0.133815944       5.85445948E-02 -0.500000000    
          30          15   8.62871036E-02   3.58848982E-02 -0.500000000    
          30          16   9.30583626E-02   4.89342213E-03 -0.500000000    
          30          17   9.11031216E-02  -1.28479414E-02 -0.500000000    
          30          18   8.61452371E-02  -5.54707134E-03 -0.500000000    
          30          19   6.82160407E-02   1.82768106E-02 -0.500000000    
          30          20  0.115849413       4.14030217E-02 -0.500000000    
          30          21  0.113864742       5.89184538E-02 -0.500000000    
          30          22  0.181600183       8.74722153E-02 -0.500000000    
          30          23  0.156175911       9.03424621E-02 -0.500000000    
          30          24   2.60836761E-02   6.50501847E-02 -0.500000000    
          30          25   5.80358319E-02   4.09703925E-02 -0.500000000    
          30          26  0.319129169       2.37533599E-02 -0.500000000    
          30          27  0.143070742       2.79294644E-02 -0.500000000    
          30          28  0.115442224       4.06998210E-02 -0.500000000    
          30          29  0.115385361       4.23198193E-02 -0.500000000    
          30          30   1.40711851E-02   2.95045450E-02 -0.500000000    
          30          31  -2.01275456E-03   2.12407205E-03 -0.500000000    
          30          32  -5.19041494E-02  -1.18800336E-02 -0.500000000    
          30          33  -4.34281938E-02   2.21505463E-02 -0.500000000    
          31           1  -4.41078562E-03   5.98208867E-02 -0.500000000    
          31           2   1.44699225E-02   2.57483982E-02 -0.500000000    
          31           3   3.77488807E-02   2.78497990E-02 -0.500000000    
          31           4   4.50504236E-02   3.80513668E-02 -0.500000000    
          31           5  0.112020396       4.71195281E-02 -0.500000000    
          31           6  0.185314000       4.58873063E-02 -0.500000000    
          31           7  0.337896794       2.14354359E-02 -0.500000000    
          31           8  0.396148622       1.55911492E-02 -0.500000000    
          31           9  0.175187647       3.53098623E-02 -0.500000000    
          31          10  0.176680267       6.75782487E-02 -0.500000000    
          31          11  0.193960980       9.21369195E-02 -0.500000000    
          31          12  0.158807099       8.48444626E-02 -0.500000000    
          31          13  0.103399493       6.17779866E-02 -0.500000000    
          31          14  0.153761432       3.85385081E-02 -0.500000000    
          31          15  0.151497751       1.72142163E-02 -0.500000000    
          31          16  0.139782757      -1.40725810E-03 -0.500000000    
          31          17  0.146086246      -1.02448501E-02 -0.500000000    
          31          18  0.172219813      -1.17102694E-02 -0.500000000    
          31          19  0.204667315      -7.44747522E-04 -0.500000000    
          31          20  0.214223832       1.97034366E-02 -0.500000000    
          31          21  0.129262790       4.19457257E-02 -0.500000000    
          31          22  0.142249405       6.93115890E-02 -0.500000000    
          31          23  0.154144987       7.40387514E-02 -0.500000000    
          31          24  0.152755260       5.69497980E-02 -0.500000000    
          31          25  0.157084078       3.82879861E-02 -0.500000000    
          31          26  0.342161298       2.56325323E-02 -0.500000000    
          31          27  0.172947586       2.86409352E-02 -0.500000000    
          31          28   9.63578895E-02   3.44976783E-02 -0.500000000    
          31          29   9.82439220E-02   1.93705615E-02 -0.500000000    
          31          30  -2.02583033E-03   2.11932044E-03 -0.500000000    
          31          31  -6.97340220E-02  -1.06458170E-02 -0.500000000    
          31          32 -0.146471769      -1.03629390E-02 -0.500000000    
          31          33 -0.124595851       2.82731801E-02 -0.500000000    
          32           1  0.323245138       8.15026015E-02 -0.500000000    
          32           2  0.150205627       4.07559611E-02 -0.500000000    
          32           3  -2.69221282E-03   2.73655150E-02 -0.500000000    
          32           4  -8.24964512E-03   2.90873460E-02 -0.500000000    
          32           5   8.56605992E-02   3.66514921E-02 -0.500000000    
          32           6  0.167087719       3.75560187E-02 -0.500000000    
          32           7  0.366447300       1.37219625E-02 -0.500000000    
          32           8  0.489726037       1.02833854E-02 -0.500000000    
          32           9  0.263108164       3.13465558E-02 -0.500000000    
          32          10  0.132045731       5.89181483E-02 -0.500000000    
          32          11  0.142926410       7.69132748E-02 -0.500000000    
          32          12  0.190688550       6.52256981E-02 -0.500000000    
          32          13  0.159453526       4.12966162E-02 -0.500000000    
          32          14  0.198438779       2.10674908E-02 -0.500000000    
          32          15  0.169584960       7.37650134E-03 -0.500000000    
          32          16  0.146660894      -5.87996142E-03 -0.500000000    
          32          17  0.170059845      -1.25013897E-02 -0.500000000    
          32          18  0.220091909      -1.54010151E-02 -0.500000000    
          32          19  0.291040599      -1.10752489E-02 -0.500000000    
          32          20  0.331309229      -1.22035900E-03 -0.500000000    
          32          21  0.264159262       1.42867640E-02 -0.500000000    
          32          22  0.255445391       4.06916738E-02 -0.500000000    
          32          23  0.164019406       5.04369661E-02 -0.500000000    
          32          24  0.165186703       3.79870236E-02 -0.500000000    
          32          25  0.319543630       2.27274373E-02 -0.500000000    
          32          26  0.462886542       1.49587262E-02 -0.500000000    
          32          27  0.185252473       2.34251004E-02 -0.500000000    
          32          28   4.66015302E-02   2.65951194E-02 -0.500000000    
          32          29   3.43403518E-02   3.72263184E-03 -0.500000000    
          32          30  -5.19080684E-02  -1.18868854E-02 -0.500000000    
          32          31 -0.146467775      -1.03651714E-02 -0.500000000    
          32          32 -0.261120498       4.79089981E-03 -0.500000000    
          32          33 -0.225535035       4.88192923E-02 -0.500000000    
          33           1  0.522858322      0.141771466     -0.500000000    
          33           2  0.290273756      0.101493776     -0.500000000    
          33           3   1.04637183E-02   7.95997158E-02 -0.500000000    
          33           4  -3.50448750E-02   7.62670413E-02 -0.500000000    
          33           5  0.132376939       8.09468776E-02 -0.500000000    
          33           6  0.277157843       7.40920603E-02 -0.500000000    
          33           7  0.569413185       2.85840556E-02 -0.500000000    
          33           8  0.743372142      -3.53677035E-03 -0.500000000    
          33           9  0.477415055      -4.59858077E-03 -0.500000000    
          33          10  0.293691546       2.06124634E-02 -0.500000000    
          33          11  0.272894412       5.23395129E-02 -0.500000000    
          33          12  0.277272046       6.07961155E-02 -0.500000000    
          33          13  0.187396690       5.22881895E-02 -0.500000000    
          33          14  0.204453856       3.24865170E-02 -0.500000000    
          33          15  0.163231909       8.53739027E-03 -0.500000000    
          33          16  0.130673438      -1.41024971E-02 -0.500000000    
          33          17  0.159818992      -2.44506765E-02 -0.500000000    
          33          18  0.245968044      -2.49357615E-02 -0.500000000    
          33          19  0.349826157      -1.18964594E-02 -0.500000000    
          33          20  0.399084449       7.37795141E-03 -0.500000000    
          33          21  0.357804656       2.15669591E-02 -0.500000000    
          33          22  0.409353256       2.97578871E-02 -0.500000000    
          33          23  0.347862452       1.88742392E-02 -0.500000000    
          33          24  0.393384546      -5.92490006E-03 -0.500000000    
          33          25  0.606048942      -1.83740966E-02 -0.500000000    
          33          26  0.730388284      -5.74489357E-03 -0.500000000    
          33          27  0.356054485       3.22839878E-02 -0.500000000    
          33          28  0.155183077       5.35744131E-02 -0.500000000    
          33          29   8.50639343E-02   3.53264585E-02 -0.500000000    
          33          30  -4.33999524E-02   2.21389607E-02 -0.500000000    
          33          31 -0.124563076       2.82650851E-02 -0.500000000    
          33          32 -0.225513011       4.88130301E-02 -0.500000000    
          33          33 -0.102127306       9.09738094E-02 -0.500000000    
