           1           1   1.03831041     -0.293622077     -0.500000000    
           1           2  0.864053547     -0.244861141     -0.500000000    
           1           3  0.533406436     -0.171394408     -0.500000000    
           1           4  0.200370893     -0.143372372     -0.500000000    
           1           5  0.240123481     -0.123505145     -0.500000000    
           1           6   1.26385642E-02 -0.114633344     -0.500000000    
           1           7 -0.185693905      -9.05937776E-02 -0.500000000    
           1           8 -0.138104141      -6.34734258E-02 -0.500000000    
           1           9  -3.46909910E-02  -5.39654344E-02 -0.500000000    
           1          10  0.114909537      -4.30680960E-02 -0.500000000    
           1          11  0.116006300      -3.56341079E-02 -0.500000000    
           1          12  0.140073046      -1.56585108E-02 -0.500000000    
           1          13  0.170963034       1.43810874E-02 -0.500000000    
           1          14  0.209505469       5.53231873E-02 -0.500000000    
           1          15  0.204137594       9.03399736E-02 -0.500000000    
           1          16  0.117991567      0.105449736     -0.500000000    
           1          17   5.10289483E-02  0.109841265     -0.500000000    
           1          18   3.42272669E-02  0.109417126     -0.500000000    
           1          19   7.42608160E-02   9.44104120E-02 -0.500000000    
           1          20   3.89651395E-02   6.24826029E-02 -0.500000000    
           1          21 -0.100582920       3.00124809E-02 -0.500000000    
           1          22 -0.168448076       9.93846171E-03 -0.500000000    
           1          23 -0.122515589      -9.04465374E-03 -0.500000000    
           1          24 -0.109069720      -2.61758193E-02 -0.500000000    
           1          25  -8.12546015E-02  -4.88022268E-02 -0.500000000    
           1          26  -5.34427315E-02  -7.46952966E-02 -0.500000000    
           1          27   4.33125682E-02 -0.102796763     -0.500000000    
           1          28  0.227789760     -0.113291651     -0.500000000    
           1          29  0.329958498     -0.116477080     -0.500000000    
           1          30  0.187366873     -0.113997944     -0.500000000    
           1          31  0.220588595     -0.122233920     -0.500000000    
           1          32  0.265787780     -0.168627009     -0.500000000    
           1          33  0.404380202     -0.164324179     -0.500000000    
           2           1  0.864033699     -0.244870901     -0.500000000    
           2           2  0.684135497     -0.204052001     -0.500000000    
           2           3  0.441013277     -0.146608070     -0.500000000    
           2           4  0.181240425     -0.128665566     -0.500000000    
           2           5  0.169728547     -0.107813492     -0.500000000    
           2           6  -9.99208689E-02  -9.15100798E-02 -0.500000000    
           2           7 -0.140067458      -6.98445067E-02 -0.500000000    
           2           8  -8.77573565E-02  -5.07095531E-02 -0.500000000    
           2           9  -3.94544974E-02  -5.83647341E-02 -0.500000000    
           2          10   5.03889695E-02  -7.40499347E-02 -0.500000000    
           2          11   5.17693497E-02  -8.58034715E-02 -0.500000000    
           2          12   3.29678580E-02  -6.89649433E-02 -0.500000000    
           2          13   5.19133359E-03  -2.23292261E-02 -0.500000000    
           2          14  0.112164028       3.70719545E-02 -0.500000000    
           2          15  0.170631438       7.67023414E-02 -0.500000000    
           2          16   9.93932188E-02   9.54404250E-02 -0.500000000    
           2          17   2.63413340E-02  0.103654623     -0.500000000    
           2          18   2.24929564E-02   9.99000221E-02 -0.500000000    
           2          19   6.51644170E-02   7.98636898E-02 -0.500000000    
           2          20   1.49666769E-02   4.23178487E-02 -0.500000000    
           2          21 -0.131485105      -6.80777896E-03 -0.500000000    
           2          22 -0.174033597      -4.67431992E-02 -0.500000000    
           2          23  -3.92868370E-02  -6.85590506E-02 -0.500000000    
           2          24  -1.20465364E-02  -7.13899285E-02 -0.500000000    
           2          25   4.17342447E-02  -6.69042692E-02 -0.500000000    
           2          26  0.104713060      -6.84890747E-02 -0.500000000    
           2          27  0.121195048      -8.41252580E-02 -0.500000000    
           2          28  0.134927168      -9.55128521E-02 -0.500000000    
           2          29  0.288010478     -0.103653923     -0.500000000    
           2          30  0.227781937     -0.102704681     -0.500000000    
           2          31  0.251307100     -0.103540078     -0.500000000    
           2          32  0.330533355     -0.144939467     -0.500000000    
           2          33  0.334710628     -0.142956421     -0.500000000    
           3           1  0.533380628     -0.171409532     -0.500000000    
           3           2  0.441016287     -0.146617144     -0.500000000    
           3           3  0.311450869     -0.118689537     -0.500000000    
           3           4  0.166166276     -0.126733497     -0.500000000    
           3           5  0.170620829     -0.124040641     -0.500000000    
           3           6  -7.60579715E-03 -0.115165249     -0.500000000    
           3           7  -6.71758084E-03 -0.105691381     -0.500000000    
           3           8  -9.08368230E-02  -9.44717750E-02 -0.500000000    
           3           9 -0.124240369      -9.82933566E-02 -0.500000000    
           3          10  -3.34245600E-02 -0.102354549     -0.500000000    
           3          11   1.18453316E-02 -0.101837158     -0.500000000    
           3          12   7.89971426E-02  -8.29746127E-02 -0.500000000    
           3          13   7.65063912E-02  -4.72592637E-02 -0.500000000    
           3          14   7.47611374E-02   4.31051664E-03 -0.500000000    
           3          15   7.65174106E-02   4.60706204E-02 -0.500000000    
           3          16   8.18004161E-02   6.90189973E-02 -0.500000000    
           3          17   9.94807556E-02   7.72919133E-02 -0.500000000    
           3          18   3.36707346E-02   7.30389580E-02 -0.500000000    
           3          19   1.12623759E-02   4.94532324E-02 -0.500000000    
           3          20   4.40741405E-02   9.03383456E-03 -0.500000000    
           3          21   2.20998768E-02  -3.96498330E-02 -0.500000000    
           3          22   2.02350412E-02  -7.69018456E-02 -0.500000000    
           3          23   2.65774708E-02  -9.97970626E-02 -0.500000000    
           3          24  -1.59326252E-02 -0.109392889     -0.500000000    
           3          25  -4.16151136E-02 -0.106010906     -0.500000000    
           3          26   1.33229196E-02 -0.104708105     -0.500000000    
           3          27   7.76470602E-02 -0.117794141     -0.500000000    
           3          28   7.57815316E-02 -0.128511146     -0.500000000    
           3          29  0.218218327     -0.133354843     -0.500000000    
           3          30  0.226479322     -0.118217044     -0.500000000    
           3          31  0.222057447      -9.70403329E-02 -0.500000000    
           3          32  0.271938443     -0.121843927     -0.500000000    
           3          33  0.179241672     -0.114347570     -0.500000000    
           4           1  0.200482696     -0.143380120     -0.500000000    
           4           2  0.181330249     -0.128670469     -0.500000000    
           4           3  0.166219279     -0.126734883     -0.500000000    
           4           4  0.112801611     -0.157144144     -0.500000000    
           4           5  0.118425168     -0.164716005     -0.500000000    
           4           6  -9.21521150E-03 -0.145721838     -0.500000000    
           4           7   6.29296601E-02 -0.129435673     -0.500000000    
           4           8   4.47710492E-02 -0.109410286     -0.500000000    
           4           9  -1.68997776E-02 -0.102743424     -0.500000000    
           4          10   1.39175607E-02  -9.99735296E-02 -0.500000000    
           4          11   2.23123543E-02  -9.29997787E-02 -0.500000000    
           4          12   6.51114956E-02  -8.00468624E-02 -0.500000000    
           4          13  0.103190765      -5.95677085E-02 -0.500000000    
           4          14  0.170052707      -2.03035232E-02 -0.500000000    
           4          15  0.214650571       1.16349049E-02 -0.500000000    
           4          16   9.81112644E-02   2.83043981E-02 -0.500000000    
           4          17   2.82765785E-03   3.84039134E-02 -0.500000000    
           4          18   3.69696170E-02   3.20446864E-02 -0.500000000    
           4          19  0.183277979       1.25154732E-02 -0.500000000    
           4          20  0.191682160      -2.13991925E-02 -0.500000000    
           4          21  0.132221103      -6.14038706E-02 -0.500000000    
           4          22   7.13978186E-02  -8.54282230E-02 -0.500000000    
           4          23   5.42809777E-02 -0.101307876     -0.500000000    
           4          24   2.67342683E-02 -0.112050638     -0.500000000    
           4          25   1.59746371E-02 -0.110544018     -0.500000000    
           4          26   9.62798521E-02 -0.115969069     -0.500000000    
           4          27  0.126692340     -0.137274489     -0.500000000    
           4          28   3.56331170E-02 -0.158161670     -0.500000000    
           4          29  0.172853708     -0.172096327     -0.500000000    
           4          30  0.203755602     -0.150830850     -0.500000000    
           4          31  0.175012603     -0.115962669     -0.500000000    
           4          32  0.208456904     -0.132809177     -0.500000000    
           4          33  0.152570769     -0.129798234     -0.500000000    
           5           1  0.240402728     -0.123503596     -0.500000000    
           5           2  0.169965565     -0.107810050     -0.500000000    
           5           3  0.170766532     -0.124039292     -0.500000000    
           5           4  0.118482277     -0.164717689     -0.500000000    
           5           5  0.136084020     -0.173415929     -0.500000000    
           5           6   3.18156518E-02 -0.140377358     -0.500000000    
           5           7  0.153369114     -0.114645019     -0.500000000    
           5           8  0.203957245      -9.32094678E-02 -0.500000000    
           5           9  0.181505904      -8.95737484E-02 -0.500000000    
           5          10  0.177356616      -9.09318402E-02 -0.500000000    
           5          11  0.133736476      -7.93694258E-02 -0.500000000    
           5          12   9.60085317E-02  -6.82331845E-02 -0.500000000    
           5          13  0.136903867      -5.43106683E-02 -0.500000000    
           5          14  0.211388290      -2.91348100E-02 -0.500000000    
           5          15  0.187439680      -3.80697963E-03 -0.500000000    
           5          16   7.91537836E-02   6.30696351E-03 -0.500000000    
           5          17   1.42410249E-02   7.69943697E-03 -0.500000000    
           5          18   7.24891499E-02   8.47297814E-03 -0.500000000    
           5          19  0.191719890      -5.07373735E-03 -0.500000000    
           5          20  0.226268023      -3.38252001E-02 -0.500000000    
           5          21  0.202891439      -6.32336587E-02 -0.500000000    
           5          22  0.152072385      -8.03558603E-02 -0.500000000    
           5          23  0.215044007      -9.14124846E-02 -0.500000000    
           5          24  0.237998366     -0.104698569     -0.500000000    
           5          25  0.251684070      -9.71583277E-02 -0.500000000    
           5          26  0.296424329      -9.49640125E-02 -0.500000000    
           5          27  0.245807201     -0.114847794     -0.500000000    
           5          28   8.66033882E-02 -0.147932187     -0.500000000    
           5          29  0.247146517     -0.181602001     -0.500000000    
           5          30  0.277643710     -0.166913062     -0.500000000    
           5          31  0.301753372     -0.125500545     -0.500000000    
           5          32  0.371406972     -0.135063961     -0.500000000    
           5          33  0.486285210     -0.136850476     -0.500000000    
           6           1   1.28800068E-02 -0.114627212     -0.500000000    
           6           2  -9.97638553E-02  -9.15051028E-02 -0.500000000    
           6           3  -7.52564799E-03 -0.115165338     -0.500000000    
           6           4  -9.19550564E-03 -0.145725161     -0.500000000    
           6           5   3.17898393E-02 -0.140379965     -0.500000000    
           6           6  -2.44257171E-02 -0.104420811     -0.500000000    
           6           7   9.02668238E-02  -8.12886432E-02 -0.500000000    
           6           8  0.262940109      -7.24389106E-02 -0.500000000    
           6           9  0.314756513      -6.96603283E-02 -0.500000000    
           6          10  0.299128026      -6.79305345E-02 -0.500000000    
           6          11  0.226577669      -5.31195775E-02 -0.500000000    
           6          12  0.144885808      -4.26076278E-02 -0.500000000    
           6          13  0.141606316      -3.66514474E-02 -0.500000000    
           6          14  0.121421352      -2.29713880E-02 -0.500000000    
           6          15   9.37162489E-02  -1.66042254E-03 -0.500000000    
           6          16  0.117098480       1.20174186E-02 -0.500000000    
           6          17  0.183647245       1.53548969E-02 -0.500000000    
           6          18  0.161360726       1.20833972E-02 -0.500000000    
           6          19  0.135501683      -7.54712382E-04 -0.500000000    
           6          20  0.142573774      -2.73130536E-02 -0.500000000    
           6          21  0.199773639      -4.62378040E-02 -0.500000000    
           6          22  0.212151036      -5.71480244E-02 -0.500000000    
           6          23  0.306894958      -6.73728213E-02 -0.500000000    
           6          24  0.387574494      -7.74378553E-02 -0.500000000    
           6          25  0.420678616      -6.95330128E-02 -0.500000000    
           6          26  0.379431725      -6.42577335E-02 -0.500000000    
           6          27  0.202146068      -7.15604499E-02 -0.500000000    
           6          28   6.02955632E-02 -0.105891369     -0.500000000    
           6          29  0.105965979     -0.149806574     -0.500000000    
           6          30  0.100444309     -0.148836240     -0.500000000    
           6          31  0.190109327     -0.110546611     -0.500000000    
           6          32  0.267873377     -0.116611369     -0.500000000    
           6          33  0.499767333     -0.126155347     -0.500000000    
           7           1 -0.185538352      -9.05825347E-02 -0.500000000    
           7           2 -0.139931992      -6.98341802E-02 -0.500000000    
           7           3  -6.67133834E-03 -0.105686344     -0.500000000    
           7           4   6.29523173E-02 -0.129432842     -0.500000000    
           7           5  0.153390735     -0.114645265     -0.500000000    
           7           6   9.03003961E-02  -8.12915042E-02 -0.500000000    
           7           7  -5.21881729E-02  -5.80702052E-02 -0.500000000    
           7           8  0.120474435      -5.03489785E-02 -0.500000000    
           7           9  0.273469031      -4.28190604E-02 -0.500000000    
           7          10  0.316122442      -4.77287993E-02 -0.500000000    
           7          11  0.279039681      -3.03296074E-02 -0.500000000    
           7          12  0.114041910      -2.41579134E-02 -0.500000000    
           7          13   6.36990443E-02  -2.22204663E-02 -0.500000000    
           7          14   5.85882775E-02  -1.61503926E-02 -0.500000000    
           7          15   3.53250615E-02   2.81874416E-03 -0.500000000    
           7          16  0.138989568       3.37405130E-02 -0.500000000    
           7          17  0.231000841       4.43691872E-02 -0.500000000    
           7          18  0.206532732       3.64954583E-02 -0.500000000    
           7          19   8.70275795E-02   9.56212543E-03 -0.500000000    
           7          20  0.108417474      -1.29289059E-02 -0.500000000    
           7          21   8.75816643E-02  -2.68616509E-02 -0.500000000    
           7          22  0.120730601      -3.49291526E-02 -0.500000000    
           7          23  0.319354534      -4.09877487E-02 -0.500000000    
           7          24  0.395355195      -4.73583527E-02 -0.500000000    
           7          25  0.369410992      -3.48370112E-02 -0.500000000    
           7          26  0.176825792      -3.43176015E-02 -0.500000000    
           7          27  -3.12147997E-02  -3.98317948E-02 -0.500000000    
           7          28  0.129229531      -7.35834688E-02 -0.500000000    
           7          29  0.167140126     -0.115224376     -0.500000000    
           7          30  0.119193934     -0.120899335     -0.500000000    
           7          31  0.174016342      -8.26789364E-02 -0.500000000    
           7          32  0.314830720      -7.60783926E-02 -0.500000000    
           7          33  0.452593654      -9.02049318E-02 -0.500000000    
           8           1 -0.138159752      -6.34496808E-02 -0.500000000    
           8           2  -8.76957476E-02  -5.06899431E-02 -0.500000000    
           8           3  -9.08356011E-02  -9.44581479E-02 -0.500000000    
           8           4   4.47649062E-02 -0.109397911     -0.500000000    
           8           5  0.203947335      -9.32010412E-02 -0.500000000    
           8           6  0.262915432      -7.24367425E-02 -0.500000000    
           8           7  0.120492958      -5.03489487E-02 -0.500000000    
           8           8   4.13533039E-02  -3.72380838E-02 -0.500000000    
           8           9   2.44553331E-02  -3.47641632E-02 -0.500000000    
           8          10  0.165868640      -4.57403921E-02 -0.500000000    
           8          11  0.178441659      -4.02799025E-02 -0.500000000    
           8          12   8.69857818E-02  -3.11791915E-02 -0.500000000    
           8          13   9.93593186E-02  -2.88061649E-02 -0.500000000    
           8          14  0.126198098      -3.00798304E-02 -0.500000000    
           8          15  0.110441446      -4.54144925E-03 -0.500000000    
           8          16   3.93526927E-02   3.59703004E-02 -0.500000000    
           8          17   7.17688054E-02   5.89183569E-02 -0.500000000    
           8          18   9.22775567E-02   4.75421883E-02 -0.500000000    
           8          19  0.126272306       1.33285811E-02 -0.500000000    
           8          20  0.146543413      -1.61371417E-02 -0.500000000    
           8          21   7.72860050E-02  -2.51838975E-02 -0.500000000    
           8          22   6.79670721E-02  -3.42747420E-02 -0.500000000    
           8          23  0.198824883      -4.45934385E-02 -0.500000000    
           8          24  0.210348099      -4.20535430E-02 -0.500000000    
           8          25   4.41610627E-02  -2.63098236E-02 -0.500000000    
           8          26   2.79514659E-02  -1.60795450E-02 -0.500000000    
           8          27   9.84899476E-02  -2.34518219E-02 -0.500000000    
           8          28  0.269810557      -5.43418638E-02 -0.500000000    
           8          29  0.207173347      -8.04694518E-02 -0.500000000    
           8          30  0.103089787      -8.62044394E-02 -0.500000000    
           8          31  0.100170322      -4.88653816E-02 -0.500000000    
           8          32  0.259693176      -2.53883284E-02 -0.500000000    
           8          33  0.249045342      -3.89968753E-02 -0.500000000    
           9           1  -3.48015539E-02  -5.39358184E-02 -0.500000000    
           9           2  -3.94627191E-02  -5.83400875E-02 -0.500000000    
           9           3 -0.124257810      -9.82744247E-02 -0.500000000    
           9           4  -1.68979280E-02 -0.102726139     -0.500000000    
           9           5  0.181499571      -8.95597637E-02 -0.500000000    
           9           6  0.314706922      -6.96523115E-02 -0.500000000    
           9           7  0.273442626      -4.28153910E-02 -0.500000000    
           9           8   2.44480595E-02  -3.47610712E-02 -0.500000000    
           9           9  -2.02203337E-02  -3.50999236E-02 -0.500000000    
           9          10  -9.46075618E-02  -4.92454395E-02 -0.500000000    
           9          11   8.16407613E-03  -5.55749983E-02 -0.500000000    
           9          12  0.162696630      -4.51344177E-02 -0.500000000    
           9          13  0.191050231      -4.34682108E-02 -0.500000000    
           9          14  0.231087044      -4.06566188E-02 -0.500000000    
           9          15  0.204248860      -1.57187153E-02 -0.500000000    
           9          16   1.36205340E-02   2.60603223E-02 -0.500000000    
           9          17  -1.89725868E-02   5.24534099E-02 -0.500000000    
           9          18   2.25358792E-02   4.39732075E-02 -0.500000000    
           9          19  0.166386843       1.08553916E-02 -0.500000000    
           9          20  0.196582496      -1.87536981E-02 -0.500000000    
           9          21  0.157425299      -3.11639309E-02 -0.500000000    
           9          22  0.182140648      -4.18853611E-02 -0.500000000    
           9          23   4.99589667E-02  -5.86738773E-02 -0.500000000    
           9          24  -3.42608988E-02  -4.82888445E-02 -0.500000000    
           9          25   4.41617193E-03  -2.87862532E-02 -0.500000000    
           9          26  -6.19672239E-03  -7.91308284E-03 -0.500000000    
           9          27  0.233431756      -6.56158710E-03 -0.500000000    
           9          28  0.292499095      -4.02884819E-02 -0.500000000    
           9          29  0.174710542      -6.39072061E-02 -0.500000000    
           9          30   2.53438130E-02  -7.12136328E-02 -0.500000000    
           9          31   9.39770229E-03  -4.13933359E-02 -0.500000000    
           9          32  0.119676709      -5.02587436E-03 -0.500000000    
           9          33  0.120257393      -9.76152346E-03 -0.500000000    
          10           1  0.114815176      -4.30416726E-02 -0.500000000    
          10           2   5.03446311E-02  -7.40274042E-02 -0.500000000    
          10           3  -3.34547870E-02 -0.102335177     -0.500000000    
          10           4   1.39212403E-02  -9.99566913E-02 -0.500000000    
          10           5  0.177360728      -9.09167752E-02 -0.500000000    
          10           6  0.299092770      -6.79191723E-02 -0.500000000    
          10           7  0.316057026      -4.77219447E-02 -0.500000000    
          10           8  0.165846393      -4.57338914E-02 -0.500000000    
          10           9  -9.46320593E-02  -4.92403693E-02 -0.500000000    
          10          10  -2.03218088E-02  -5.18246479E-02 -0.500000000    
          10          11   8.69887620E-02  -5.71874790E-02 -0.500000000    
          10          12  0.183060676      -4.56929877E-02 -0.500000000    
          10          13  0.222774282      -4.11001146E-02 -0.500000000    
          10          14  0.275429904      -2.89453119E-02 -0.500000000    
          10          15  0.203608274      -1.00012003E-02 -0.500000000    
          10          16   6.93412349E-02   2.41545569E-02 -0.500000000    
          10          17   5.18403575E-02   4.96611930E-02 -0.500000000    
          10          18   3.87552306E-02   4.14022319E-02 -0.500000000    
          10          19  0.134055063       1.51204886E-02 -0.500000000    
          10          20  0.225032017      -4.58655227E-03 -0.500000000    
          10          21  0.224428087      -2.40752529E-02 -0.500000000    
          10          22  0.205749929      -3.88223790E-02 -0.500000000    
          10          23  0.150811970      -5.69678694E-02 -0.500000000    
          10          24   6.94951341E-02  -5.09115942E-02 -0.500000000    
          10          25  -3.52215320E-02  -3.94256227E-02 -0.500000000    
          10          26   8.03184211E-02  -1.60681549E-02 -0.500000000    
          10          27  0.235294193      -1.36146611E-02 -0.500000000    
          10          28  0.237378165      -4.15415466E-02 -0.500000000    
          10          29  0.151711315      -7.07264021E-02 -0.500000000    
          10          30   3.07296254E-02  -8.21987316E-02 -0.500000000    
          10          31  -8.12870637E-03  -6.45661205E-02 -0.500000000    
          10          32   6.90795258E-02  -2.37700008E-02 -0.500000000    
          10          33  0.101682253      -6.92576915E-03 -0.500000000    
          11           1  0.115986869      -3.56165916E-02 -0.500000000    
          11           2   5.17426729E-02  -8.57864395E-02 -0.500000000    
          11           3   1.18194157E-02 -0.101819091     -0.500000000    
          11           4   2.23085787E-02  -9.29833129E-02 -0.500000000    
          11           5  0.133730724      -7.93551728E-02 -0.500000000    
          11           6  0.226546898      -5.31083383E-02 -0.500000000    
          11           7  0.278971791      -3.03218234E-02 -0.500000000    
          11           8  0.178368479      -4.02742662E-02 -0.500000000    
          11           9   8.14315118E-03  -5.55699654E-02 -0.500000000    
          11          10   8.69698301E-02  -5.71850315E-02 -0.500000000    
          11          11  0.177376702      -5.98696806E-02 -0.500000000    
          11          12  0.235471398      -4.94973212E-02 -0.500000000    
          11          13  0.227230504      -2.79291384E-02 -0.500000000    
          11          14  0.204522461      -1.00310203E-02 -0.500000000    
          11          15  0.165518925       6.11758698E-03 -0.500000000    
          11          16   7.40090087E-02   3.60823683E-02 -0.500000000    
          11          17   5.81367388E-02   6.10785857E-02 -0.500000000    
          11          18   2.63013318E-02   5.12563176E-02 -0.500000000    
          11          19   9.94755030E-02   2.94249486E-02 -0.500000000    
          11          20  0.183513209       1.41891064E-02 -0.500000000    
          11          21  0.228977665      -8.49831663E-03 -0.500000000    
          11          22  0.299513459      -3.94270979E-02 -0.500000000    
          11          23  0.266535163      -5.45139499E-02 -0.500000000    
          11          24  0.196185008      -6.06852584E-02 -0.500000000    
          11          25   6.28795028E-02  -5.57798110E-02 -0.500000000    
          11          26  0.151651993      -2.58942321E-02 -0.500000000    
          11          27  0.252041906      -1.16391098E-02 -0.500000000    
          11          28  0.228049085      -3.41676511E-02 -0.500000000    
          11          29  0.167819947      -5.88380732E-02 -0.500000000    
          11          30   7.05768093E-02  -7.43219033E-02 -0.500000000    
          11          31   5.72355352E-02  -7.22597539E-02 -0.500000000    
          11          32   9.61110368E-02  -3.56131047E-02 -0.500000000    
          11          33  0.163513631       3.82887363E-03 -0.500000000    
          12           1  0.140133560      -1.56495012E-02 -0.500000000    
          12           2   3.30162086E-02  -6.89570829E-02 -0.500000000    
          12           3   7.90103972E-02  -8.29630643E-02 -0.500000000    
          12           4   6.51144236E-02  -8.00339803E-02 -0.500000000    
          12           5   9.60090831E-02  -6.82218671E-02 -0.500000000    
          12           6  0.144879475      -4.25988659E-02 -0.500000000    
          12           7  0.114006929      -2.41507031E-02 -0.500000000    
          12           8   8.69078860E-02  -3.11739314E-02 -0.500000000    
          12           9  0.162622660      -4.51311506E-02 -0.500000000    
          12          10  0.183033839      -4.56913747E-02 -0.500000000    
          12          11  0.235458001      -4.94974628E-02 -0.500000000    
          12          12  0.230059460      -5.33654243E-02 -0.500000000    
          12          13  0.201069742      -2.17507798E-02 -0.500000000    
          12          14   6.82332292E-02   6.15353836E-03 -0.500000000    
          12          15  0.109705552       2.72751544E-02 -0.500000000    
          12          16   4.14275751E-02   4.55439389E-02 -0.500000000    
          12          17   2.55312994E-02   6.27947003E-02 -0.500000000    
          12          18   1.20705627E-02   5.94220385E-02 -0.500000000    
          12          19   8.95368382E-02   5.01031093E-02 -0.500000000    
          12          20   6.74968138E-02   3.20755616E-02 -0.500000000    
          12          21  0.218999326      -8.13275401E-04 -0.500000000    
          12          22  0.312810183      -4.25571911E-02 -0.500000000    
          12          23  0.341781586      -4.83019799E-02 -0.500000000    
          12          24  0.292753607      -5.31553142E-02 -0.500000000    
          12          25  0.244453549      -4.60508391E-02 -0.500000000    
          12          26  0.156484976      -1.91795379E-02 -0.500000000    
          12          27  0.172293633      -8.96671973E-03 -0.500000000    
          12          28  0.153229699      -2.55969614E-02 -0.500000000    
          12          29   8.87694731E-02  -4.49902453E-02 -0.500000000    
          12          30   4.65360396E-02  -5.68767413E-02 -0.500000000    
          12          31   6.70990124E-02  -6.09531440E-02 -0.500000000    
          12          32   8.97978805E-03  -2.80445684E-02 -0.500000000    
          12          33  0.133579120       2.32259054E-02 -0.500000000    
          13           1  0.171041012       1.43875247E-02 -0.500000000    
          13           2   5.26023842E-03  -2.23265048E-02 -0.500000000    
          13           3   7.65638277E-02  -4.72546928E-02 -0.500000000    
          13           4  0.103214741      -5.95604815E-02 -0.500000000    
          13           5  0.136913821      -5.43029457E-02 -0.500000000    
          13           6  0.141616315      -3.66452485E-02 -0.500000000    
          13           7   6.36996999E-02  -2.22154763E-02 -0.500000000    
          13           8   9.93190855E-02  -2.88015399E-02 -0.500000000    
          13           9  0.190977067      -4.34660986E-02 -0.500000000    
          13          10  0.222716898      -4.11005318E-02 -0.500000000    
          13          11  0.227217972      -2.79292949E-02 -0.500000000    
          13          12  0.201060444      -2.17520408E-02 -0.500000000    
          13          13   9.36865062E-02  -1.36278728E-02 -0.500000000    
          13          14   5.80268838E-02   4.47914097E-03 -0.500000000    
          13          15   7.54086226E-02   3.60486582E-02 -0.500000000    
          13          16   2.35544564E-03   5.90079911E-02 -0.500000000    
          13          17  -3.61865833E-02   7.36813769E-02 -0.500000000    
          13          18   5.21343667E-03   7.40861893E-02 -0.500000000    
          13          19   8.99519548E-02   6.21589124E-02 -0.500000000    
          13          20   4.98530194E-02   3.11518088E-02 -0.500000000    
          13          21  0.118947841       2.83275219E-03 -0.500000000    
          13          22  0.269055068      -8.87846388E-03 -0.500000000    
          13          23  0.290986389      -2.14327313E-02 -0.500000000    
          13          24  0.283062071      -4.02697101E-02 -0.500000000    
          13          25  0.207828194      -4.08396535E-02 -0.500000000    
          13          26   8.95297602E-02  -1.70697551E-02 -0.500000000    
          13          27   7.04611167E-02  -7.37338979E-03 -0.500000000    
          13          28  0.128611624      -1.65613908E-02 -0.500000000    
          13          29  0.112903975      -2.70127337E-02 -0.500000000    
          13          30   8.67273435E-02  -3.11125275E-02 -0.500000000    
          13          31   7.23874792E-02  -3.12146004E-02 -0.500000000    
          13          32   1.43233333E-02   3.47019872E-04 -0.500000000    
          13          33  0.135516956       4.45142426E-02 -0.500000000    
          14           1  0.209534034       5.53301573E-02 -0.500000000    
          14           2  0.112189628       3.70777696E-02 -0.500000000    
          14           3   7.47819394E-02   4.31376183E-03 -0.500000000    
          14           4  0.170072049      -2.02990938E-02 -0.500000000    
          14           5  0.211405128      -2.91295983E-02 -0.500000000    
          14           6  0.121436529      -2.29671206E-02 -0.500000000    
          14           7   5.86098619E-02  -1.61473565E-02 -0.500000000    
          14           8  0.126210034      -3.00769433E-02 -0.500000000    
          14           9  0.231069028      -4.06543091E-02 -0.500000000    
          14          10  0.275393963      -2.89452821E-02 -0.500000000    
          14          11  0.204497516      -1.00319283E-02 -0.500000000    
          14          12   6.82187006E-02   6.15218328E-03 -0.500000000    
          14          13   5.80210090E-02   4.47858265E-03 -0.500000000    
          14          14  0.257726014       1.98077913E-02 -0.500000000    
          14          15  0.119123742       3.14983651E-02 -0.500000000    
          14          16  -3.85448933E-02   6.40861765E-02 -0.500000000    
          14          17  -9.54436064E-02   9.92837250E-02 -0.500000000    
          14          18  -3.12996805E-02   8.31155628E-02 -0.500000000    
          14          19   9.97999161E-02   5.52981868E-02 -0.500000000    
          14          20  0.214593306       3.91320065E-02 -0.500000000    
          14          21  0.100302786       2.58812103E-02 -0.500000000    
          14          22   9.43233296E-02   2.56160349E-02 -0.500000000    
          14          23  0.135566071       1.94985780E-03 -0.500000000    
          14          24  0.214806587      -1.92572717E-02 -0.500000000    
          14          25  0.209101081      -2.76507139E-02 -0.500000000    
          14          26   9.98038277E-02  -1.40415495E-02 -0.500000000    
          14          27   1.52925272E-02  -1.22663053E-03 -0.500000000    
          14          28   6.13827035E-02  -4.46418766E-03 -0.500000000    
          14          29  0.143310308      -6.23836834E-03 -0.500000000    
          14          30  0.113691188       3.17825703E-03 -0.500000000    
          14          31   4.02537249E-02   1.43349161E-02 -0.500000000    
          14          32   7.88649619E-02   3.92416678E-02 -0.500000000    
          14          33   9.92254838E-02   7.00122938E-02 -0.500000000    
          15           1  0.204137161       9.03451294E-02 -0.500000000    
          15           2  0.170629308       7.67087936E-02 -0.500000000    
          15           3   7.64981359E-02   4.60771769E-02 -0.500000000    
          15           4  0.214631870       1.16411820E-02 -0.500000000    
          15           5  0.187429428      -3.80177679E-03 -0.500000000    
          15           6   9.37297046E-02  -1.65665348E-03 -0.500000000    
          15           7   3.53624485E-02   2.82211392E-03 -0.500000000    
          15           8  0.110483944      -4.53833956E-03 -0.500000000    
          15           9  0.204279363      -1.57178417E-02 -0.500000000    
          15          10  0.203616202      -1.00023104E-02 -0.500000000    
          15          11  0.165510446       6.11638185E-03 -0.500000000    
          15          12  0.109693557       2.72754412E-02 -0.500000000    
          15          13   7.54021928E-02   3.60487811E-02 -0.500000000    
          15          14  0.119133271       3.14973928E-02 -0.500000000    
          15          15  0.133150488       4.86803763E-02 -0.500000000    
          15          16  -7.07782879E-02   7.20833465E-02 -0.500000000    
          15          17  -9.96041745E-02   8.75035450E-02 -0.500000000    
          15          18  -8.46418738E-02   8.59481469E-02 -0.500000000    
          15          19   8.76867101E-02   6.51756972E-02 -0.500000000    
          15          20  0.114258274       4.46018390E-02 -0.500000000    
          15          21   8.11671242E-02   5.49246147E-02 -0.500000000    
          15          22   9.58363861E-02   5.12620956E-02 -0.500000000    
          15          23   6.83237687E-02   2.81995442E-02 -0.500000000    
          15          24   9.16416645E-02   7.71857565E-03 -0.500000000    
          15          25  0.141084105       1.74872775E-03 -0.500000000    
          15          26   7.03793243E-02   1.32861082E-02 -0.500000000    
          15          27  -1.91041529E-02   1.76742394E-02 -0.500000000    
          15          28   4.03593220E-02   1.61199830E-02 -0.500000000    
          15          29  0.162282884       1.70143545E-02 -0.500000000    
          15          30  0.167469949       3.11457496E-02 -0.500000000    
          15          31   3.34100574E-02   5.71323931E-02 -0.500000000    
          15          32  0.121432826       7.31496215E-02 -0.500000000    
          15          33   7.56641179E-02   8.82678926E-02 -0.500000000    
          16           1  0.118015453      0.105452210     -0.500000000    
          16           2   9.94204283E-02   9.54433233E-02 -0.500000000    
          16           3   8.17884132E-02   6.90241903E-02 -0.500000000    
          16           4   9.80848745E-02   2.83112861E-02 -0.500000000    
          16           5   7.91264474E-02   6.31370721E-03 -0.500000000    
          16           6  0.117066637       1.20238056E-02 -0.500000000    
          16           7  0.138975933       3.37478183E-02 -0.500000000    
          16           8   3.93639840E-02   3.59776244E-02 -0.500000000    
          16           9   1.36427917E-02   2.60632243E-02 -0.500000000    
          16          10   6.93620369E-02   2.41521597E-02 -0.500000000    
          16          11   7.40263164E-02   3.60799730E-02 -0.500000000    
          16          12   4.14486416E-02   4.55451086E-02 -0.500000000    
          16          13   2.37858901E-03   5.90100251E-02 -0.500000000    
          16          14  -3.85185592E-02   6.40842542E-02 -0.500000000    
          16          15  -7.07599893E-02   7.20795393E-02 -0.500000000    
          16          16   1.13157379E-02   8.43503252E-02 -0.500000000    
          16          17   1.16622737E-02  0.100659542     -0.500000000    
          16          18   2.33338568E-02   9.74944755E-02 -0.500000000    
          16          19 -0.143354878       8.70765299E-02 -0.500000000    
          16          20  -2.32550241E-02   7.45658875E-02 -0.500000000    
          16          21   2.08617374E-02   6.95679933E-02 -0.500000000    
          16          22  -2.50103883E-02   6.39083982E-02 -0.500000000    
          16          23  -3.90967056E-02   5.98896444E-02 -0.500000000    
          16          24  -3.27809528E-02   4.61964943E-02 -0.500000000    
          16          25  -4.04768139E-02   4.74825427E-02 -0.500000000    
          16          26   6.68077730E-03   5.42314947E-02 -0.500000000    
          16          27   9.98319611E-02   4.84945178E-02 -0.500000000    
          16          28   6.26785681E-02   2.89199445E-02 -0.500000000    
          16          29   4.16646414E-02   2.43489146E-02 -0.500000000    
          16          30   5.19947149E-02   4.67553698E-02 -0.500000000    
          16          31   3.00749913E-02   8.41733813E-02 -0.500000000    
          16          32   6.14964813E-02   9.62435007E-02 -0.500000000    
          16          33   2.67060939E-02   9.14728940E-02 -0.500000000    
          17           1   5.10885306E-02  0.109842591     -0.500000000    
          17           2   2.64134370E-02  0.103655204     -0.500000000    
          17           3   9.94918644E-02   7.72946030E-02 -0.500000000    
          17           4   2.80077662E-03   3.84089053E-02 -0.500000000    
          17           5   1.42096234E-02   7.70539045E-03 -0.500000000    
          17           6  0.183617622       1.53632779E-02 -0.500000000    
          17           7  0.231001318       4.43814658E-02 -0.500000000    
          17           8   7.17832074E-02   5.89322411E-02 -0.500000000    
          17           9  -1.89884640E-02   5.24631590E-02 -0.500000000    
          17          10   5.18007651E-02   4.96646725E-02 -0.500000000    
          17          11   5.80940321E-02   6.10805154E-02 -0.500000000    
          17          12   2.55027525E-02   6.27992228E-02 -0.500000000    
          17          13  -3.61965783E-02   7.36869648E-02 -0.500000000    
          17          14  -9.54444259E-02   9.92840379E-02 -0.500000000    
          17          15  -9.96223539E-02   8.74995813E-02 -0.500000000    
          17          16   1.16517488E-02  0.100659303     -0.500000000    
          17          17  0.481595904      0.117954835     -0.500000000    
          17          18   9.03064534E-02  0.112051748     -0.500000000    
          17          19 -0.111291677      0.104613580     -0.500000000    
          17          20  -6.76418915E-02  0.105597585     -0.500000000    
          17          21  -8.53380561E-03   7.72863254E-02 -0.500000000    
          17          22  -5.35075888E-02   7.26425797E-02 -0.500000000    
          17          23  -3.60314138E-02   7.89340511E-02 -0.500000000    
          17          24  -2.59130653E-02   6.99235648E-02 -0.500000000    
          17          25  -5.93540967E-02   7.36080259E-02 -0.500000000    
          17          26   4.38272133E-02   7.53913969E-02 -0.500000000    
          17          27  0.155237988       5.78034930E-02 -0.500000000    
          17          28   8.97656828E-02   3.11214812E-02 -0.500000000    
          17          29  -5.03279641E-02   2.21742000E-02 -0.500000000    
          17          30  -6.23394437E-02   5.56235723E-02 -0.500000000    
          17          31   3.66455875E-02   9.28600132E-02 -0.500000000    
          17          32  -7.13307969E-03  0.105515003     -0.500000000    
          17          33  -1.94965228E-02   9.01676714E-02 -0.500000000    
          18           1   3.43204476E-02  0.109418713     -0.500000000    
          18           2   2.25860104E-02   9.99005809E-02 -0.500000000    
          18           3   3.36826444E-02   7.30413273E-02 -0.500000000    
          18           4   3.69371809E-02   3.20497155E-02 -0.500000000    
          18           5   7.24571422E-02   8.48012976E-03 -0.500000000    
          18           6  0.161343500       1.20925410E-02 -0.500000000    
          18           7  0.206536263       3.65072377E-02 -0.500000000    
          18           8   9.22814682E-02   4.75547127E-02 -0.500000000    
          18           9   2.25211903E-02   4.39820364E-02 -0.500000000    
          18          10   3.87250483E-02   4.14060988E-02 -0.500000000    
          18          11   2.62675714E-02   5.12589552E-02 -0.500000000    
          18          12   1.20529030E-02   5.94262145E-02 -0.500000000    
          18          13   5.21126110E-03   7.40901306E-02 -0.500000000    
          18          14  -3.13032530E-02   8.31148326E-02 -0.500000000    
          18          15  -8.46726447E-02   8.59455168E-02 -0.500000000    
          18          16   2.33069584E-02   9.74943191E-02 -0.500000000    
          18          17   9.02821124E-02  0.112051070     -0.500000000    
          18          18   4.75791991E-02  0.111704558     -0.500000000    
          18          19 -0.145385891      0.103513725     -0.500000000    
          18          20  -2.27343980E-02   9.32333171E-02 -0.500000000    
          18          21   1.94638725E-02   8.13433304E-02 -0.500000000    
          18          22  -7.18816370E-02   7.10820705E-02 -0.500000000    
          18          23  -7.97933266E-02   6.89691529E-02 -0.500000000    
          18          24  -5.54978326E-02   5.84293492E-02 -0.500000000    
          18          25  -2.42445357E-02   6.29660264E-02 -0.500000000    
          18          26   6.77405894E-02   6.52568266E-02 -0.500000000    
          18          27  0.155533001       5.09466603E-02 -0.500000000    
          18          28   8.41775090E-02   2.65242904E-02 -0.500000000    
          18          29   1.59676261E-02   2.30975263E-02 -0.500000000    
          18          30  -2.03300416E-02   4.71086949E-02 -0.500000000    
          18          31  -1.57874376E-02   8.50024968E-02 -0.500000000    
          18          32   3.88935674E-03   9.71712768E-02 -0.500000000    
          18          33  -3.18499692E-02   9.16001946E-02 -0.500000000    
          19           1   7.43530542E-02   9.44135040E-02 -0.500000000    
          19           2   6.52295351E-02   7.98657984E-02 -0.500000000    
          19           3   1.12477858E-02   4.94571812E-02 -0.500000000    
          19           4  0.183237806       1.25223547E-02 -0.500000000    
          19           5  0.191688433      -5.06551471E-03 -0.500000000    
          19           6  0.135488048      -7.46841892E-04 -0.500000000    
          19           7   8.70402083E-02   9.56993457E-03 -0.500000000    
          19           8  0.126301438       1.33364601E-02 -0.500000000    
          19           9  0.166419163       1.08606387E-02 -0.500000000    
          19          10  0.134071544       1.51227135E-02 -0.500000000    
          19          11   9.94832143E-02   2.94268746E-02 -0.500000000    
          19          12   8.95410329E-02   5.01052998E-02 -0.500000000    
          19          13   8.99525881E-02   6.21600375E-02 -0.500000000    
          19          14   9.98007879E-02   5.52971400E-02 -0.500000000    
          19          15   8.76794234E-02   6.51756227E-02 -0.500000000    
          19          16 -0.143338770       8.70790780E-02 -0.500000000    
          19          17 -0.111261852      0.104613505     -0.500000000    
          19          18 -0.145346195      0.103513002     -0.500000000    
          19          19   1.00478884E-02   8.57626125E-02 -0.500000000    
          19          20   9.42255110E-02   7.14823306E-02 -0.500000000    
          19          21   8.90474543E-02   7.97529370E-02 -0.500000000    
          19          22   4.30285335E-02   6.87847137E-02 -0.500000000    
          19          23  -1.41084287E-03   4.56843376E-02 -0.500000000    
          19          24   2.99667995E-02   2.72744317E-02 -0.500000000    
          19          25  0.119654648       2.72067059E-02 -0.500000000    
          19          26  0.104651093       3.33724320E-02 -0.500000000    
          19          27   4.64416370E-02   2.62925327E-02 -0.500000000    
          19          28   7.78802410E-02   1.63162556E-02 -0.500000000    
          19          29  0.141377300       1.30386585E-02 -0.500000000    
          19          30  0.109005935       2.90980525E-02 -0.500000000    
          19          31  -6.23186231E-02   5.79652637E-02 -0.500000000    
          19          32   7.64781935E-03   7.32105449E-02 -0.500000000    
          19          33  -6.33496642E-02   8.89521763E-02 -0.500000000    
          20           1   3.90761308E-02   6.24856055E-02 -0.500000000    
          20           2   1.50145581E-02   4.23210748E-02 -0.500000000    
          20           3   4.40527834E-02   9.03792866E-03 -0.500000000    
          20           4  0.191658854      -2.13941727E-02 -0.500000000    
          20           5  0.226278558      -3.38194892E-02 -0.500000000    
          20           6  0.142608702      -2.73081344E-02 -0.500000000    
          20           7  0.108463749      -1.29249394E-02 -0.500000000    
          20           8  0.146593630      -1.61328446E-02 -0.500000000    
          20           9  0.196622685      -1.87496878E-02 -0.500000000    
          20          10  0.225047082      -4.58415179E-03 -0.500000000    
          20          11  0.183516517       1.41907092E-02 -0.500000000    
          20          12   6.74996898E-02   3.20763998E-02 -0.500000000    
          20          13   4.98639122E-02   3.11532021E-02 -0.500000000    
          20          14  0.214603901       3.91345844E-02 -0.500000000    
          20          15  0.114257053       4.46079485E-02 -0.500000000    
          20          16  -2.32495908E-02   7.45731592E-02 -0.500000000    
          20          17  -6.76180571E-02  0.105601944     -0.500000000    
          20          18  -2.27089785E-02   9.32359621E-02 -0.500000000    
          20          19   9.42605585E-02   7.14850351E-02 -0.500000000    
          20          20  0.144963220       6.21805787E-02 -0.500000000    
          20          21   4.47865315E-02   5.54276444E-02 -0.500000000    
          20          22   5.44725507E-02   5.19751757E-02 -0.500000000    
          20          23   9.80702713E-02   2.52816528E-02 -0.500000000    
          20          24  0.166877896       4.35528997E-03 -0.500000000    
          20          25  0.203564242      -4.61173570E-03 -0.500000000    
          20          26  0.153238311       2.50221812E-03 -0.500000000    
          20          27   8.19198936E-02   5.66626107E-03 -0.500000000    
          20          28   8.10583010E-02  -6.24225708E-03 -0.500000000    
          20          29  0.137826934      -1.11553492E-02 -0.500000000    
          20          30  0.106374256      -2.34756822E-04 -0.500000000    
          20          31  -4.76336032E-02   1.69121753E-02 -0.500000000    
          20          32  -5.40865883E-02   3.96748409E-02 -0.500000000    
          20          33  -9.15126652E-02   7.21800029E-02 -0.500000000    
          21           1 -0.100496091       3.00167426E-02 -0.500000000    
          21           2 -0.131451771      -6.80427207E-03 -0.500000000    
          21           3   2.21190825E-02  -3.96475978E-02 -0.500000000    
          21           4  0.132260114      -6.14020191E-02 -0.500000000    
          21           5  0.202940077      -6.32311106E-02 -0.500000000    
          21           6  0.199833393      -4.62351814E-02 -0.500000000    
          21           7   8.76368061E-02  -2.68594380E-02 -0.500000000    
          21           8   7.73134232E-02  -2.51809452E-02 -0.500000000    
          21           9  0.157430291      -3.11604757E-02 -0.500000000    
          21          10  0.224427387      -2.40721181E-02 -0.500000000    
          21          11  0.228990361      -8.49583000E-03 -0.500000000    
          21          12  0.218998984      -8.11354199E-04 -0.500000000    
          21          13  0.118933074       2.83809099E-03 -0.500000000    
          21          14  0.100278534       2.58891452E-02 -0.500000000    
          21          15   8.11503753E-02   5.49341962E-02 -0.500000000    
          21          16   2.08204743E-02   6.95767775E-02 -0.500000000    
          21          17  -8.55428353E-03   7.72917420E-02 -0.500000000    
          21          18   1.94425788E-02   8.13478678E-02 -0.500000000    
          21          19   8.90480429E-02   7.97576010E-02 -0.500000000    
          21          20   4.47776094E-02   5.54318875E-02 -0.500000000    
          21          21   7.02180341E-02   2.50619631E-02 -0.500000000    
          21          22  0.208266452       2.00812928E-02 -0.500000000    
          21          23  0.240982786       5.97312022E-03 -0.500000000    
          21          24  0.255144894      -1.70371439E-02 -0.500000000    
          21          25  0.159545302      -2.47440543E-02 -0.500000000    
          21          26   7.53474012E-02  -1.17111169E-02 -0.500000000    
          21          27  0.103850059      -9.06569604E-03 -0.500000000    
          21          28  0.198587865      -2.23661549E-02 -0.500000000    
          21          29  0.172455579      -3.52341309E-02 -0.500000000    
          21          30   9.52552930E-02  -3.61400917E-02 -0.500000000    
          21          31  -2.55510099E-02  -2.79782601E-02 -0.500000000    
          21          32 -0.132437333       6.97457371E-03 -0.500000000    
          21          33  -7.44644329E-02   4.85664532E-02 -0.500000000    
          22           1 -0.168507576       9.94736701E-03 -0.500000000    
          22           2 -0.174038872      -4.67393734E-02 -0.500000000    
          22           3   2.02636942E-02  -7.68992901E-02 -0.500000000    
          22           4   7.14391842E-02  -8.54262784E-02 -0.500000000    
          22           5  0.152111396      -8.03539976E-02 -0.500000000    
          22           6  0.212184742      -5.71457446E-02 -0.500000000    
          22           7  0.120749377      -3.49259526E-02 -0.500000000    
          22           8   6.79522604E-02  -3.42699662E-02 -0.500000000    
          22           9  0.182111651      -4.18798365E-02 -0.500000000    
          22          10  0.205743015      -3.88178416E-02 -0.500000000    
          22          11  0.299516559      -3.94236408E-02 -0.500000000    
          22          12  0.312785596      -4.25530486E-02 -0.500000000    
          22          13  0.269022822      -8.87101423E-03 -0.500000000    
          22          14   9.42998976E-02   2.56256703E-02 -0.500000000    
          22          15   9.58133265E-02   5.12719266E-02 -0.500000000    
          22          16  -2.50616148E-02   6.39174059E-02 -0.500000000    
          22          17  -5.35357632E-02   7.26490170E-02 -0.500000000    
          22          18  -7.19161257E-02   7.10879192E-02 -0.500000000    
          22          19   4.29986715E-02   6.87904358E-02 -0.500000000    
          22          20   5.44682033E-02   5.19810878E-02 -0.500000000    
          22          21  0.208248436       2.00848877E-02 -0.500000000    
          22          22  0.311485231      -1.48584861E-02 -0.500000000    
          22          23  0.317630142      -2.25446057E-02 -0.500000000    
          22          24  0.231759667      -3.61125581E-02 -0.500000000    
          22          25  0.213536099      -3.77638564E-02 -0.500000000    
          22          26  0.112546906      -1.91335361E-02 -0.500000000    
          22          27  0.175060049      -1.62922796E-02 -0.500000000    
          22          28  0.237475634      -3.55062075E-02 -0.500000000    
          22          29  0.155269951      -5.57255223E-02 -0.500000000    
          22          30   6.76731616E-02  -6.60406947E-02 -0.500000000    
          22          31   2.13990808E-02  -6.24872334E-02 -0.500000000    
          22          32 -0.133420631      -1.82355102E-02 -0.500000000    
          22          33  -1.02992344E-03   2.93707531E-02 -0.500000000    
          23           1 -0.122652300      -9.03035700E-03 -0.500000000    
          23           2  -3.92992683E-02  -6.85527995E-02 -0.500000000    
          23           3   2.66139228E-02  -9.97929350E-02 -0.500000000    
          23           4   5.43034896E-02 -0.101304993     -0.500000000    
          23           5  0.215054810      -9.14115459E-02 -0.500000000    
          23           6  0.306883663      -6.73705488E-02 -0.500000000    
          23           7  0.319323897      -4.09825034E-02 -0.500000000    
          23           8  0.198784739      -4.45867218E-02 -0.500000000    
          23           9   4.99403626E-02  -5.86665049E-02 -0.500000000    
          23          10  0.150808364      -5.69627210E-02 -0.500000000    
          23          11  0.266534507      -5.45106158E-02 -0.500000000    
          23          12  0.341773063      -4.82961312E-02 -0.500000000    
          23          13  0.290981442      -2.14249622E-02 -0.500000000    
          23          14  0.135570928       1.95845054E-03 -0.500000000    
          23          15   6.83031306E-02   2.82079056E-02 -0.500000000    
          23          16  -3.91381457E-02   5.98980263E-02 -0.500000000    
          23          17  -3.60427722E-02   7.89402202E-02 -0.500000000    
          23          18  -7.98115581E-02   6.89751506E-02 -0.500000000    
          23          19  -1.44420518E-03   4.56894077E-02 -0.500000000    
          23          20   9.80640799E-02   2.52863783E-02 -0.500000000    
          23          21  0.241000071       5.97708626E-03 -0.500000000    
          23          22  0.317630738      -2.25425363E-02 -0.500000000    
          23          23  0.289866835      -3.16787809E-02 -0.500000000    
          23          24  0.217570052      -4.67870049E-02 -0.500000000    
          23          25   8.66731629E-02  -4.89483550E-02 -0.500000000    
          23          26  0.173126191      -2.52715014E-02 -0.500000000    
          23          27  0.284127325      -2.00956874E-02 -0.500000000    
          23          28  0.304873914      -4.78621162E-02 -0.500000000    
          23          29  0.230492011      -7.23991841E-02 -0.500000000    
          23          30  0.100020930      -8.63937065E-02 -0.500000000    
          23          31   9.22120064E-02  -7.64281377E-02 -0.500000000    
          23          32   1.28097245E-02  -2.70017013E-02 -0.500000000    
          23          33   8.36633742E-02   1.56114902E-02 -0.500000000    
          24           1 -0.109212480      -2.61575449E-02 -0.500000000    
          24           2  -1.19576296E-02  -7.13836700E-02 -0.500000000    
          24           3  -1.58404075E-02 -0.109391175     -0.500000000    
          24           4   2.67755892E-02 -0.112050831     -0.500000000    
          24           5  0.238021761     -0.104699403     -0.500000000    
          24           6  0.387545347      -7.74349794E-02 -0.500000000    
          24           7  0.395304143      -4.73526455E-02 -0.500000000    
          24           8  0.210333109      -4.20466959E-02 -0.500000000    
          24           9  -3.42522115E-02  -4.82827239E-02 -0.500000000    
          24          10   6.95107356E-02  -5.09090871E-02 -0.500000000    
          24          11  0.196190923      -6.06828704E-02 -0.500000000    
          24          12  0.292763859      -5.31487316E-02 -0.500000000    
          24          13  0.283111572      -4.02616896E-02 -0.500000000    
          24          14  0.214833438      -1.92509610E-02 -0.500000000    
          24          15   9.16325971E-02   7.72362296E-03 -0.500000000    
          24          16  -3.28000300E-02   4.62017804E-02 -0.500000000    
          24          17  -2.59009432E-02   6.99254125E-02 -0.500000000    
          24          18  -5.54926135E-02   5.84308468E-02 -0.500000000    
          24          19   2.99394410E-02   2.72765290E-02 -0.500000000    
          24          20  0.166860670       4.35795216E-03 -0.500000000    
          24          21  0.255171329      -1.70339476E-02 -0.500000000    
          24          22  0.231797725      -3.61103229E-02 -0.500000000    
          24          23  0.217588469      -4.67869975E-02 -0.500000000    
          24          24  0.144046009      -4.16937210E-02 -0.500000000    
          24          25   1.76386144E-02  -3.28969657E-02 -0.500000000    
          24          26  0.169569984      -9.88933537E-03 -0.500000000    
          24          27  0.323766053      -1.28860008E-02 -0.500000000    
          24          28  0.333946228      -5.07572405E-02 -0.500000000    
          24          29  0.213227093      -8.64487663E-02 -0.500000000    
          24          30   7.00878203E-02  -9.75636467E-02 -0.500000000    
          24          31  0.106253013      -7.61443675E-02 -0.500000000    
          24          32   7.50267357E-02  -2.75764875E-02 -0.500000000    
          24          33   5.55837899E-02  -6.55363663E-04 -0.500000000    
          25           1  -8.12009200E-02  -4.87868562E-02 -0.500000000    
          25           2   4.20631915E-02  -6.68998957E-02 -0.500000000    
          25           3  -4.14326712E-02 -0.106013469     -0.500000000    
          25           4   1.60473473E-02 -0.110547699     -0.500000000    
          25           5  0.251701117      -9.71596539E-02 -0.500000000    
          25           6  0.420615554      -6.95307255E-02 -0.500000000    
          25           7  0.369365811      -3.48333344E-02 -0.500000000    
          25           8   4.41589653E-02  -2.63063442E-02 -0.500000000    
          25           9   4.42372356E-03  -2.87841875E-02 -0.500000000    
          25          10  -3.52142826E-02  -3.94259654E-02 -0.500000000    
          25          11   6.28734082E-02  -5.57786822E-02 -0.500000000    
          25          12  0.244492352      -4.60465550E-02 -0.500000000    
          25          13  0.207875103      -4.08351608E-02 -0.500000000    
          25          14  0.209122717      -2.76489668E-02 -0.500000000    
          25          15  0.141074017       1.74941646E-03 -0.500000000    
          25          16  -4.04741615E-02   4.74818684E-02 -0.500000000    
          25          17  -5.93270883E-02   7.36031011E-02 -0.500000000    
          25          18  -2.42216736E-02   6.29612282E-02 -0.500000000    
          25          19  0.119637229       2.72041615E-02 -0.500000000    
          25          20  0.203534663      -4.61248495E-03 -0.500000000    
          25          21  0.159538612      -2.47435011E-02 -0.500000000    
          25          22  0.213570535      -3.77642326E-02 -0.500000000    
          25          23   8.67078751E-02  -4.89501096E-02 -0.500000000    
          25          24   1.76363755E-02  -3.28981876E-02 -0.500000000    
          25          25   2.80629434E-02  -2.02240385E-02 -0.500000000    
          25          26   2.69570723E-02  -1.04685943E-03 -0.500000000    
          25          27  0.357875228      -5.17335767E-03 -0.500000000    
          25          28  0.381179363      -4.66833413E-02 -0.500000000    
          25          29  0.225240499      -8.14310610E-02 -0.500000000    
          25          30   9.48604494E-02  -9.29828137E-02 -0.500000000    
          25          31  0.226815864      -6.51175603E-02 -0.500000000    
          25          32  0.330996782      -3.00822686E-02 -0.500000000    
          25          33  0.247079059      -2.59930268E-02 -0.500000000    
          26           1  -5.30645847E-02  -7.46955946E-02 -0.500000000    
          26           2  0.105212629      -6.84934258E-02 -0.500000000    
          26           3   1.35462880E-02 -0.104719140     -0.500000000    
          26           4   9.63634998E-02 -0.115976416     -0.500000000    
          26           5  0.296404958      -9.49654207E-02 -0.500000000    
          26           6  0.379357189      -6.42551705E-02 -0.500000000    
          26           7  0.176808447      -3.43156904E-02 -0.500000000    
          26           8   2.79551055E-02  -1.60787087E-02 -0.500000000    
          26           9  -6.19558431E-03  -7.91264046E-03 -0.500000000    
          26          10   8.03075954E-02  -1.60692558E-02 -0.500000000    
          26          11  0.151665464      -2.58941054E-02 -0.500000000    
          26          12  0.156513900      -1.91797242E-02 -0.500000000    
          26          13   8.95636603E-02  -1.70707926E-02 -0.500000000    
          26          14   9.98108983E-02  -1.40433125E-02 -0.500000000    
          26          15   7.03639686E-02   1.32829417E-02 -0.500000000    
          26          16   6.69902703E-03   5.42252585E-02 -0.500000000    
          26          17   4.38364521E-02   7.53810033E-02 -0.500000000    
          26          18   6.77602589E-02   6.52471408E-02 -0.500000000    
          26          19  0.104648449       3.33664007E-02 -0.500000000    
          26          20  0.153215528       2.49932148E-03 -0.500000000    
          26          21   7.53319710E-02  -1.17129544E-02 -0.500000000    
          26          22  0.112550363      -1.91356353E-02 -0.500000000    
          26          23  0.173136756      -2.52745990E-02 -0.500000000    
          26          24  0.169585168      -9.89173725E-03 -0.500000000    
          26          25   2.69750729E-02  -1.04722870E-03 -0.500000000    
          26          26   3.13046761E-02   1.24427164E-03 -0.500000000    
          26          27  0.247165516      -1.46028316E-02 -0.500000000    
          26          28  0.368051559      -5.44048548E-02 -0.500000000    
          26          29  0.221522227      -9.33874175E-02 -0.500000000    
          26          30  0.125222877     -0.112082034     -0.500000000    
          26          31  0.274072945      -8.51623490E-02 -0.500000000    
          26          32  0.469968885      -6.74361885E-02 -0.500000000    
          26          33  0.432317466      -8.13309550E-02 -0.500000000    
          27           1   4.40097153E-02 -0.102813102     -0.500000000    
          27           2  0.121691175      -8.41412470E-02 -0.500000000    
          27           3   7.78557658E-02 -0.117814749     -0.500000000    
          27           4  0.126748011     -0.137287840     -0.500000000    
          27           5  0.245768890     -0.114852086     -0.500000000    
          27           6  0.202112153      -7.15599656E-02 -0.500000000    
          27           7  -3.12226638E-02  -3.98311019E-02 -0.500000000    
          27           8   9.85000059E-02  -2.34500282E-02 -0.500000000    
          27           9  0.233449861      -6.55904319E-03 -0.500000000    
          27          10  0.235308617      -1.36140445E-02 -0.500000000    
          27          11  0.252070427      -1.16405357E-02 -0.500000000    
          27          12  0.172321469      -8.97078030E-03 -0.500000000    
          27          13   7.04859421E-02  -7.37674348E-03 -0.500000000    
          27          14   1.52957458E-02  -1.22903869E-03 -0.500000000    
          27          15  -1.91121586E-02   1.76702831E-02 -0.500000000    
          27          16   9.98509303E-02   4.84869257E-02 -0.500000000    
          27          17  0.155238360       5.77931032E-02 -0.500000000    
          27          18  0.155538067       5.09364940E-02 -0.500000000    
          27          19   4.64488566E-02   2.62860227E-02 -0.500000000    
          27          20   8.19037855E-02   5.66306664E-03 -0.500000000    
          27          21  0.103836730      -9.06701386E-03 -0.500000000    
          27          22  0.175051287      -1.62937343E-02 -0.500000000    
          27          23  0.284131169      -2.00976264E-02 -0.500000000    
          27          24  0.323763013      -1.28869638E-02 -0.500000000    
          27          25  0.357890576      -5.17271459E-03 -0.500000000    
          27          26  0.247200906      -1.46024162E-02 -0.500000000    
          27          27  0.113467738      -2.98994780E-02 -0.500000000    
          27          28  0.272897989      -7.45417550E-02 -0.500000000    
          27          29  0.161082000     -0.123406880     -0.500000000    
          27          30  0.107312642     -0.142699972     -0.500000000    
          27          31  0.283953875     -0.119344726     -0.500000000    
          27          32  0.486767620     -0.114790946     -0.500000000    
          27          33  0.616581678     -0.134118736     -0.500000000    
          28           1  0.228368193     -0.113313660     -0.500000000    
          28           2  0.135320023      -9.55376104E-02 -0.500000000    
          28           3   7.59899542E-02 -0.128537804     -0.500000000    
          28           4   3.56650800E-02 -0.158179566     -0.500000000    
          28           5   8.65550637E-02 -0.147938758     -0.500000000    
          28           6   6.03042394E-02 -0.105892867     -0.500000000    
          28           7  0.129250467      -7.35818222E-02 -0.500000000    
          28           8  0.269846857      -5.43384403E-02 -0.500000000    
          28           9  0.292521536      -4.02851589E-02 -0.500000000    
          28          10  0.237394542      -4.15418744E-02 -0.500000000    
          28          11  0.228087381      -3.41711789E-02 -0.500000000    
          28          12  0.153268039      -2.56018173E-02 -0.500000000    
          28          13  0.128642678      -1.65654365E-02 -0.500000000    
          28          14   6.13927394E-02  -4.46706219E-03 -0.500000000    
          28          15   4.03663628E-02   1.61165781E-02 -0.500000000    
          28          16   6.26932159E-02   2.89139822E-02 -0.500000000    
          28          17   8.97636116E-02   3.11141796E-02 -0.500000000    
          28          18   8.41785595E-02   2.65169702E-02 -0.500000000    
          28          19   7.79010057E-02   1.63098518E-02 -0.500000000    
          28          20   8.10544863E-02  -6.24623569E-03 -0.500000000    
          28          21  0.198581323      -2.23678742E-02 -0.500000000    
          28          22  0.237479955      -3.55064273E-02 -0.500000000    
          28          23  0.304889500      -4.78618555E-02 -0.500000000    
          28          24  0.333948970      -5.07569611E-02 -0.500000000    
          28          25  0.381180167      -4.66816686E-02 -0.500000000    
          28          26  0.368070841      -5.44041507E-02 -0.500000000    
          28          27  0.272921950      -7.45415539E-02 -0.500000000    
          28          28  0.313549399     -0.122399226     -0.500000000    
          28          29  0.210238785     -0.165931702     -0.500000000    
          28          30  0.139221042     -0.168946683     -0.500000000    
          28          31  0.296564072     -0.143222690     -0.500000000    
          28          32  0.450483292     -0.144870475     -0.500000000    
          28          33  0.636421144     -0.158638984     -0.500000000    
          29           1  0.330323339     -0.116505429     -0.500000000    
          29           2  0.288311750     -0.103684388     -0.500000000    
          29           3  0.218425646     -0.133379310     -0.500000000    
          29           4  0.172936037     -0.172107309     -0.500000000    
          29           5  0.247162461     -0.181602225     -0.500000000    
          29           6  0.105987139     -0.149804324     -0.500000000    
          29           7  0.167151079     -0.115221396     -0.500000000    
          29           8  0.207193539      -8.04673806E-02 -0.500000000    
          29           9  0.174713522      -6.39074296E-02 -0.500000000    
          29          10  0.151717722      -7.07291961E-02 -0.500000000    
          29          11  0.167842165      -5.88415042E-02 -0.500000000    
          29          12   8.88087153E-02  -4.49951030E-02 -0.500000000    
          29          13  0.112939477      -2.70182993E-02 -0.500000000    
          29          14  0.143317953      -6.24301378E-03 -0.500000000    
          29          15  0.162299484       1.70091707E-02 -0.500000000    
          29          16   4.16746996E-02   2.43422743E-02 -0.500000000    
          29          17  -5.03253005E-02   2.21681464E-02 -0.500000000    
          29          18   1.59762874E-02   2.30908152E-02 -0.500000000    
          29          19  0.141404361       1.30308000E-02 -0.500000000    
          29          20  0.137839064      -1.11617148E-02 -0.500000000    
          29          21  0.172454327      -3.52380201E-02 -0.500000000    
          29          22  0.155272141      -5.57266511E-02 -0.500000000    
          29          23  0.230501711      -7.23973513E-02 -0.500000000    
          29          24  0.213229075      -8.64457637E-02 -0.500000000    
          29          25  0.225239694      -8.14282447E-02 -0.500000000    
          29          26  0.221533075      -9.33846384E-02 -0.500000000    
          29          27  0.161088422     -0.123402454     -0.500000000    
          29          28  0.210136682     -0.165927082     -0.500000000    
          29          29  0.375255704     -0.192950234     -0.500000000    
          29          30  0.314006448     -0.176941842     -0.500000000    
          29          31  0.338606596     -0.152333438     -0.500000000    
          29          32  0.424563229     -0.163757369     -0.500000000    
          29          33  0.508997202     -0.174032539     -0.500000000    
          30           1  0.187480003     -0.114034854     -0.500000000    
          30           2  0.227843955     -0.102738924     -0.500000000    
          30           3  0.226498187     -0.118235447     -0.500000000    
          30           4  0.203726277     -0.150834426     -0.500000000    
          30           5  0.277587026     -0.166908190     -0.500000000    
          30           6  0.100398421     -0.148830369     -0.500000000    
          30           7  0.119156256     -0.120896056     -0.500000000    
          30           8  0.103075169      -8.62049088E-02 -0.500000000    
          30           9   2.53468864E-02  -7.12174624E-02 -0.500000000    
          30          10   3.07399407E-02  -8.22016597E-02 -0.500000000    
          30          11   7.05831349E-02  -7.43245557E-02 -0.500000000    
          30          12   4.65581082E-02  -5.68804182E-02 -0.500000000    
          30          13   8.67463946E-02  -3.11165452E-02 -0.500000000    
          30          14  0.113692738       3.17416713E-03 -0.500000000    
          30          15  0.167481109       3.11395042E-02 -0.500000000    
          30          16   5.20085543E-02   4.67472635E-02 -0.500000000    
          30          17  -6.23219460E-02   5.56162298E-02 -0.500000000    
          30          18  -2.03122310E-02   4.71013822E-02 -0.500000000    
          30          19  0.109026588       2.90896911E-02 -0.500000000    
          30          20  0.106401190      -2.42032780E-04 -0.500000000    
          30          21   9.52503383E-02  -3.61445434E-02 -0.500000000    
          30          22   6.76567480E-02  -6.60420880E-02 -0.500000000    
          30          23  0.100002274      -8.63921419E-02 -0.500000000    
          30          24   7.00617582E-02  -9.75588411E-02 -0.500000000    
          30          25   9.48402360E-02  -9.29759741E-02 -0.500000000    
          30          26  0.125211880     -0.112074248     -0.500000000    
          30          27  0.107283302     -0.142690569     -0.500000000    
          30          28  0.139100119     -0.168937668     -0.500000000    
          30          29  0.313933253     -0.176936075     -0.500000000    
          30          30  0.213877201     -0.154195279     -0.500000000    
          30          31  0.203823045     -0.138871387     -0.500000000    
          30          32  0.272337466     -0.161941499     -0.500000000    
          30          33  0.286358327     -0.169701949     -0.500000000    
          31           1  0.220586285     -0.122257568     -0.500000000    
          31           2  0.251239300     -0.103561431     -0.500000000    
          31           3  0.221988738      -9.70507935E-02 -0.500000000    
          31           4  0.174939618     -0.115964919     -0.500000000    
          31           5  0.301676482     -0.125496313     -0.500000000    
          31           6  0.190020680     -0.110544063     -0.500000000    
          31           7  0.173929796      -8.26809555E-02 -0.500000000    
          31           8  0.100172296      -4.88693863E-02 -0.500000000    
          31           9   9.42763127E-03  -4.13967557E-02 -0.500000000    
          31          10  -8.11758172E-03  -6.45669624E-02 -0.500000000    
          31          11   5.72239272E-02  -7.22606853E-02 -0.500000000    
          31          12   6.70902133E-02  -6.09537810E-02 -0.500000000    
          31          13   7.23689646E-02  -3.12149152E-02 -0.500000000    
          31          14   4.02523279E-02   1.43336700E-02 -0.500000000    
          31          15   3.34278606E-02   5.71260639E-02 -0.500000000    
          31          16   3.00961807E-02   8.41647759E-02 -0.500000000    
          31          17   3.66729014E-02   9.28510129E-02 -0.500000000    
          31          18  -1.57577824E-02   8.49933624E-02 -0.500000000    
          31          19  -6.22913800E-02   5.79569302E-02 -0.500000000    
          31          20  -4.75926474E-02   1.69047248E-02 -0.500000000    
          31          21  -2.55320109E-02  -2.79825963E-02 -0.500000000    
          31          22   2.13800222E-02  -6.24877438E-02 -0.500000000    
          31          23   9.21623483E-02  -7.64257461E-02 -0.500000000    
          31          24  0.106148802      -7.61402324E-02 -0.500000000    
          31          25  0.226676658      -6.51116818E-02 -0.500000000    
          31          26  0.273957938      -8.51530582E-02 -0.500000000    
          31          27  0.283846974     -0.119332060     -0.500000000    
          31          28  0.296477377     -0.143210381     -0.500000000    
          31          29  0.338585228     -0.152327567     -0.500000000    
          31          30  0.203824863     -0.138873398     -0.500000000    
          31          31  0.265892923     -0.137153476     -0.500000000    
          31          32  0.394574732     -0.172880277     -0.500000000    
          31          33  0.466021210     -0.184104800     -0.500000000    
          32           1  0.265971094     -0.168651223     -0.500000000    
          32           2  0.330509484     -0.144960508     -0.500000000    
          32           3  0.271911591     -0.121856630     -0.500000000    
          32           4  0.208395228     -0.132809997     -0.500000000    
          32           5  0.371290296     -0.135056481     -0.500000000    
          32           6  0.267738998     -0.116608709     -0.500000000    
          32           7  0.314774334      -7.60807768E-02 -0.500000000    
          32           8  0.259681046      -2.53912620E-02 -0.500000000    
          32           9  0.119613916      -5.02846157E-03 -0.500000000    
          32          10   6.90029040E-02  -2.37679426E-02 -0.500000000    
          32          11   9.60405096E-02  -3.56094912E-02 -0.500000000    
          32          12   8.94338358E-03  -2.80416384E-02 -0.500000000    
          32          13   1.43143991E-02   3.48695234E-04 -0.500000000    
          32          14   7.88779855E-02   3.92405465E-02 -0.500000000    
          32          15  0.121458076       7.31448308E-02 -0.500000000    
          32          16   6.15164265E-02   9.62360576E-02 -0.500000000    
          32          17  -7.10638473E-03  0.105505787     -0.500000000    
          32          18   3.93148046E-03   9.71612260E-02 -0.500000000    
          32          19   7.69927120E-03   7.32015520E-02 -0.500000000    
          32          20  -5.40225096E-02   3.96670140E-02 -0.500000000    
          32          21 -0.132382423       6.96943328E-03 -0.500000000    
          32          22 -0.133429632      -1.82357859E-02 -0.500000000    
          32          23   1.27476035E-02  -2.70000231E-02 -0.500000000    
          32          24   7.48735294E-02  -2.75755525E-02 -0.500000000    
          32          25  0.330752254      -3.00799701E-02 -0.500000000    
          32          26  0.469766408      -6.74285218E-02 -0.500000000    
          32          27  0.486605585     -0.114777520     -0.500000000    
          32          28  0.450358510     -0.144852757     -0.500000000    
          32          29  0.424592763     -0.163745090     -0.500000000    
          32          30  0.272351861     -0.161940679     -0.500000000    
          32          31  0.394564807     -0.172876686     -0.500000000    
          32          32  0.544719875     -0.222768530     -0.500000000    
          32          33  0.720144272     -0.242213428     -0.500000000    
          33           1  0.405127108     -0.164395988     -0.500000000    
          33           2  0.334979832     -0.143000633     -0.500000000    
          33           3  0.179352060     -0.114370696     -0.500000000    
          33           4  0.152527675     -0.129798844     -0.500000000    
          33           5  0.486126363     -0.136843801     -0.500000000    
          33           6  0.499612987     -0.126154199     -0.500000000    
          33           7  0.452464968      -9.02048573E-02 -0.500000000    
          33           8  0.248900801      -3.89943197E-02 -0.500000000    
          33           9  0.120120764      -9.75880679E-03 -0.500000000    
          33          10  0.101602465      -6.92027947E-03 -0.500000000    
          33          11  0.163449526       3.83397285E-03 -0.500000000    
          33          12  0.133561149       2.32272260E-02 -0.500000000    
          33          13  0.135519788       4.45129834E-02 -0.500000000    
          33          14   9.92295444E-02   7.00115040E-02 -0.500000000    
          33          15   7.56775588E-02   8.82657543E-02 -0.500000000    
          33          16   2.67241243E-02   9.14670527E-02 -0.500000000    
          33          17  -1.94648709E-02   9.01589468E-02 -0.500000000    
          33          18  -3.18027139E-02   9.15906057E-02 -0.500000000    
          33          19  -6.32887334E-02   8.89436677E-02 -0.500000000    
          33          20  -9.14202109E-02   7.21726492E-02 -0.500000000    
          33          21  -7.43789971E-02   4.85602692E-02 -0.500000000    
          33          22  -1.02515065E-03   2.93675698E-02 -0.500000000    
          33          23   8.36051553E-02   1.56108411E-02 -0.500000000    
          33          24   5.54230809E-02  -6.55124721E-04 -0.500000000    
          33          25  0.246776208      -2.59884857E-02 -0.500000000    
          33          26  0.432003647      -8.13199207E-02 -0.500000000    
          33          27  0.616337657     -0.134104669     -0.500000000    
          33          28  0.636257410     -0.158621922     -0.500000000    
          33          29  0.509035707     -0.174018577     -0.500000000    
          33          30  0.286383182     -0.169702098     -0.500000000    
          33          31  0.466009468     -0.184102044     -0.500000000    
          33          32  0.720135927     -0.242213845     -0.500000000    
          33          33  0.969695508     -0.263688475     -0.500000000    
