           1           1  0.508685052      -9.86106545E-02 -0.500000000    
           1           2  0.618080318     -0.156652480     -0.500000000    
           1           3  0.697162151     -0.218669876     -0.500000000    
           1           4  0.138164088     -0.198793784     -0.500000000    
           1           5  0.192004830     -0.132251129     -0.500000000    
           1           6  0.353034139     -0.116847813     -0.500000000    
           1           7  0.315133125     -0.129135981     -0.500000000    
           1           8  0.267382175     -0.144619673     -0.500000000    
           1           9  0.114685535     -0.148850843     -0.500000000    
           1          10   5.13028502E-02 -0.136544183     -0.500000000    
           1          11  0.146543771     -0.125730321     -0.500000000    
           1          12  0.326518178     -0.107398055     -0.500000000    
           1          13  0.380575031      -8.73485282E-02 -0.500000000    
           1          14  0.214690298      -6.38252869E-02 -0.500000000    
           1          15  0.110827580      -3.22676487E-02 -0.500000000    
           1          16  0.159984618       1.02330651E-03 -0.500000000    
           1          17  0.307730705       1.85175315E-02 -0.500000000    
           1          18  0.282454669       1.06990272E-02 -0.500000000    
           1          19  0.245879978      -9.79465246E-03 -0.500000000    
           1          20  0.350009054      -3.19628604E-02 -0.500000000    
           1          21  0.543552756      -5.49406223E-02 -0.500000000    
           1          22  0.497992188      -8.17593113E-02 -0.500000000    
           1          23  0.278640509     -0.108457945     -0.500000000    
           1          24  0.118903928     -0.126622364     -0.500000000    
           1          25  0.123811200     -0.133911982     -0.500000000    
           1          26   9.22180712E-02 -0.124521114     -0.500000000    
           1          27   6.11492209E-02 -0.114634097     -0.500000000    
           1          28   8.52138773E-02  -9.71433297E-02 -0.500000000    
           1          29  -5.50555773E-02 -0.111863866     -0.500000000    
           1          30 -0.136689976     -0.166431323     -0.500000000    
           1          31  0.362268239     -0.174947083     -0.500000000    
           1          32  0.697292387     -0.184738636     -0.500000000    
           1          33  0.681914389     -0.167475700     -0.500000000    
           2           1  0.618175447     -0.156643748     -0.500000000    
           2           2  0.547869563     -0.196896657     -0.500000000    
           2           3  0.400734633     -0.220896468     -0.500000000    
           2           4  -8.19664262E-03 -0.181371167     -0.500000000    
           2           5  0.131494075     -0.126924500     -0.500000000    
           2           6  0.212790862     -0.109774113     -0.500000000    
           2           7  0.337441862     -0.116463006     -0.500000000    
           2           8  0.475440383     -0.126717359     -0.500000000    
           2           9  0.404549479     -0.125757471     -0.500000000    
           2          10  0.279405326     -0.109611951     -0.500000000    
           2          11  0.254905999      -9.16255116E-02 -0.500000000    
           2          12  0.343698621      -7.14526698E-02 -0.500000000    
           2          13  0.316869646      -5.95239960E-02 -0.500000000    
           2          14  0.249599665      -4.50209156E-02 -0.500000000    
           2          15  0.167475253      -2.79096197E-02 -0.500000000    
           2          16  0.113103405      -1.43729243E-02 -0.500000000    
           2          17  0.149705738      -9.05806199E-03 -0.500000000    
           2          18  0.187480867      -6.74520759E-03 -0.500000000    
           2          19  0.238855019      -8.05892795E-03 -0.500000000    
           2          20  0.308046877      -1.64198466E-02 -0.500000000    
           2          21  0.368978828      -3.06078326E-02 -0.500000000    
           2          22  0.395547092      -4.85732593E-02 -0.500000000    
           2          23  0.302112252      -7.31671527E-02 -0.500000000    
           2          24  0.236533999      -9.52489376E-02 -0.500000000    
           2          25  0.305792689     -0.109383181     -0.500000000    
           2          26  0.284624636     -0.112547472     -0.500000000    
           2          27  0.143550739     -0.107281677     -0.500000000    
           2          28   5.76164164E-02  -9.67940688E-02 -0.500000000    
           2          29  -2.33447570E-02 -0.113309771     -0.500000000    
           2          30 -0.136230901     -0.166374385     -0.500000000    
           2          31  0.134724244     -0.176098123     -0.500000000    
           2          32  0.496674627     -0.197501838     -0.500000000    
           2          33  0.761046827     -0.197659343     -0.500000000    
           3           1  0.697492599     -0.218669519     -0.500000000    
           3           2  0.400890112     -0.220899373     -0.500000000    
           3           3  0.259747326     -0.210212499     -0.500000000    
           3           4   3.35236080E-03 -0.156521171     -0.500000000    
           3           5  0.144188568     -0.108969353     -0.500000000    
           3           6  0.132039487      -9.56439227E-02 -0.500000000    
           3           7  0.164084405      -9.74775031E-02 -0.500000000    
           3           8  0.277726531      -9.51144025E-02 -0.500000000    
           3           9  0.290853769      -8.59027505E-02 -0.500000000    
           3          10  0.285808921      -6.87287524E-02 -0.500000000    
           3          11  0.253852099      -5.76338507E-02 -0.500000000    
           3          12  0.263209671      -4.92616780E-02 -0.500000000    
           3          13  0.234441951      -4.70422804E-02 -0.500000000    
           3          14  0.152051821      -4.21963371E-02 -0.500000000    
           3          15   8.73618573E-02  -3.07686031E-02 -0.500000000    
           3          16  0.107586980      -1.41059356E-02 -0.500000000    
           3          17  0.207590267      -6.22539362E-03 -0.500000000    
           3          18  0.190620854      -1.10540362E-02 -0.500000000    
           3          19  0.112814561      -1.73873510E-02 -0.500000000    
           3          20  0.126085147      -2.04938427E-02 -0.500000000    
           3          21  0.168572277      -2.17149928E-02 -0.500000000    
           3          22  0.207441047      -2.57672518E-02 -0.500000000    
           3          23  0.219518796      -4.04473580E-02 -0.500000000    
           3          24  0.208423972      -6.00301363E-02 -0.500000000    
           3          25  0.210712492      -8.01056176E-02 -0.500000000    
           3          26  0.134377018      -9.63572264E-02 -0.500000000    
           3          27   1.95231773E-02  -9.84087884E-02 -0.500000000    
           3          28   2.45282240E-02  -9.26446393E-02 -0.500000000    
           3          29   4.43151295E-02 -0.110084981     -0.500000000    
           3          30  -3.42894644E-02 -0.169061437     -0.500000000    
           3          31  0.151682526     -0.193889335     -0.500000000    
           3          32  0.276180208     -0.207182333     -0.500000000    
           3          33  0.476070434     -0.211714819     -0.500000000    
           4           1  0.138244003     -0.198816836     -0.500000000    
           4           2  -8.22753832E-03 -0.181387722     -0.500000000    
           4           3   3.28581175E-03 -0.156531617     -0.500000000    
           4           4  -8.91854391E-02  -8.72414783E-02 -0.500000000    
           4           5   4.30549420E-02  -4.40452993E-02 -0.500000000    
           4           6  -3.10499035E-02  -4.02457677E-02 -0.500000000    
           4           7  -3.08803860E-02  -5.37733063E-02 -0.500000000    
           4           8   8.54245946E-02  -6.10223338E-02 -0.500000000    
           4           9  0.106245145      -6.16953000E-02 -0.500000000    
           4          10  0.104678720      -6.11463450E-02 -0.500000000    
           4          11  0.142497659      -5.90983480E-02 -0.500000000    
           4          12  0.152336493      -5.03730737E-02 -0.500000000    
           4          13   5.75739779E-02  -3.85283455E-02 -0.500000000    
           4          14  -1.18424892E-02  -2.61066668E-02 -0.500000000    
           4          15   1.13761416E-02  -1.45031018E-02 -0.500000000    
           4          16   6.61110058E-02  -4.42040095E-04 -0.500000000    
           4          17  0.202294245       6.11988269E-03 -0.500000000    
           4          18   9.35407132E-02   9.42565210E-04 -0.500000000    
           4          19   4.22877111E-02  -5.29254135E-03 -0.500000000    
           4          20  -3.57810333E-02  -1.06482245E-02 -0.500000000    
           4          21  -3.15208212E-02  -2.15848368E-02 -0.500000000    
           4          22   8.67910907E-02  -3.63811515E-02 -0.500000000    
           4          23  0.127271637      -5.30614592E-02 -0.500000000    
           4          24  0.104937732      -6.17988110E-02 -0.500000000    
           4          25  0.138993621      -7.03719631E-02 -0.500000000    
           4          26   8.34857449E-02  -8.60743225E-02 -0.500000000    
           4          27  -2.59502865E-02  -7.91729242E-02 -0.500000000    
           4          28  -2.31087413E-02  -6.17333427E-02 -0.500000000    
           4          29   6.10034168E-03  -6.61783591E-02 -0.500000000    
           4          30  -8.97677392E-02 -0.123876207     -0.500000000    
           4          31   7.42879882E-02 -0.166938394     -0.500000000    
           4          32  0.141433999     -0.181527451     -0.500000000    
           4          33  0.293710768     -0.178256348     -0.500000000    
           5           1  0.191761702     -0.132270753     -0.500000000    
           5           2  0.131323710     -0.126939207     -0.500000000    
           5           3  0.144088268     -0.108978264     -0.500000000    
           5           4   4.30233479E-02  -4.40478921E-02 -0.500000000    
           5           5  0.184789583      -1.89575274E-02 -0.500000000    
           5           6   9.77958664E-02  -2.93497033E-02 -0.500000000    
           5           7   1.87546201E-03  -4.90701124E-02 -0.500000000    
           5           8  -3.05462331E-02  -6.07271083E-02 -0.500000000    
           5           9  -5.98214827E-02  -6.80146739E-02 -0.500000000    
           5          10  -1.13387350E-02  -7.13482201E-02 -0.500000000    
           5          11   4.98953983E-02  -6.16870411E-02 -0.500000000    
           5          12   1.48674212E-02  -4.24600840E-02 -0.500000000    
           5          13  -1.94999166E-02  -2.20023394E-02 -0.500000000    
           5          14  -2.78707333E-02  -1.18013369E-02 -0.500000000    
           5          15   2.75345445E-02  -5.64879226E-03 -0.500000000    
           5          16   5.36166579E-02   1.53722416E-03 -0.500000000    
           5          17   1.06815454E-02   7.86131062E-03 -0.500000000    
           5          18   3.86932604E-02   4.95833438E-03 -0.500000000    
           5          19   3.80159914E-02   2.11933977E-03 -0.500000000    
           5          20  -4.11426574E-02  -6.79301738E-04 -0.500000000    
           5          21  -7.26038143E-02  -1.29313748E-02 -0.500000000    
           5          22  -3.56186032E-02  -3.93675938E-02 -0.500000000    
           5          23   6.04026765E-02  -6.34830669E-02 -0.500000000    
           5          24   4.61354107E-02  -7.95910060E-02 -0.500000000    
           5          25   1.44322980E-02  -8.66154358E-02 -0.500000000    
           5          26  -7.06467330E-02  -9.72028077E-02 -0.500000000    
           5          27  -7.60181248E-02  -8.36924538E-02 -0.500000000    
           5          28   5.63024879E-02  -5.53527176E-02 -0.500000000    
           5          29  0.140203208      -4.10831831E-02 -0.500000000    
           5          30  -2.67408192E-02  -8.67885426E-02 -0.500000000    
           5          31   6.80146813E-02 -0.132903337     -0.500000000    
           5          32   2.02614442E-03 -0.147441804     -0.500000000    
           5          33   1.41893858E-02 -0.139606893     -0.500000000    
           6           1  0.352749228     -0.116842143     -0.500000000    
           6           2  0.212589160     -0.109772295     -0.500000000    
           6           3  0.131907120      -9.56424698E-02 -0.500000000    
           6           4  -3.11189294E-02  -4.02413011E-02 -0.500000000    
           6           5   9.77306664E-02  -2.93447264E-02 -0.500000000    
           6           6  0.105495900      -4.87210751E-02 -0.500000000    
           6           7   5.57215065E-02  -5.72548136E-02 -0.500000000    
           6           8   4.15195478E-03  -6.42702803E-02 -0.500000000    
           6           9 -0.107815750      -6.62401095E-02 -0.500000000    
           6          10 -0.210399613      -7.29230046E-02 -0.500000000    
           6          11  -8.16228166E-02  -6.92029297E-02 -0.500000000    
           6          12   2.30043586E-02  -5.23087494E-02 -0.500000000    
           6          13   3.67355533E-02  -3.55197042E-02 -0.500000000    
           6          14   6.35757893E-02  -2.29295492E-02 -0.500000000    
           6          15   6.87494129E-02  -1.81770530E-02 -0.500000000    
           6          16   2.17943620E-02  -1.51616381E-02 -0.500000000    
           6          17  -9.89299417E-02  -1.20842326E-02 -0.500000000    
           6          18  -1.94687881E-02  -6.66073384E-03 -0.500000000    
           6          19   3.30064148E-02  -6.27429178E-03 -0.500000000    
           6          20   2.63579544E-02  -1.22501710E-02 -0.500000000    
           6          21   3.33711039E-03  -2.90032290E-02 -0.500000000    
           6          22  -5.43610100E-03  -5.25166430E-02 -0.500000000    
           6          23  -8.80548134E-02  -7.67169669E-02 -0.500000000    
           6          24 -0.227817863      -8.81922022E-02 -0.500000000    
           6          25 -0.154458150      -9.10625979E-02 -0.500000000    
           6          26  -5.88873141E-02  -9.94346887E-02 -0.500000000    
           6          27   2.33689509E-02  -8.75126719E-02 -0.500000000    
           6          28  0.107122771      -6.59971535E-02 -0.500000000    
           6          29   7.79720992E-02  -3.70542817E-02 -0.500000000    
           6          30  -9.05922949E-02  -6.86504245E-02 -0.500000000    
           6          31   2.22690869E-02 -0.106175020     -0.500000000    
           6          32 -0.108384356     -0.118076310     -0.500000000    
           6          33 -0.223155692     -0.114327796     -0.500000000    
           7           1  0.314981282     -0.129110336     -0.500000000    
           7           2  0.337336063     -0.116444886     -0.500000000    
           7           3  0.164012298      -9.74683911E-02 -0.500000000    
           7           4  -3.09154335E-02  -5.37663735E-02 -0.500000000    
           7           5   1.84632558E-03  -4.90645654E-02 -0.500000000    
           7           6   5.57142682E-02  -5.72503097E-02 -0.500000000    
           7           7   1.85701363E-02  -5.95901310E-02 -0.500000000    
           7           8   2.67332327E-02  -7.34131262E-02 -0.500000000    
           7           9  -6.39901236E-02  -7.69645870E-02 -0.500000000    
           7          10  -9.75844339E-02  -8.35795701E-02 -0.500000000    
           7          11  -4.38292548E-02  -7.98372477E-02 -0.500000000    
           7          12   1.74302366E-02  -7.31819049E-02 -0.500000000    
           7          13   5.81731796E-02  -5.52716441E-02 -0.500000000    
           7          14   4.68327589E-02  -3.83899473E-02 -0.500000000    
           7          15   6.55536205E-02  -3.76185440E-02 -0.500000000    
           7          16   9.60050672E-02  -4.55696136E-02 -0.500000000    
           7          17   5.04387170E-02  -4.78380024E-02 -0.500000000    
           7          18   4.25292738E-02  -3.55974138E-02 -0.500000000    
           7          19   2.52122879E-02  -2.44495999E-02 -0.500000000    
           7          20   4.14981954E-02  -2.71010380E-02 -0.500000000    
           7          21   6.78116009E-02  -5.07745855E-02 -0.500000000    
           7          22  -3.92240100E-03  -7.79608637E-02 -0.500000000    
           7          23  -6.97367340E-02  -9.23042074E-02 -0.500000000    
           7          24 -0.107533403      -9.83807892E-02 -0.500000000    
           7          25  -6.29636347E-02  -9.72562656E-02 -0.500000000    
           7          26   2.74247043E-02  -9.76943746E-02 -0.500000000    
           7          27   3.52848545E-02  -7.85076767E-02 -0.500000000    
           7          28   8.00424293E-02  -5.83264977E-02 -0.500000000    
           7          29  -4.07769904E-02  -3.27832550E-02 -0.500000000    
           7          30 -0.101515181      -5.76511174E-02 -0.500000000    
           7          31   7.29412735E-02  -9.18271095E-02 -0.500000000    
           7          32   1.46312313E-03 -0.101808116     -0.500000000    
           7          33 -0.183980882     -0.105328791     -0.500000000    
           8           1  0.267329186     -0.144586265     -0.500000000    
           8           2  0.475396484     -0.126692519     -0.500000000    
           8           3  0.277688920      -9.51015577E-02 -0.500000000    
           8           4   8.53913352E-02  -6.10164069E-02 -0.500000000    
           8           5  -3.05471085E-02  -6.07240573E-02 -0.500000000    
           8           6   4.13838448E-03  -6.42640740E-02 -0.500000000    
           8           7   2.67523602E-02  -7.34087676E-02 -0.500000000    
           8           8  -4.75665461E-03  -9.50770751E-02 -0.500000000    
           8           9   8.68634060E-02 -0.103805624     -0.500000000    
           8          10   5.85103929E-02  -9.93760824E-02 -0.500000000    
           8          11  0.107928738      -8.21571723E-02 -0.500000000    
           8          12   7.17753172E-02  -6.90466315E-02 -0.500000000    
           8          13   4.41095186E-03  -5.18558472E-02 -0.500000000    
           8          14  -3.88603695E-02  -4.33942825E-02 -0.500000000    
           8          15   8.93843770E-02  -5.26812337E-02 -0.500000000    
           8          16  0.235421091      -7.40821585E-02 -0.500000000    
           8          17  0.238168269      -8.54353234E-02 -0.500000000    
           8          18  0.179714605      -6.85230792E-02 -0.500000000    
           8          19   8.04128796E-02  -4.53651212E-02 -0.500000000    
           8          20   1.56314485E-02  -3.82167995E-02 -0.500000000    
           8          21   1.46759106E-02  -5.21248281E-02 -0.500000000    
           8          22   3.94236185E-02  -7.67705590E-02 -0.500000000    
           8          23   8.97736102E-02  -9.18743387E-02 -0.500000000    
           8          24   7.21285716E-02 -0.103364646     -0.500000000    
           8          25   6.96968362E-02 -0.108713463     -0.500000000    
           8          26   9.31459293E-03 -0.101147212     -0.500000000    
           8          27   5.21767288E-02  -8.01195353E-02 -0.500000000    
           8          28   1.17556676E-02  -5.59773631E-02 -0.500000000    
           8          29 -0.119594231      -3.11853904E-02 -0.500000000    
           8          30  -2.34373137E-02  -5.15992828E-02 -0.500000000    
           8          31  0.184685603      -9.32161286E-02 -0.500000000    
           8          32  0.145759597     -0.108023159     -0.500000000    
           8          33 -0.102198251     -0.119203389     -0.500000000    
           9           1  0.114652596     -0.148816943     -0.500000000    
           9           2  0.404536754     -0.125731334     -0.500000000    
           9           3  0.290825993      -8.58868659E-02 -0.500000000    
           9           4  0.106210329      -6.16879873E-02 -0.500000000    
           9           5  -5.98284081E-02  -6.80109933E-02 -0.500000000    
           9           6 -0.107831672      -6.62335902E-02 -0.500000000    
           9           7  -6.39586151E-02  -7.69580230E-02 -0.500000000    
           9           8   8.68885592E-02 -0.103803575     -0.500000000    
           9           9  0.175755873     -0.122992516     -0.500000000    
           9          10   9.44715440E-02 -0.109085232     -0.500000000    
           9          11   8.11170787E-02  -8.45813155E-02 -0.500000000    
           9          12  0.107465126      -5.92522472E-02 -0.500000000    
           9          13  -9.92449000E-03  -4.41349223E-02 -0.500000000    
           9          14  -8.27446952E-02  -4.37732264E-02 -0.500000000    
           9          15  0.105207980      -6.32578731E-02 -0.500000000    
           9          16  0.263033062      -9.09950584E-02 -0.500000000    
           9          17  0.322894126     -0.107029609     -0.500000000    
           9          18  0.240592718      -9.04091969E-02 -0.500000000    
           9          19  0.126421750      -6.26394823E-02 -0.500000000    
           9          20  -4.03664485E-02  -4.66309302E-02 -0.500000000    
           9          21   8.09005741E-03  -4.89610471E-02 -0.500000000    
           9          22  0.101084568      -6.58783838E-02 -0.500000000    
           9          23   8.56917724E-02  -8.95764157E-02 -0.500000000    
           9          24   8.60744864E-02 -0.107586913     -0.500000000    
           9          25  0.150128901     -0.124908157     -0.500000000    
           9          26  0.117455296     -0.109477609     -0.500000000    
           9          27   1.12429820E-02  -8.32281560E-02 -0.500000000    
           9          28  -6.32078350E-02  -5.70244677E-02 -0.500000000    
           9          29  -7.91785121E-02  -3.03495079E-02 -0.500000000    
           9          30   5.58702052E-02  -3.42776850E-02 -0.500000000    
           9          31  0.220729813      -7.99855888E-02 -0.500000000    
           9          32  0.142382964      -9.96734500E-02 -0.500000000    
           9          33  -6.48333803E-02 -0.117541425     -0.500000000    
          10           1   5.13195768E-02 -0.136514530     -0.500000000    
          10           2  0.279416203     -0.109589688     -0.500000000    
          10           3  0.285810530      -6.87135905E-02 -0.500000000    
          10           4  0.104670398      -6.11381084E-02 -0.500000000    
          10           5  -1.13475323E-02  -7.13427141E-02 -0.500000000    
          10           6 -0.210369766      -7.29152933E-02 -0.500000000    
          10           7  -9.75498110E-02  -8.35708976E-02 -0.500000000    
          10           8   5.85570484E-02  -9.93706509E-02 -0.500000000    
          10           9   9.45000425E-02 -0.109082982     -0.500000000    
          10          10   6.17106296E-02  -9.13850740E-02 -0.500000000    
          10          11   2.29383837E-02  -7.20997900E-02 -0.500000000    
          10          12   2.43053567E-02  -5.52870668E-02 -0.500000000    
          10          13  -7.02125579E-02  -5.42351454E-02 -0.500000000    
          10          14  -6.53938726E-02  -5.86872809E-02 -0.500000000    
          10          15   5.77705801E-02  -7.84512907E-02 -0.500000000    
          10          16  0.210827559     -0.112323269     -0.500000000    
          10          17  0.344832629     -0.133567601     -0.500000000    
          10          18  0.254801154     -0.115309030     -0.500000000    
          10          19  0.118151508      -8.21761042E-02 -0.500000000    
          10          20  -1.23649556E-02  -6.54334426E-02 -0.500000000    
          10          21  -3.97762023E-02  -6.43209964E-02 -0.500000000    
          10          22   3.83997522E-02  -6.73488453E-02 -0.500000000    
          10          23   1.26730213E-02  -8.25888887E-02 -0.500000000    
          10          24   4.17775624E-02  -9.35974717E-02 -0.500000000    
          10          25   8.80187377E-02 -0.107225500     -0.500000000    
          10          26   8.94345939E-02  -9.88704488E-02 -0.500000000    
          10          27  -2.64101066E-02  -8.10274929E-02 -0.500000000    
          10          28 -0.184582815      -5.68518415E-02 -0.500000000    
          10          29  -3.33558619E-02  -3.19457874E-02 -0.500000000    
          10          30   7.02367797E-02  -1.86658148E-02 -0.500000000    
          10          31  0.170299321      -5.45811653E-02 -0.500000000    
          10          32   3.91314179E-02  -8.48320127E-02 -0.500000000    
          10          33  -4.72896658E-02 -0.107509941     -0.500000000    
          11           1  0.146542832     -0.125704706     -0.500000000    
          11           2  0.254898459      -9.16049778E-02 -0.500000000    
          11           3  0.253867537      -5.76191209E-02 -0.500000000    
          11           4  0.142505288      -5.90881184E-02 -0.500000000    
          11           5   4.98868674E-02  -6.16790541E-02 -0.500000000    
          11           6  -8.15974921E-02  -6.91949427E-02 -0.500000000    
          11           7  -4.37942892E-02  -7.98284486E-02 -0.500000000    
          11           8  0.107981749      -8.21497962E-02 -0.500000000    
          11           9   8.11632499E-02  -8.45768228E-02 -0.500000000    
          11          10   2.29577497E-02  -7.20968544E-02 -0.500000000    
          11          11  -6.89094290E-02  -4.79556248E-02 -0.500000000    
          11          12 -0.110319600      -3.89574617E-02 -0.500000000    
          11          13  -7.57239386E-02  -5.64356148E-02 -0.500000000    
          11          14  -1.22215208E-02  -8.33548084E-02 -0.500000000    
          11          15   5.20450771E-02 -0.106657483     -0.500000000    
          11          16  0.150699243     -0.127386585     -0.500000000    
          11          17  0.327513009     -0.141887769     -0.500000000    
          11          18  0.219551027     -0.129835710     -0.500000000    
          11          19   9.90942344E-02 -0.110240683     -0.500000000    
          11          20   5.83859421E-02  -9.42310914E-02 -0.500000000    
          11          21  -6.97119609E-02  -7.26744160E-02 -0.500000000    
          11          22 -0.129231140      -5.27042784E-02 -0.500000000    
          11          23  -9.74521413E-02  -5.24913594E-02 -0.500000000    
          11          24  -6.02817200E-02  -6.98768869E-02 -0.500000000    
          11          25  -1.12073952E-02  -7.99225494E-02 -0.500000000    
          11          26   6.28564730E-02  -8.06929916E-02 -0.500000000    
          11          27  -5.97261358E-03  -7.21168891E-02 -0.500000000    
          11          28  -7.33200163E-02  -5.29313795E-02 -0.500000000    
          11          29   3.66008691E-02  -3.18076313E-02 -0.500000000    
          11          30  0.136478245      -1.56121217E-02 -0.500000000    
          11          31  0.203704223      -3.47222015E-02 -0.500000000    
          11          32   8.96956548E-02  -7.25702867E-02 -0.500000000    
          11          33  0.110586122     -0.103260085     -0.500000000    
          12           1  0.326436520     -0.107378282     -0.500000000    
          12           2  0.343636423      -7.14331865E-02 -0.500000000    
          12           3  0.263197213      -4.92476784E-02 -0.500000000    
          12           4  0.152326971      -5.03613241E-02 -0.500000000    
          12           5   1.48502383E-02  -4.24497724E-02 -0.500000000    
          12           6   2.29985304E-02  -5.22994436E-02 -0.500000000    
          12           7   1.74653474E-02  -7.31722936E-02 -0.500000000    
          12           8   7.18020871E-02  -6.90382645E-02 -0.500000000    
          12           9  0.107515030      -5.92454001E-02 -0.500000000    
          12          10   2.43436098E-02  -5.52822985E-02 -0.500000000    
          12          11 -0.110304847      -3.89556922E-02 -0.500000000    
          12          12 -0.120229363      -4.20591831E-02 -0.500000000    
          12          13  -1.19534442E-02  -5.86850904E-02 -0.500000000    
          12          14   7.08868206E-02  -8.53950530E-02 -0.500000000    
          12          15  0.106132053     -0.115677595     -0.500000000    
          12          16   9.11075696E-02 -0.137041584     -0.500000000    
          12          17  0.229676887     -0.141976804     -0.500000000    
          12          18  0.102699697     -0.138883069     -0.500000000    
          12          19  0.103191599     -0.123208694     -0.500000000    
          12          20  0.109654821      -9.48775560E-02 -0.500000000    
          12          21   5.43995714E-03  -6.65595308E-02 -0.500000000    
          12          22 -0.183696359      -4.98783961E-02 -0.500000000    
          12          23 -0.181457549      -4.02195007E-02 -0.500000000    
          12          24  -6.60499185E-02  -4.78664003E-02 -0.500000000    
          12          25   4.60615717E-02  -4.95130122E-02 -0.500000000    
          12          26   7.55425915E-02  -6.41291663E-02 -0.500000000    
          12          27   2.25817859E-02  -6.48022220E-02 -0.500000000    
          12          28  -6.57657813E-03  -4.28146832E-02 -0.500000000    
          12          29  -2.30546249E-03  -3.32472101E-02 -0.500000000    
          12          30  0.156718895      -2.81360392E-02 -0.500000000    
          12          31  0.240669310      -3.28188725E-02 -0.500000000    
          12          32  0.182016492      -6.91785216E-02 -0.500000000    
          12          33  0.204778418     -0.108845301     -0.500000000    
          13           1  0.380426764      -8.73382315E-02 -0.500000000    
          13           2  0.316746831      -5.95105104E-02 -0.500000000    
          13           3  0.234369174      -4.70299348E-02 -0.500000000    
          13           4   5.75404875E-02  -3.85169536E-02 -0.500000000    
          13           5  -1.95235275E-02  -2.19909735E-02 -0.500000000    
          13           6   3.67147662E-02  -3.55076306E-02 -0.500000000    
          13           7   5.81713133E-02  -5.52607775E-02 -0.500000000    
          13           8   4.44442872E-03  -5.18468916E-02 -0.500000000    
          13           9  -9.88698564E-03  -4.41279374E-02 -0.500000000    
          13          10  -7.01753423E-02  -5.42310327E-02 -0.500000000    
          13          11  -7.57023096E-02  -5.64327687E-02 -0.500000000    
          13          12  -1.19501026E-02  -5.86835630E-02 -0.500000000    
          13          13   2.66850200E-02  -7.07464144E-02 -0.500000000    
          13          14  -2.43881252E-03  -9.28076506E-02 -0.500000000    
          13          15   7.26347417E-02 -0.107446820     -0.500000000    
          13          16  0.157186612     -0.133013129     -0.500000000    
          13          17  0.203878149     -0.156283945     -0.500000000    
          13          18  0.141245276     -0.137900442     -0.500000000    
          13          19  0.103630915     -0.109427072     -0.500000000    
          13          20   2.68145613E-02  -9.38695371E-02 -0.500000000    
          13          21   1.33431479E-02  -7.11373910E-02 -0.500000000    
          13          22  -2.37619262E-02  -5.62151596E-02 -0.500000000    
          13          23  -8.23736414E-02  -5.03660403E-02 -0.500000000    
          13          24  -7.47168884E-02  -4.11587618E-02 -0.500000000    
          13          25  -2.43258104E-02  -3.71374302E-02 -0.500000000    
          13          26   1.18367476E-02  -4.80086356E-02 -0.500000000    
          13          27   8.12576786E-02  -4.82472330E-02 -0.500000000    
          13          28   3.48182097E-02  -2.75925435E-02 -0.500000000    
          13          29  -2.85286643E-03  -2.13858411E-02 -0.500000000    
          13          30  0.114351980      -3.05939484E-02 -0.500000000    
          13          31  0.231321812      -3.06581929E-02 -0.500000000    
          13          32  0.259715348      -6.07218966E-02 -0.500000000    
          13          33  0.212763742     -0.100618452     -0.500000000    
          14           1  0.214584157      -6.38253465E-02 -0.500000000    
          14           2  0.249496147      -4.50172797E-02 -0.500000000    
          14           3  0.151973560      -4.21900414E-02 -0.500000000    
          14           4  -1.18697258E-02  -2.60992218E-02 -0.500000000    
          14           5  -2.78864410E-02  -1.17922127E-02 -0.500000000    
          14           6   6.35545626E-02  -2.29172893E-02 -0.500000000    
          14           7   4.68044952E-02  -3.83786857E-02 -0.500000000    
          14           8  -3.88794467E-02  -4.33866456E-02 -0.500000000    
          14           9  -8.27331841E-02  -4.37678508E-02 -0.500000000    
          14          10  -6.53828233E-02  -5.86844496E-02 -0.500000000    
          14          11  -1.22072082E-02  -8.33521113E-02 -0.500000000    
          14          12   7.08862469E-02  -8.53919312E-02 -0.500000000    
          14          13  -2.44477065E-03  -9.28054452E-02 -0.500000000    
          14          14  -1.83877535E-03  -9.38031897E-02 -0.500000000    
          14          15   1.15130860E-02 -0.104362160     -0.500000000    
          14          16  0.182825565     -0.127499402     -0.500000000    
          14          17  0.396931350     -0.129493177     -0.500000000    
          14          18  0.224803790     -0.128299743     -0.500000000    
          14          19   4.52601463E-02  -9.94311050E-02 -0.500000000    
          14          20   9.12953448E-03  -8.04451033E-02 -0.500000000    
          14          21  -1.55022060E-02  -8.07573348E-02 -0.500000000    
          14          22   7.63488561E-02  -7.68617094E-02 -0.500000000    
          14          23   3.17106843E-02  -7.04364628E-02 -0.500000000    
          14          24   6.03361381E-03  -4.07694131E-02 -0.500000000    
          14          25  -4.27879766E-02  -3.41024213E-02 -0.500000000    
          14          26   8.89643282E-03  -3.74006219E-02 -0.500000000    
          14          27   9.38710943E-02  -3.05712875E-02 -0.500000000    
          14          28   9.31740329E-02  -1.21576749E-02 -0.500000000    
          14          29   1.45086311E-02  -7.98421074E-03 -0.500000000    
          14          30   3.83521728E-02  -2.33559608E-02 -0.500000000    
          14          31  0.152830496      -2.49199662E-02 -0.500000000    
          14          32  0.274825007      -4.42172475E-02 -0.500000000    
          14          33  0.148659542      -7.05811903E-02 -0.500000000    
          15           1  0.110745192      -3.22721153E-02 -0.500000000    
          15           2  0.167427167      -2.79136095E-02 -0.500000000    
          15           3   8.73408094E-02  -3.07697803E-02 -0.500000000    
          15           4   1.13801854E-02  -1.45022618E-02 -0.500000000    
          15           5   2.75375918E-02  -5.64424926E-03 -0.500000000    
          15           6   6.87371418E-02  -1.81684569E-02 -0.500000000    
          15           7   6.55123368E-02  -3.76093350E-02 -0.500000000    
          15           8   8.93230587E-02  -5.26750572E-02 -0.500000000    
          15           9  0.105168276      -6.32557794E-02 -0.500000000    
          15          10   5.77638522E-02  -7.84500912E-02 -0.500000000    
          15          11   5.20442799E-02 -0.106656335     -0.500000000    
          15          12  0.106122792     -0.115675427     -0.500000000    
          15          13   7.26156235E-02 -0.107444167     -0.500000000    
          15          14   1.14913927E-02 -0.104359895     -0.500000000    
          15          15  -3.18399910E-03 -0.100385532     -0.500000000    
          15          16  0.206123963      -8.87074545E-02 -0.500000000    
          15          17  0.277058810      -8.93963203E-02 -0.500000000    
          15          18  0.243616998      -8.29196051E-02 -0.500000000    
          15          19   3.58882658E-02  -8.25653449E-02 -0.500000000    
          15          20  -1.96280573E-02  -7.55503699E-02 -0.500000000    
          15          21   5.32879606E-02  -7.99630508E-02 -0.500000000    
          15          22  0.135585815      -9.81560424E-02 -0.500000000    
          15          23  0.137105525      -8.49199817E-02 -0.500000000    
          15          24  0.148262098      -5.28057180E-02 -0.500000000    
          15          25  0.166062295      -4.22464982E-02 -0.500000000    
          15          26  0.125446454      -3.58507223E-02 -0.500000000    
          15          27  0.102798037      -2.27137432E-02 -0.500000000    
          15          28  0.104373157      -3.46229062E-03 -0.500000000    
          15          29   9.09178406E-02   5.48979081E-03 -0.500000000    
          15          30   6.45140186E-02  -1.11317681E-02 -0.500000000    
          15          31   8.93462822E-02  -1.96444206E-02 -0.500000000    
          15          32  0.219479486      -2.54185833E-02 -0.500000000    
          15          33  0.137311950      -3.08046080E-02 -0.500000000    
          16           1  0.159831986       1.02132186E-03 -0.500000000    
          16           2  0.113012709      -1.43763553E-02 -0.500000000    
          16           3  0.107565753      -1.41098592E-02 -0.500000000    
          16           4   6.61432445E-02  -4.45014331E-04 -0.500000000    
          16           5   5.36431596E-02   1.53876620E-03 -0.500000000    
          16           6   2.17853878E-02  -1.51565056E-02 -0.500000000    
          16           7   9.59642902E-02  -4.55659591E-02 -0.500000000    
          16           8  0.235375643      -7.40818977E-02 -0.500000000    
          16           9  0.263016462      -9.09975916E-02 -0.500000000    
          16          10  0.210831791     -0.112326011     -0.500000000    
          16          11  0.150697440     -0.127389178     -0.500000000    
          16          12   9.11032483E-02 -0.137043789     -0.500000000    
          16          13  0.157172397     -0.133012846     -0.500000000    
          16          14  0.182787508     -0.127497613     -0.500000000    
          16          15  0.206097126      -8.87063965E-02 -0.500000000    
          16          16   3.39304507E-02  -6.46763071E-02 -0.500000000    
          16          17   7.12077543E-02  -6.63719550E-02 -0.500000000    
          16          18   6.90724477E-02  -5.65148778E-02 -0.500000000    
          16          19  0.196015805      -6.04418218E-02 -0.500000000    
          16          20  0.134609550      -8.56209919E-02 -0.500000000    
          16          21  0.118897907      -9.02538523E-02 -0.500000000    
          16          22  0.135274306     -0.100894712     -0.500000000    
          16          23  0.230661675      -9.42968428E-02 -0.500000000    
          16          24  0.278411388      -7.77181983E-02 -0.500000000    
          16          25  0.310384870      -5.86252250E-02 -0.500000000    
          16          26  0.267650813      -4.42332402E-02 -0.500000000    
          16          27  0.144020677      -1.98718514E-02 -0.500000000    
          16          28   6.69547617E-02   6.31977338E-03 -0.500000000    
          16          29  0.102781586       2.07372084E-02 -0.500000000    
          16          30  0.117207885       8.39474890E-03 -0.500000000    
          16          31  0.109563589      -1.51689313E-02 -0.500000000    
          16          32  0.126731485      -1.14129959E-02 -0.500000000    
          16          33  0.173445985       6.84603676E-03 -0.500000000    
          17           1  0.307477474       1.85183436E-02 -0.500000000    
          17           2  0.149544448      -9.05740447E-03 -0.500000000    
          17           3  0.207533523      -6.22529676E-03 -0.500000000    
          17           4  0.202302098       6.11822540E-03 -0.500000000    
          17           5   1.06920460E-02   7.86099304E-03 -0.500000000    
          17           6  -9.89141315E-02  -1.20832147E-02 -0.500000000    
          17           7   5.04631735E-02  -4.78403568E-02 -0.500000000    
          17           8  0.238207966      -8.54422972E-02 -0.500000000    
          17           9  0.322979540     -0.107038207     -0.500000000    
          17          10  0.344936699     -0.133574694     -0.500000000    
          17          11  0.327572644     -0.141894579     -0.500000000    
          17          12  0.229685292     -0.141983882     -0.500000000    
          17          13  0.203874886     -0.156288370     -0.500000000    
          17          14  0.396925211     -0.129493967     -0.500000000    
          17          15  0.277060091      -8.93953517E-02 -0.500000000    
          17          16   7.12482035E-02  -6.63704798E-02 -0.500000000    
          17          17  0.149708718      -7.46438727E-02 -0.500000000    
          17          18  0.184957802      -6.33840933E-02 -0.500000000    
          17          19  0.318365872      -6.28821105E-02 -0.500000000    
          17          20  0.344425082      -8.47192630E-02 -0.500000000    
          17          21  0.140406966     -0.101935335     -0.500000000    
          17          22  0.274046302      -9.15533826E-02 -0.500000000    
          17          23  0.430340022     -0.101162918     -0.500000000    
          17          24  0.403824836      -9.34321955E-02 -0.500000000    
          17          25  0.357031405      -6.89835176E-02 -0.500000000    
          17          26  0.255082786      -5.00577018E-02 -0.500000000    
          17          27   8.74396935E-02  -1.49278101E-02 -0.500000000    
          17          28  -4.65064161E-02   1.70886703E-02 -0.500000000    
          17          29   5.96653856E-02   3.56079526E-02 -0.500000000    
          17          30  0.244250119       2.04861797E-02 -0.500000000    
          17          31  0.189357638      -1.26197543E-02 -0.500000000    
          17          32   8.76105279E-02  -5.10623539E-03 -0.500000000    
          17          33  0.247823998       2.74299737E-02 -0.500000000    
          18           1  0.282155663       1.07007362E-02 -0.500000000    
          18           2  0.187288061      -6.74338639E-03 -0.500000000    
          18           3  0.190548882      -1.10533191E-02 -0.500000000    
          18           4   9.35582593E-02   9.39862512E-04 -0.500000000    
          18           5   3.87198143E-02   4.95669665E-03 -0.500000000    
          18           6  -1.94564238E-02  -6.66055828E-03 -0.500000000    
          18           7   4.25337180E-02  -3.55993509E-02 -0.500000000    
          18           8  0.179735482      -6.85285479E-02 -0.500000000    
          18           9  0.240664527      -9.04175490E-02 -0.500000000    
          18          10  0.254903942     -0.115318067     -0.500000000    
          18          11  0.219621420     -0.129845321     -0.500000000    
          18          12  0.102733493     -0.138892189     -0.500000000    
          18          13  0.141274065     -0.137906820     -0.500000000    
          18          14  0.224813566     -0.128302097     -0.500000000    
          18          15  0.243629128      -8.29189345E-02 -0.500000000    
          18          16   6.90966845E-02  -5.65124862E-02 -0.500000000    
          18          17  0.184913442      -6.33808523E-02 -0.500000000    
          18          18  0.124474019      -5.26731126E-02 -0.500000000    
          18          19  0.239651397      -5.57582304E-02 -0.500000000    
          18          20  0.186594173      -8.35338980E-02 -0.500000000    
          18          21   9.44669768E-02  -8.79174843E-02 -0.500000000    
          18          22  0.161538109      -9.33107734E-02 -0.500000000    
          18          23  0.335153282      -8.78146589E-02 -0.500000000    
          18          24  0.353805006      -7.27338567E-02 -0.500000000    
          18          25  0.308962405      -5.15219010E-02 -0.500000000    
          18          26  0.209111229      -3.41616273E-02 -0.500000000    
          18          27   8.17665607E-02  -4.98983357E-03 -0.500000000    
          18          28   3.47933769E-02   2.05557346E-02 -0.500000000    
          18          29   9.77162197E-02   3.02395131E-02 -0.500000000    
          18          30  0.147636011       1.31212529E-02 -0.500000000    
          18          31  0.182577595      -1.06217749E-02 -0.500000000    
          18          32  0.170966282      -2.07847171E-03 -0.500000000    
          18          33  0.280121177       1.55962836E-02 -0.500000000    
          19           1  0.245597079      -9.79131181E-03 -0.500000000    
          19           2  0.238682464      -8.05724133E-03 -0.500000000    
          19           3  0.112789184      -1.73886698E-02 -0.500000000    
          19           4   4.23373319E-02  -5.29744988E-03 -0.500000000    
          19           5   3.80473621E-02   2.11574486E-03 -0.500000000    
          19           6   3.30072008E-02  -6.27351087E-03 -0.500000000    
          19           7   2.52033602E-02  -2.44468097E-02 -0.500000000    
          19           8   8.04116651E-02  -4.53636497E-02 -0.500000000    
          19           9  0.126442835      -6.26413524E-02 -0.500000000    
          19          10  0.118187666      -8.21803659E-02 -0.500000000    
          19          11   9.91242379E-02 -0.110245705     -0.500000000    
          19          12  0.103197694     -0.123211727     -0.500000000    
          19          13  0.103610657     -0.109427437     -0.500000000    
          19          14   4.52232510E-02  -9.94293392E-02 -0.500000000    
          19          15   3.58662866E-02  -8.25627148E-02 -0.500000000    
          19          16  0.196011037      -6.04378320E-02 -0.500000000    
          19          17  0.318295181      -6.28744438E-02 -0.500000000    
          19          18  0.239599541      -5.57524785E-02 -0.500000000    
          19          19   6.79576471E-02  -6.40223548E-02 -0.500000000    
          19          20   1.08783832E-02  -6.73311204E-02 -0.500000000    
          19          21   9.00587812E-02  -7.34099224E-02 -0.500000000    
          19          22  0.161594793      -9.19806734E-02 -0.500000000    
          19          23  0.207086965      -7.39213899E-02 -0.500000000    
          19          24  0.227515727      -4.44039144E-02 -0.500000000    
          19          25  0.208922997      -3.17775346E-02 -0.500000000    
          19          26  0.110424966      -2.09218990E-02 -0.500000000    
          19          27   6.30315244E-02  -2.71858624E-03 -0.500000000    
          19          28   9.31883007E-02   1.49649559E-02 -0.500000000    
          19          29  0.128435448       1.90330483E-02 -0.500000000    
          19          30  0.129640147       2.60262605E-05 -0.500000000    
          19          31  0.145945311      -6.31667115E-03 -0.500000000    
          19          32  0.322587311      -5.99090988E-03 -0.500000000    
          19          33  0.327823490      -1.10743381E-02 -0.500000000    
          20           1  0.349712878      -3.19578126E-02 -0.500000000    
          20           2  0.307898849      -1.64169241E-02 -0.500000000    
          20           3  0.126055583      -2.04942375E-02 -0.500000000    
          20           4  -3.57614607E-02  -1.06507409E-02 -0.500000000    
          20           5  -4.11473773E-02  -6.80259429E-04 -0.500000000    
          20           6   2.63268184E-02  -1.22474041E-02 -0.500000000    
          20           7   4.14693430E-02  -2.70961095E-02 -0.500000000    
          20           8   1.56203071E-02  -3.82125676E-02 -0.500000000    
          20           9  -4.03578430E-02  -4.66295406E-02 -0.500000000    
          20          10  -1.23498384E-02  -6.54350072E-02 -0.500000000    
          20          11   5.83881475E-02  -9.42327157E-02 -0.500000000    
          20          12  0.109650232      -9.48779732E-02 -0.500000000    
          20          13   2.68062167E-02  -9.38681513E-02 -0.500000000    
          20          14   9.12048202E-03  -8.04419816E-02 -0.500000000    
          20          15  -1.96192879E-02  -7.55474195E-02 -0.500000000    
          20          16  0.134623677      -8.56166184E-02 -0.500000000    
          20          17  0.344405591      -8.47096220E-02 -0.500000000    
          20          18  0.186559990      -8.35242420E-02 -0.500000000    
          20          19   1.08877532E-02  -6.73272461E-02 -0.500000000    
          20          20   1.50310136E-02  -6.14963472E-02 -0.500000000    
          20          21   3.62685435E-02  -7.02045336E-02 -0.500000000    
          20          22  0.140095428      -7.27970526E-02 -0.500000000    
          20          23  0.116389111      -6.59542233E-02 -0.500000000    
          20          24   6.21532537E-02  -3.35846432E-02 -0.500000000    
          20          25   1.91272516E-02  -2.51601543E-02 -0.500000000    
          20          26   4.87680510E-02  -2.25149486E-02 -0.500000000    
          20          27   6.22324273E-02  -1.14598293E-02 -0.500000000    
          20          28   5.33084162E-02   3.16712516E-03 -0.500000000    
          20          29   1.44938417E-02   7.53656030E-03 -0.500000000    
          20          30   6.32102937E-02  -5.85756497E-03 -0.500000000    
          20          31  0.197680727      -4.16990649E-03 -0.500000000    
          20          32  0.409978032      -1.93982292E-02 -0.500000000    
          20          33  0.339324147      -3.82944569E-02 -0.500000000    
          21           1  0.543303847      -5.49325235E-02 -0.500000000    
          21           2  0.368835300      -3.06006018E-02 -0.500000000    
          21           3  0.168524280      -2.17118263E-02 -0.500000000    
          21           4  -3.15602310E-02  -2.15831436E-02 -0.500000000    
          21           5  -7.26452917E-02  -1.29293846E-02 -0.500000000    
          21           6   3.29135940E-03  -2.89990492E-02 -0.500000000    
          21           7   6.77718073E-02  -5.07688150E-02 -0.500000000    
          21           8   1.46618020E-02  -5.21193705E-02 -0.500000000    
          21           9   8.10686499E-03  -4.89583388E-02 -0.500000000    
          21          10  -3.97557281E-02  -6.43216074E-02 -0.500000000    
          21          11  -6.96976036E-02  -7.26750493E-02 -0.500000000    
          21          12   5.44452900E-03  -6.65599108E-02 -0.500000000    
          21          13   1.33600375E-02  -7.11365640E-02 -0.500000000    
          21          14  -1.54784657E-02  -8.07558596E-02 -0.500000000    
          21          15   5.33174574E-02  -7.99610019E-02 -0.500000000    
          21          16  0.118914843      -9.02500153E-02 -0.500000000    
          21          17  0.140435234     -0.101927064     -0.500000000    
          21          18   9.44604054E-02  -8.79078731E-02 -0.500000000    
          21          19   9.00738761E-02  -7.34057277E-02 -0.500000000    
          21          20   3.62824202E-02  -7.02031404E-02 -0.500000000    
          21          21   1.53445099E-02  -5.79108298E-02 -0.500000000    
          21          22   2.57290602E-02  -5.10096289E-02 -0.500000000    
          21          23  -1.02713080E-02  -5.40952384E-02 -0.500000000    
          21          24   1.02181956E-02  -3.83161940E-02 -0.500000000    
          21          25   6.36796514E-03  -3.09815500E-02 -0.500000000    
          21          26   1.92876924E-02  -3.82672027E-02 -0.500000000    
          21          27   6.79297969E-02  -3.64229940E-02 -0.500000000    
          21          28  -4.37081512E-03  -1.71688572E-02 -0.500000000    
          21          29  -5.51799238E-02  -8.14415235E-03 -0.500000000    
          21          30   5.94334453E-02  -1.04953870E-02 -0.500000000    
          21          31  0.234123155      -6.11764472E-03 -0.500000000    
          21          32  0.370730191      -3.37547176E-02 -0.500000000    
          21          33  0.351682395      -6.37372509E-02 -0.500000000    
          22           1  0.497909844      -8.17484781E-02 -0.500000000    
          22           2  0.395459205      -4.85617258E-02 -0.500000000    
          22           3  0.207373679      -2.57605799E-02 -0.500000000    
          22           4   8.67401138E-02  -3.63783985E-02 -0.500000000    
          22           5  -3.56511958E-02  -3.93648297E-02 -0.500000000    
          22           6  -5.46913873E-03  -5.25134839E-02 -0.500000000    
          22           7  -3.93099291E-03  -7.79571161E-02 -0.500000000    
          22           8   3.94386612E-02  -7.67672136E-02 -0.500000000    
          22           9  0.101121172      -6.58769608E-02 -0.500000000    
          22          10   3.84239033E-02  -6.73494637E-02 -0.500000000    
          22          11 -0.129218459      -5.27049154E-02 -0.500000000    
          22          12 -0.183684289      -4.98786382E-02 -0.500000000    
          22          13  -2.37371493E-02  -5.62151223E-02 -0.500000000    
          22          14   7.63763487E-02  -7.68619850E-02 -0.500000000    
          22          15  0.135623217      -9.81557742E-02 -0.500000000    
          22          16  0.135310143     -0.100892514     -0.500000000    
          22          17  0.274103373      -9.15494487E-02 -0.500000000    
          22          18  0.161570743      -9.33055207E-02 -0.500000000    
          22          19  0.161609456      -9.19785649E-02 -0.500000000    
          22          20  0.140117154      -7.27964342E-02 -0.500000000    
          22          21   2.57364362E-02  -5.10089025E-02 -0.500000000    
          22          22 -0.163629860      -4.54838425E-02 -0.500000000    
          22          23 -0.134278104      -4.50857803E-02 -0.500000000    
          22          24   1.37439705E-02  -4.91921529E-02 -0.500000000    
          22          25   8.03124085E-02  -4.76184972E-02 -0.500000000    
          22          26   4.89177294E-02  -6.51012212E-02 -0.500000000    
          22          27   6.44667028E-03  -6.51750714E-02 -0.500000000    
          22          28  -2.40166746E-02  -4.12219092E-02 -0.500000000    
          22          29  -5.11281863E-02  -2.93251220E-02 -0.500000000    
          22          30  0.102956548      -1.47554139E-02 -0.500000000    
          22          31  0.207339719      -1.24722198E-02 -0.500000000    
          22          32  0.222965196      -4.72500846E-02 -0.500000000    
          22          33  0.287061870      -8.35379586E-02 -0.500000000    
          23           1  0.278700739     -0.108442448     -0.500000000    
          23           2  0.302065372      -7.31523782E-02 -0.500000000    
          23           3  0.219424829      -4.04380150E-02 -0.500000000    
          23           4  0.127221376      -5.30595109E-02 -0.500000000    
          23           5   6.03918545E-02  -6.34821430E-02 -0.500000000    
          23           6  -8.80473107E-02  -7.67157227E-02 -0.500000000    
          23           7  -6.97181970E-02  -9.23028663E-02 -0.500000000    
          23           8   8.98019075E-02  -9.18730721E-02 -0.500000000    
          23           9   8.57178047E-02  -8.95761773E-02 -0.500000000    
          23          10   1.26791503E-02  -8.25886652E-02 -0.500000000    
          23          11  -9.74498168E-02  -5.24921194E-02 -0.500000000    
          23          12 -0.181447700      -4.02202867E-02 -0.500000000    
          23          13  -8.23617578E-02  -5.03669120E-02 -0.500000000    
          23          14   3.17261964E-02  -7.04366416E-02 -0.500000000    
          23          15  0.137134895      -8.49192068E-02 -0.500000000    
          23          16  0.230722114      -9.42961946E-02 -0.500000000    
          23          17  0.430383921     -0.101162538     -0.500000000    
          23          18  0.335190088      -8.78127143E-02 -0.500000000    
          23          19  0.207110733      -7.39207491E-02 -0.500000000    
          23          20  0.116405547      -6.59542903E-02 -0.500000000    
          23          21  -1.02772508E-02  -5.40947132E-02 -0.500000000    
          23          22 -0.134298697      -4.50850725E-02 -0.500000000    
          23          23  -6.99932799E-02  -4.91595827E-02 -0.500000000    
          23          24  -1.22205950E-02  -7.28853941E-02 -0.500000000    
          23          25   4.04097699E-02  -8.04235563E-02 -0.500000000    
          23          26   6.42794892E-02  -9.03907269E-02 -0.500000000    
          23          27  -5.63061461E-02  -8.63766521E-02 -0.500000000    
          23          28  -6.09040670E-02  -6.47488013E-02 -0.500000000    
          23          29   3.77846435E-02  -4.00797389E-02 -0.500000000    
          23          30   9.91130471E-02  -1.91555303E-02 -0.500000000    
          23          31  0.159897923      -3.02761272E-02 -0.500000000    
          23          32   6.77683651E-02  -6.67376593E-02 -0.500000000    
          23          33  0.143027425     -0.100997150     -0.500000000    
          24           1  0.118901059     -0.126599982     -0.500000000    
          24           2  0.236467823      -9.52313468E-02 -0.500000000    
          24           3  0.208271861      -6.00205101E-02 -0.500000000    
          24           4  0.104855642      -6.17993698E-02 -0.500000000    
          24           5   4.61245850E-02  -7.95921683E-02 -0.500000000    
          24           6 -0.227782279      -8.81906226E-02 -0.500000000    
          24           7 -0.107506275      -9.83783826E-02 -0.500000000    
          24           8   7.21509457E-02 -0.103362426     -0.500000000    
          24           9   8.60839635E-02 -0.107585557     -0.500000000    
          24          10   4.17778939E-02  -9.35963318E-02 -0.500000000    
          24          11  -6.02716133E-02  -6.98782355E-02 -0.500000000    
          24          12  -6.60352558E-02  -4.78689633E-02 -0.500000000    
          24          13  -7.47134835E-02  -4.11607362E-02 -0.500000000    
          24          14   6.03698893E-03  -4.07695696E-02 -0.500000000    
          24          15  0.148306102      -5.28042242E-02 -0.500000000    
          24          16  0.278468013      -7.77166709E-02 -0.500000000    
          24          17  0.403816015      -9.34310034E-02 -0.500000000    
          24          18  0.353803933      -7.27320239E-02 -0.500000000    
          24          19  0.227555782      -4.44033034E-02 -0.500000000    
          24          20   6.21596649E-02  -3.35844792E-02 -0.500000000    
          24          21   1.02161150E-02  -3.83167379E-02 -0.500000000    
          24          22   1.37286372E-02  -4.91921641E-02 -0.500000000    
          24          23  -1.22310147E-02  -7.28848577E-02 -0.500000000    
          24          24   4.27863859E-02  -9.56561640E-02 -0.500000000    
          24          25  0.102605172     -0.107332423     -0.500000000    
          24          26  0.103544205     -0.107848972     -0.500000000    
          24          27  -6.20627031E-02  -9.97161418E-02 -0.500000000    
          24          28 -0.142926425      -7.75431469E-02 -0.500000000    
          24          29   7.14373514E-02  -5.01737371E-02 -0.500000000    
          24          30   4.85053770E-02  -3.29651088E-02 -0.500000000    
          24          31   9.79767665E-02  -6.42307997E-02 -0.500000000    
          24          32  -1.56650804E-02  -9.53421444E-02 -0.500000000    
          24          33  -2.16205344E-02 -0.124361552     -0.500000000    
          25           1  0.123674005     -0.133888915     -0.500000000    
          25           2  0.305633545     -0.109364837     -0.500000000    
          25           3  0.210451439      -8.00989419E-02 -0.500000000    
          25           4  0.138861656      -7.03760907E-02 -0.500000000    
          25           5   1.44169927E-02  -8.66195485E-02 -0.500000000    
          25           6 -0.154434875      -9.10621434E-02 -0.500000000    
          25           7  -6.29310831E-02  -9.72535685E-02 -0.500000000    
          25           8   6.97036162E-02 -0.108710214     -0.500000000    
          25           9  0.150124863     -0.124905199     -0.500000000    
          25          10   8.80159661E-02 -0.107223734     -0.500000000    
          25          11  -1.11999251E-02  -7.99240917E-02 -0.500000000    
          25          12   4.60572392E-02  -4.95172366E-02 -0.500000000    
          25          13  -2.43408345E-02  -3.71415317E-02 -0.500000000    
          25          14  -4.27854434E-02  -3.41043174E-02 -0.500000000    
          25          15  0.166114897      -4.22455780E-02 -0.500000000    
          25          16  0.310420781      -5.86228594E-02 -0.500000000    
          25          17  0.356985062      -6.89788088E-02 -0.500000000    
          25          18  0.308937043      -5.15180267E-02 -0.500000000    
          25          19  0.208941504      -3.17773372E-02 -0.500000000    
          25          20   1.91586055E-02  -2.51622200E-02 -0.500000000    
          25          21   6.36041537E-03  -3.09846047E-02 -0.500000000    
          25          22   8.02938715E-02  -4.76203226E-02 -0.500000000    
          25          23   4.03969288E-02  -8.04235414E-02 -0.500000000    
          25          24  0.102608494     -0.107331820     -0.500000000    
          25          25  0.153210476     -0.126865640     -0.500000000    
          25          26   9.59870145E-02 -0.116488427     -0.500000000    
          25          27  -3.23719829E-02 -0.105753988     -0.500000000    
          25          28 -0.122503906      -8.61390233E-02 -0.500000000    
          25          29  0.103105634      -5.86722791E-02 -0.500000000    
          25          30   8.18774179E-02  -5.38266487E-02 -0.500000000    
          25          31  0.114951558      -9.09332111E-02 -0.500000000    
          25          32   5.62250577E-02 -0.113275476     -0.500000000    
          25          33  -6.37064129E-02 -0.137844339     -0.500000000    
          26           1   9.19947699E-02 -0.124503881     -0.500000000    
          26           2  0.284363627     -0.112534434     -0.500000000    
          26           3  0.134076416      -9.63593200E-02 -0.500000000    
          26           4   8.33845064E-02  -8.60815048E-02 -0.500000000    
          26           5  -7.06302449E-02  -9.72084925E-02 -0.500000000    
          26           6  -5.88416234E-02  -9.94342044E-02 -0.500000000    
          26           7   2.74535101E-02  -9.76913199E-02 -0.500000000    
          26           8   9.30216722E-03 -0.101143062     -0.500000000    
          26           9  0.117440328     -0.109473921     -0.500000000    
          26          10   8.94274637E-02  -9.88698527E-02 -0.500000000    
          26          11   6.28444180E-02  -8.06953162E-02 -0.500000000    
          26          12   7.55171403E-02  -6.41333908E-02 -0.500000000    
          26          13   1.18051320E-02  -4.80136946E-02 -0.500000000    
          26          14   8.91824253E-03  -3.74045260E-02 -0.500000000    
          26          15  0.125487238      -3.58531214E-02 -0.500000000    
          26          16  0.267677188      -4.42327186E-02 -0.500000000    
          26          17  0.255035013      -5.00522628E-02 -0.500000000    
          26          18  0.209087491      -3.41581777E-02 -0.500000000    
          26          19  0.110429853      -2.09242199E-02 -0.500000000    
          26          20   4.87994105E-02  -2.25199591E-02 -0.500000000    
          26          21   1.93193592E-02  -3.82733308E-02 -0.500000000    
          26          22   4.88933064E-02  -6.51053414E-02 -0.500000000    
          26          23   6.42629266E-02  -9.03925449E-02 -0.500000000    
          26          24  0.103540823     -0.107849821     -0.500000000    
          26          25   9.59881246E-02 -0.116489030     -0.500000000    
          26          26   1.63682885E-02 -0.107981294     -0.500000000    
          26          27   2.33431589E-02 -0.103710324     -0.500000000    
          26          28  -6.51817173E-02  -8.83604810E-02 -0.500000000    
          26          29   2.11261492E-02  -7.03669935E-02 -0.500000000    
          26          30   7.24257231E-02  -7.97262564E-02 -0.500000000    
          26          31   3.86181660E-02 -0.107734300     -0.500000000    
          26          32  -3.68531719E-02 -0.121826231     -0.500000000    
          26          33 -0.222179234     -0.140580028     -0.500000000    
          27           1   6.07184432E-02 -0.114638723     -0.500000000    
          27           2  0.143115997     -0.107288308     -0.500000000    
          27           3   1.92391984E-02  -9.84225348E-02 -0.500000000    
          27           4  -2.59888563E-02  -7.91804045E-02 -0.500000000    
          27           5  -7.59887695E-02  -8.36949274E-02 -0.500000000    
          27           6   2.34213043E-02  -8.75094309E-02 -0.500000000    
          27           7   3.52963172E-02  -7.85030946E-02 -0.500000000    
          27           8   5.21537587E-02  -8.01161230E-02 -0.500000000    
          27           9   1.12171406E-02  -8.32265615E-02 -0.500000000    
          27          10  -2.64248047E-02  -8.10285360E-02 -0.500000000    
          27          11  -5.99681586E-03  -7.21185356E-02 -0.500000000    
          27          12   2.25355439E-02  -6.48052618E-02 -0.500000000    
          27          13   8.12365860E-02  -4.82524298E-02 -0.500000000    
          27          14   9.38855186E-02  -3.05791553E-02 -0.500000000    
          27          15  0.102825776      -2.27212738E-02 -0.500000000    
          27          16  0.144039094      -1.98750794E-02 -0.500000000    
          27          17   8.74120966E-02  -1.49262790E-02 -0.500000000    
          27          18   8.17544982E-02  -4.98980610E-03 -0.500000000    
          27          19   6.30371198E-02  -2.72346335E-03 -0.500000000    
          27          20   6.22559600E-02  -1.14672277E-02 -0.500000000    
          27          21   6.79581389E-02  -3.64308916E-02 -0.500000000    
          27          22   6.45674299E-03  -6.51814863E-02 -0.500000000    
          27          23  -5.63197508E-02  -8.63803700E-02 -0.500000000    
          27          24  -6.20747171E-02  -9.97181013E-02 -0.500000000    
          27          25  -3.23813409E-02 -0.105754822     -0.500000000    
          27          26   2.33251415E-02 -0.103710458     -0.500000000    
          27          27   2.98646763E-02  -9.38496888E-02 -0.500000000    
          27          28   3.80119719E-02  -8.11145082E-02 -0.500000000    
          27          29  -1.75365936E-02  -6.87178671E-02 -0.500000000    
          27          30   8.96805152E-02  -8.64433944E-02 -0.500000000    
          27          31   4.88392152E-02 -0.113374300     -0.500000000    
          27          32  -6.32978529E-02 -0.129406258     -0.500000000    
          27          33  -9.74423438E-02 -0.144810811     -0.500000000    
          28           1   8.45277384E-02  -9.71865430E-02 -0.500000000    
          28           2   5.71428016E-02  -9.68276039E-02 -0.500000000    
          28           3   2.43495349E-02  -9.26662758E-02 -0.500000000    
          28           4  -2.31048968E-02  -6.17404468E-02 -0.500000000    
          28           5   5.63199371E-02  -5.53513989E-02 -0.500000000    
          28           6  0.107137881      -6.59905747E-02 -0.500000000    
          28           7   8.00272077E-02  -5.83187155E-02 -0.500000000    
          28           8   1.17303263E-02  -5.59734255E-02 -0.500000000    
          28           9  -6.32263646E-02  -5.70234321E-02 -0.500000000    
          28          10 -0.184598014      -5.68521097E-02 -0.500000000    
          28          11  -7.33324289E-02  -5.29308021E-02 -0.500000000    
          28          12  -6.60475763E-03  -4.28151786E-02 -0.500000000    
          28          13   3.47943567E-02  -2.75977496E-02 -0.500000000    
          28          14   9.31712538E-02  -1.21669900E-02 -0.500000000    
          28          15  0.104385078      -3.47107439E-03 -0.500000000    
          28          16   6.69611990E-02   6.31300267E-03 -0.500000000    
          28          17  -4.65100445E-02   1.70841981E-02 -0.500000000    
          28          18   3.47881280E-02   2.05510575E-02 -0.500000000    
          28          19   9.31922570E-02   1.49596762E-02 -0.500000000    
          28          20   5.33168837E-02   3.16087576E-03 -0.500000000    
          28          21  -4.35793400E-03  -1.71758160E-02 -0.500000000    
          28          22  -2.40096208E-02  -4.12276313E-02 -0.500000000    
          28          23  -6.08995706E-02  -6.47518709E-02 -0.500000000    
          28          24 -0.142913580      -7.75440261E-02 -0.500000000    
          28          25 -0.122502536      -8.61379951E-02 -0.500000000    
          28          26  -6.52162880E-02  -8.83582607E-02 -0.500000000    
          28          27   3.79837677E-02  -8.11118409E-02 -0.500000000    
          28          28   7.51622096E-02  -7.19386935E-02 -0.500000000    
          28          29   3.18642519E-02  -6.31756857E-02 -0.500000000    
          28          30  0.106092535      -9.84127522E-02 -0.500000000    
          28          31  0.152825177     -0.133828297     -0.500000000    
          28          32  0.106237948     -0.154921502     -0.500000000    
          28          33  0.238081098     -0.164403453     -0.500000000    
          29           1  -5.55619895E-02 -0.111930102     -0.500000000    
          29           2  -2.35863086E-02 -0.113349773     -0.500000000    
          29           3   4.42510247E-02 -0.110104591     -0.500000000    
          29           4   6.12310413E-03  -6.61833882E-02 -0.500000000    
          29           5  0.140225783      -4.10808511E-02 -0.500000000    
          29           6   7.79758915E-02  -3.70484143E-02 -0.500000000    
          29           7  -4.08067778E-02  -3.27763185E-02 -0.500000000    
          29           8 -0.119627766      -3.11800409E-02 -0.500000000    
          29           9  -7.91935027E-02  -3.03441118E-02 -0.500000000    
          29          10  -3.33600529E-02  -3.19412872E-02 -0.500000000    
          29          11   3.65879014E-02  -3.18037756E-02 -0.500000000    
          29          12  -2.32299790E-03  -3.32471542E-02 -0.500000000    
          29          13  -2.87782913E-03  -2.13894919E-02 -0.500000000    
          29          14   1.44881476E-02  -7.98914116E-03 -0.500000000    
          29          15   9.09159407E-02   5.48461732E-03 -0.500000000    
          29          16  0.102774151       2.07312126E-02 -0.500000000    
          29          17   5.96778616E-02   3.56010236E-02 -0.500000000    
          29          18   9.77156460E-02   3.02333161E-02 -0.500000000    
          29          19  0.128426149       1.90295242E-02 -0.500000000    
          29          20   1.44867124E-02   7.53448717E-03 -0.500000000    
          29          21  -5.51687554E-02  -8.14662781E-03 -0.500000000    
          29          22  -5.11145703E-02  -2.93274559E-02 -0.500000000    
          29          23   3.77657078E-02  -4.00793627E-02 -0.500000000    
          29          24   7.14021474E-02  -5.01703694E-02 -0.500000000    
          29          25  0.103093080      -5.86665720E-02 -0.500000000    
          29          26   2.11371668E-02  -7.03604519E-02 -0.500000000    
          29          27  -1.75453555E-02  -6.87134713E-02 -0.500000000    
          29          28   3.18340845E-02  -6.31746575E-02 -0.500000000    
          29          29   6.60371184E-02  -7.31080174E-02 -0.500000000    
          29          30  0.120629527     -0.127915964     -0.500000000    
          29          31  0.288081557     -0.169815034     -0.500000000    
          29          32  0.388711631     -0.184654310     -0.500000000    
          29          33  0.607524216     -0.185281292     -0.500000000    
          30           1 -0.136530221     -0.166484922     -0.500000000    
          30           2 -0.136185735     -0.166402891     -0.500000000    
          30           3  -3.42831872E-02 -0.169070348     -0.500000000    
          30           4  -8.97878706E-02 -0.123874217     -0.500000000    
          30           5  -2.67790817E-02  -8.67806822E-02 -0.500000000    
          30           6  -9.05996263E-02  -6.86401427E-02 -0.500000000    
          30           7 -0.101505846      -5.76408021E-02 -0.500000000    
          30           8  -2.34299246E-02  -5.15905321E-02 -0.500000000    
          30           9   5.58567941E-02  -3.42702940E-02 -0.500000000    
          30          10   7.02141300E-02  -1.86605807E-02 -0.500000000    
          30          11  0.136444151      -1.56094283E-02 -0.500000000    
          30          12  0.156695604      -2.81353462E-02 -0.500000000    
          30          13  0.114335485      -3.05946618E-02 -0.500000000    
          30          14   3.83391306E-02  -2.33569797E-02 -0.500000000    
          30          15   6.45070970E-02  -1.11323707E-02 -0.500000000    
          30          16  0.117192902       8.39301571E-03 -0.500000000    
          30          17  0.244261414       2.04810798E-02 -0.500000000    
          30          18  0.147641703       1.31165786E-02 -0.500000000    
          30          19  0.129619777       2.42360620E-05 -0.500000000    
          30          20   6.32033274E-02  -5.85734844E-03 -0.500000000    
          30          21   5.94628491E-02  -1.04944389E-02 -0.500000000    
          30          22  0.102990597      -1.47540709E-02 -0.500000000    
          30          23   9.91256684E-02  -1.91541053E-02 -0.500000000    
          30          24   4.84973639E-02  -3.29608731E-02 -0.500000000    
          30          25   8.18657428E-02  -5.38182706E-02 -0.500000000    
          30          26   7.24013969E-02  -7.97153860E-02 -0.500000000    
          30          27   8.96578655E-02  -8.64324719E-02 -0.500000000    
          30          28  0.106097087      -9.84028354E-02 -0.500000000    
          30          29  0.120647185     -0.127904668     -0.500000000    
          30          30  0.180135697     -0.189999446     -0.500000000    
          30          31  0.401733130     -0.224592566     -0.500000000    
          30          32  0.553889811     -0.229578346     -0.500000000    
          30          33  0.768438280     -0.225573301     -0.500000000    
          31           1  0.362980992     -0.175013259     -0.500000000    
          31           2  0.135131672     -0.176132336     -0.500000000    
          31           3  0.151823953     -0.193888485     -0.500000000    
          31           4   7.42067471E-02 -0.166926831     -0.500000000    
          31           5   6.79765493E-02 -0.132882759     -0.500000000    
          31           6   2.22960450E-02 -0.106154650     -0.500000000    
          31           7   7.29723573E-02  -9.18099359E-02 -0.500000000    
          31           8  0.184731960      -9.32035968E-02 -0.500000000    
          31           9  0.220765233      -7.99794942E-02 -0.500000000    
          31          10  0.170319542      -5.45810685E-02 -0.500000000    
          31          11  0.203721732      -3.47244814E-02 -0.500000000    
          31          12  0.240670145      -3.28185298E-02 -0.500000000    
          31          13  0.231322899      -3.06578726E-02 -0.500000000    
          31          14  0.152836651      -2.49200631E-02 -0.500000000    
          31          15   8.93359184E-02  -1.96437705E-02 -0.500000000    
          31          16  0.109548874      -1.51677513E-02 -0.500000000    
          31          17  0.189358115      -1.26217557E-02 -0.500000000    
          31          18  0.182590902      -1.06247952E-02 -0.500000000    
          31          19  0.145939052      -6.31751865E-03 -0.500000000    
          31          20  0.197689906      -4.16969741E-03 -0.500000000    
          31          21  0.234150261      -6.11714739E-03 -0.500000000    
          31          22  0.207391515      -1.24721983E-02 -0.500000000    
          31          23  0.159971282      -3.02749351E-02 -0.500000000    
          31          24   9.80486944E-02  -6.42258823E-02 -0.500000000    
          31          25  0.115031108      -9.09221023E-02 -0.500000000    
          31          26   3.86612341E-02 -0.107714646     -0.500000000    
          31          27   4.87536825E-02 -0.113349870     -0.500000000    
          31          28  0.152668998     -0.133802608     -0.500000000    
          31          29  0.287880480     -0.169789895     -0.500000000    
          31          30  0.401569009     -0.224578843     -0.500000000    
          31          31  0.540697038     -0.244190559     -0.500000000    
          31          32  0.664911985     -0.240807950     -0.500000000    
          31          33  0.840967119     -0.230699405     -0.500000000    
          32           1  0.697269976     -0.184767783     -0.500000000    
          32           2  0.497021675     -0.197539330     -0.500000000    
          32           3  0.276284397     -0.207182691     -0.500000000    
          32           4  0.141261950     -0.181510046     -0.500000000    
          32           5   1.92464632E-03 -0.147414938     -0.500000000    
          32           6 -0.108355716     -0.118050173     -0.500000000    
          32           7   1.56229176E-03 -0.101790160     -0.500000000    
          32           8  0.145874828     -0.108016312     -0.500000000    
          32           9  0.142416507      -9.96757224E-02 -0.500000000    
          32          10   3.91632095E-02  -8.48380253E-02 -0.500000000    
          32          11   8.97442773E-02  -7.25743324E-02 -0.500000000    
          32          12  0.182062477      -6.91774040E-02 -0.500000000    
          32          13  0.259739965      -6.07200302E-02 -0.500000000    
          32          14  0.274820834      -4.42163162E-02 -0.500000000    
          32          15  0.219460979      -2.54174266E-02 -0.500000000    
          32          16  0.126720756      -1.14116818E-02 -0.500000000    
          32          17   8.76117498E-02  -5.10625215E-03 -0.500000000    
          32          18  0.170969799      -2.07941933E-03 -0.500000000    
          32          19  0.322589844      -5.99098485E-03 -0.500000000    
          32          20  0.409971476      -1.93974152E-02 -0.500000000    
          32          21  0.370757490      -3.37539986E-02 -0.500000000    
          32          22  0.223010436      -4.72499393E-02 -0.500000000    
          32          23   6.78331181E-02  -6.67358935E-02 -0.500000000    
          32          24  -1.55740967E-02  -9.53347236E-02 -0.500000000    
          32          25   5.63573129E-02 -0.113260716     -0.500000000    
          32          26  -3.67305726E-02 -0.121801078     -0.500000000    
          32          27  -6.34913221E-02 -0.129375219     -0.500000000    
          32          28  0.105782852     -0.154893339     -0.500000000    
          32          29  0.388259560     -0.184631959     -0.500000000    
          32          30  0.553631604     -0.229559973     -0.500000000    
          32          31  0.664932311     -0.240796253     -0.500000000    
          32          32  0.640671611     -0.210291684     -0.500000000    
          32          33  0.693651319     -0.181360736     -0.500000000    
          33           1  0.681785822     -0.167474315     -0.500000000    
          33           2  0.760904133     -0.197654530     -0.500000000    
          33           3  0.476022303     -0.211704716     -0.500000000    
          33           4  0.293446451     -0.178241760     -0.500000000    
          33           5   1.40243564E-02 -0.139587134     -0.500000000    
          33           6 -0.223096654     -0.114301845     -0.500000000    
          33           7 -0.183832541     -0.105312176     -0.500000000    
          33           8 -0.102085993     -0.119203553     -0.500000000    
          33           9  -6.47710115E-02 -0.117550537     -0.500000000    
          33          10  -4.72174585E-02 -0.107520841     -0.500000000    
          33          11  0.110657081     -0.103267536     -0.500000000    
          33          12  0.204814568     -0.108843431     -0.500000000    
          33          13  0.212761998     -0.100611448     -0.500000000    
          33          14  0.148637146      -7.05756545E-02 -0.500000000    
          33          15  0.137300655      -3.08034290E-02 -0.500000000    
          33          16  0.173448950       6.84483349E-03 -0.500000000    
          33          17  0.247837380       2.74295937E-02 -0.500000000    
          33          18  0.280119061       1.55966124E-02 -0.500000000    
          33          19  0.327813774      -1.10737868E-02 -0.500000000    
          33          20  0.339326859      -3.82918380E-02 -0.500000000    
          33          21  0.351684093      -6.37337193E-02 -0.500000000    
          33          22  0.287074149      -8.35365057E-02 -0.500000000    
          33          23  0.143081009     -0.100996681     -0.500000000    
          33          24  -2.15440132E-02 -0.124355517     -0.500000000    
          33          25  -6.36159703E-02 -0.137827218     -0.500000000    
          33          26 -0.222224712     -0.140549108     -0.500000000    
          33          27  -9.80736539E-02 -0.144783810     -0.500000000    
          33          28  0.237292558     -0.164388493     -0.500000000    
          33          29  0.607016504     -0.185270429     -0.500000000    
          33          30  0.768194497     -0.225558221     -0.500000000    
          33          31  0.841002345     -0.230683684     -0.500000000    
          33          32  0.693661869     -0.181359157     -0.500000000    
          33          33  0.745626628     -0.143533319     -0.500000000    
