           1           1 -0.169393867      -2.43056137E-02 -0.500000000    
           1           2 -0.222960785       1.94181278E-02 -0.500000000    
           1           3   7.62952119E-02   4.56912778E-02 -0.500000000    
           1           4  0.277354956       1.29312053E-02 -0.500000000    
           1           5  0.506238043      -4.62488346E-02 -0.500000000    
           1           6  0.539211035      -7.94800296E-02 -0.500000000    
           1           7  0.442508906      -5.99351488E-02 -0.500000000    
           1           8  0.369473249      -4.90693003E-02 -0.500000000    
           1           9  0.249516383      -3.47345136E-02 -0.500000000    
           1          10  0.142669082      -2.88218446E-02 -0.500000000    
           1          11   1.18279066E-02  -3.09156049E-02 -0.500000000    
           1          12  -3.23537216E-02  -3.32915746E-02 -0.500000000    
           1          13  -8.26785490E-02  -4.92244400E-02 -0.500000000    
           1          14  -6.07201383E-02  -8.35900158E-02 -0.500000000    
           1          15  -1.67204579E-03 -0.128258869     -0.500000000    
           1          16  -2.19651889E-02 -0.154902816     -0.500000000    
           1          17  -4.16761748E-02 -0.157806829     -0.500000000    
           1          18  -5.74762896E-02 -0.152505472     -0.500000000    
           1          19  -1.39896730E-02 -0.138484254     -0.500000000    
           1          20   4.15929705E-02 -0.111893401     -0.500000000    
           1          21   4.12390120E-02  -8.68827999E-02 -0.500000000    
           1          22  0.105159722      -6.42172545E-02 -0.500000000    
           1          23  0.238760337      -3.75228710E-02 -0.500000000    
           1          24  0.365677655      -1.90194901E-02 -0.500000000    
           1          25  0.372245342      -1.03532542E-02 -0.500000000    
           1          26  0.417942286       5.15624974E-03 -0.500000000    
           1          27  0.406768620      -1.45597151E-02 -0.500000000    
           1          28  0.428397059      -2.80489791E-02 -0.500000000    
           1          29  0.573974431      -2.28218194E-02 -0.500000000    
           1          30  0.613185465      -2.17355657E-02 -0.500000000    
           1          31  0.380127996      -3.64339650E-02 -0.500000000    
           1          32   1.98533349E-02  -7.41299838E-02 -0.500000000    
           1          33  0.252564222     -0.108311430     -0.500000000    
           2           1 -0.223160282       1.94023550E-02 -0.500000000    
           2           2 -0.137294561       4.96586524E-02 -0.500000000    
           2           3   4.59312461E-02   6.31930456E-02 -0.500000000    
           2           4  0.216009527       2.68161520E-02 -0.500000000    
           2           5  0.423265010      -3.02291922E-02 -0.500000000    
           2           6  0.342521429      -4.98479977E-02 -0.500000000    
           2           7  0.165236533      -2.48166882E-02 -0.500000000    
           2           8   2.39532441E-02  -1.72797926E-02 -0.500000000    
           2           9 -0.107767999      -1.68589558E-02 -0.500000000    
           2          10 -0.117416792      -2.04336643E-02 -0.500000000    
           2          11 -0.140656278      -3.18645984E-02 -0.500000000    
           2          12  -7.20178559E-02  -4.44390737E-02 -0.500000000    
           2          13   3.98498699E-02  -6.12155236E-02 -0.500000000    
           2          14   3.44983004E-02  -7.79084861E-02 -0.500000000    
           2          15  -2.13369727E-02  -9.19644833E-02 -0.500000000    
           2          16  -4.15701866E-02 -0.106892094     -0.500000000    
           2          17  -1.02866273E-02 -0.114370681     -0.500000000    
           2          18  -2.84545831E-02 -0.106248617     -0.500000000    
           2          19  -5.49520552E-02  -9.36138257E-02 -0.500000000    
           2          20  -1.47726256E-02  -8.99689719E-02 -0.500000000    
           2          21   5.61899319E-02  -8.11272711E-02 -0.500000000    
           2          22   5.74922599E-02  -6.28069043E-02 -0.500000000    
           2          23  0.102907330      -3.79454456E-02 -0.500000000    
           2          24   9.39354375E-02  -1.73571091E-02 -0.500000000    
           2          25   2.36890875E-02  -1.15583220E-03 -0.500000000    
           2          26   8.47589001E-02   2.06160136E-02 -0.500000000    
           2          27  0.137310922       5.20438235E-03 -0.500000000    
           2          28  0.238647074      -1.04548382E-02 -0.500000000    
           2          29  0.342416912       3.45288077E-03 -0.500000000    
           2          30  0.508470058       3.04921437E-03 -0.500000000    
           2          31  0.249977618      -1.36476429E-02 -0.500000000    
           2          32  -8.50325152E-02  -4.91880439E-02 -0.500000000    
           2          33  -5.29352715E-03  -8.48372877E-02 -0.500000000    
           3           1   7.61516616E-02   4.57033627E-02 -0.500000000    
           3           2   4.58755419E-02   6.32059500E-02 -0.500000000    
           3           3  0.161836028       6.58541918E-02 -0.500000000    
           3           4  0.281350285       2.94235293E-02 -0.500000000    
           3           5  0.370895982      -1.74490102E-02 -0.500000000    
           3           6  0.295284808      -2.12422311E-02 -0.500000000    
           3           7  0.155217722       5.88808116E-03 -0.500000000    
           3           8   6.20053746E-02   4.82771685E-03 -0.500000000    
           3           9  -5.53556457E-02  -6.27457164E-03 -0.500000000    
           3          10 -0.107083008      -1.40587259E-02 -0.500000000    
           3          11  -9.74293053E-02  -2.28647087E-02 -0.500000000    
           3          12   5.36163989E-03  -3.42316329E-02 -0.500000000    
           3          13   2.41361186E-02  -4.53102365E-02 -0.500000000    
           3          14   3.99224646E-02  -5.39649315E-02 -0.500000000    
           3          15   1.04770367E-03  -6.56046569E-02 -0.500000000    
           3          16  -6.22080639E-03  -7.61740878E-02 -0.500000000    
           3          17   8.49043727E-02  -8.13799500E-02 -0.500000000    
           3          18   1.49528645E-02  -7.27849454E-02 -0.500000000    
           3          19   1.78014208E-02  -5.97506948E-02 -0.500000000    
           3          20   9.29155573E-02  -5.36102429E-02 -0.500000000    
           3          21   7.99907446E-02  -4.69854623E-02 -0.500000000    
           3          22   8.21366683E-02  -3.22183669E-02 -0.500000000    
           3          23   4.74363752E-03  -1.99436732E-02 -0.500000000    
           3          24  -5.14856838E-02  -1.05121043E-02 -0.500000000    
           3          25  -2.94854082E-02   6.52994774E-03 -0.500000000    
           3          26   6.97742254E-02   3.53069603E-02 -0.500000000    
           3          27  0.148345664       3.30791324E-02 -0.500000000    
           3          28  0.296207994       1.23715522E-02 -0.500000000    
           3          29  0.323489487       3.20580117E-02 -0.500000000    
           3          30  0.489054710       3.25662307E-02 -0.500000000    
           3          31  0.343304873       2.03517228E-02 -0.500000000    
           3          32   7.70213977E-02   2.25842604E-03 -0.500000000    
           3          33  -5.11386245E-02  -2.62737498E-02 -0.500000000    
           4           1  0.277126491       1.29767088E-02 -0.500000000    
           4           2  0.215913862       2.68564075E-02 -0.500000000    
           4           3  0.281386405       2.94433758E-02 -0.500000000    
           4           4  0.128100663       1.52515024E-02 -0.500000000    
           4           5  0.142860174      -8.06239992E-03 -0.500000000    
           4           6  0.108688727      -2.62755342E-03 -0.500000000    
           4           7  0.103607759       1.44388927E-02 -0.500000000    
           4           8  0.210597783       6.23786077E-03 -0.500000000    
           4           9  0.207639962      -7.19635421E-03 -0.500000000    
           4          10  0.196205944      -2.64488137E-03 -0.500000000    
           4          11  0.105339624      -4.07559099E-03 -0.500000000    
           4          12   5.75119853E-02  -1.83466133E-02 -0.500000000    
           4          13   8.98603350E-02  -2.26386078E-02 -0.500000000    
           4          14   4.75527085E-02  -3.02855838E-02 -0.500000000    
           4          15   2.45011039E-03  -5.12361377E-02 -0.500000000    
           4          16   6.91257790E-02  -7.69812614E-02 -0.500000000    
           4          17  0.122242123      -8.62196609E-02 -0.500000000    
           4          18   6.72178790E-02  -7.05835596E-02 -0.500000000    
           4          19   8.12529773E-03  -4.10184488E-02 -0.500000000    
           4          20   9.90787148E-02  -2.22764704E-02 -0.500000000    
           4          21  0.207994431      -1.51981208E-02 -0.500000000    
           4          22  0.166650921      -8.59323889E-03 -0.500000000    
           4          23  0.171095192       4.52395761E-03 -0.500000000    
           4          24  0.278047711       8.43408611E-03 -0.500000000    
           4          25  0.307456374       1.47658652E-02 -0.500000000    
           4          26  0.291254789       3.84911709E-02 -0.500000000    
           4          27  0.157965183       4.13663387E-02 -0.500000000    
           4          28  0.177121878       2.09109094E-02 -0.500000000    
           4          29  0.153187498       3.91194783E-02 -0.500000000    
           4          30  0.248226136       5.45279421E-02 -0.500000000    
           4          31  0.386180907       3.97922769E-02 -0.500000000    
           4          32  0.423491478       3.12768631E-02 -0.500000000    
           4          33  0.362752050       1.36921629E-02 -0.500000000    
           5           1  0.506159961      -4.62024137E-02 -0.500000000    
           5           2  0.423278362      -3.01898401E-02 -0.500000000    
           5           3  0.370977730      -1.74244400E-02 -0.500000000    
           5           4  0.142891750      -8.05345736E-03 -0.500000000    
           5           5  0.152892038      -1.94308124E-02 -0.500000000    
           5           6  0.163757890      -9.05575510E-03 -0.500000000    
           5           7  0.162194088       8.22074525E-03 -0.500000000    
           5           8  0.226815417      -1.29886286E-03 -0.500000000    
           5           9  0.302585363      -6.52445527E-03 -0.500000000    
           5          10  0.396702379       1.36647010E-02 -0.500000000    
           5          11  0.345350385       2.32663341E-02 -0.500000000    
           5          12  0.180691108       1.09289400E-02 -0.500000000    
           5          13   3.05611435E-02  -1.03511401E-02 -0.500000000    
           5          14   1.54350707E-02  -3.19466218E-02 -0.500000000    
           5          15   5.14298119E-02  -5.89824617E-02 -0.500000000    
           5          16  0.148828626      -8.33966509E-02 -0.500000000    
           5          17  0.162215948      -9.35783312E-02 -0.500000000    
           5          18  0.153484702      -8.18461180E-02 -0.500000000    
           5          19  0.110112280      -5.60579821E-02 -0.500000000    
           5          20   7.37472773E-02  -2.54304092E-02 -0.500000000    
           5          21  0.105889678      -1.85212397E-04 -0.500000000    
           5          22  0.256294668       2.63241753E-02 -0.500000000    
           5          23  0.415484428       3.76306362E-02 -0.500000000    
           5          24  0.467932612       2.92178206E-02 -0.500000000    
           5          25  0.399940521       2.14936249E-02 -0.500000000    
           5          26  0.281504989       3.39556672E-02 -0.500000000    
           5          27  0.168629348       3.09711937E-02 -0.500000000    
           5          28  0.205697849      -7.74838380E-04 -0.500000000    
           5          29  0.116924807       1.54074198E-02 -0.500000000    
           5          30  0.167990416       3.44477333E-02 -0.500000000    
           5          31  0.294028103       3.25797983E-02 -0.500000000    
           5          32  0.375204384       2.62494460E-02 -0.500000000    
           5          33  0.445237041       4.05120477E-03 -0.500000000    
           6           1  0.539264441      -7.94522613E-02 -0.500000000    
           6           2  0.342589915      -4.98211756E-02 -0.500000000    
           6           3  0.295334697      -2.12181360E-02 -0.500000000    
           6           4  0.108745627      -2.61590490E-03 -0.500000000    
           6           5  0.163775057      -9.05339886E-03 -0.500000000    
           6           6  0.142185360       8.95986147E-03 -0.500000000    
           6           7   8.86140764E-02   2.98491307E-02 -0.500000000    
           6           8  0.206049979       1.79917235E-02 -0.500000000    
           6           9  0.208528608       8.26081447E-03 -0.500000000    
           6          10  0.295861393       2.02512424E-02 -0.500000000    
           6          11  0.249694198       2.42227335E-02 -0.500000000    
           6          12  0.178508475       5.72815910E-03 -0.500000000    
           6          13  0.125182182      -1.94824673E-02 -0.500000000    
           6          14   9.08244774E-02  -4.30799685E-02 -0.500000000    
           6          15  0.111575566      -6.14499487E-02 -0.500000000    
           6          16   8.92752558E-02  -7.09516481E-02 -0.500000000    
           6          17   5.90702146E-02  -7.45385289E-02 -0.500000000    
           6          18  0.102096438      -7.51095563E-02 -0.500000000    
           6          19  0.152215078      -6.92484602E-02 -0.500000000    
           6          20  0.124527887      -4.68739942E-02 -0.500000000    
           6          21  0.198437557      -1.15884515E-02 -0.500000000    
           6          22  0.225100413       2.67017744E-02 -0.500000000    
           6          23  0.234234467       4.30621579E-02 -0.500000000    
           6          24  0.278134227       3.29890698E-02 -0.500000000    
           6          25  0.266545683       2.49916967E-02 -0.500000000    
           6          26  0.245340601       3.55696082E-02 -0.500000000    
           6          27   7.72825778E-02   3.22329663E-02 -0.500000000    
           6          28  0.169581503      -8.73340387E-03 -0.500000000    
           6          29  0.118152179       4.68427129E-03 -0.500000000    
           6          30   7.91226551E-02   2.26448514E-02 -0.500000000    
           6          31  0.246618703       2.18824670E-02 -0.500000000    
           6          32  0.311247975       8.19762331E-03 -0.500000000    
           6          33  0.499214590      -1.92463994E-02 -0.500000000    
           7           1  0.442602783      -5.99240214E-02 -0.500000000    
           7           2  0.165336907      -2.48016901E-02 -0.500000000    
           7           3  0.155253619       5.90478862E-03 -0.500000000    
           7           4  0.103673294       1.44488718E-02 -0.500000000    
           7           5  0.162235230       8.22307821E-03 -0.500000000    
           7           6   8.86203647E-02   2.98493411E-02 -0.500000000    
           7           7  0.160695732       4.18230630E-02 -0.500000000    
           7           8  0.161580861       2.03050654E-02 -0.500000000    
           7           9  0.145471632       5.39472047E-03 -0.500000000    
           7          10  0.147727504       6.24093879E-03 -0.500000000    
           7          11   7.39536583E-02   3.73136578E-03 -0.500000000    
           7          12   6.89891577E-02  -1.28048668E-02 -0.500000000    
           7          13  0.143113419      -2.72943638E-02 -0.500000000    
           7          14  0.161741123      -3.78578529E-02 -0.500000000    
           7          15  0.114426404      -5.02163395E-02 -0.500000000    
           7          16  -3.85657558E-03  -6.02849461E-02 -0.500000000    
           7          17  -7.01683536E-02  -6.47420064E-02 -0.500000000    
           7          18  -7.30728079E-03  -6.94540367E-02 -0.500000000    
           7          19  0.121269710      -6.53987154E-02 -0.500000000    
           7          20  0.211007819      -4.83235456E-02 -0.500000000    
           7          21  0.185553759      -2.36493386E-02 -0.500000000    
           7          22  0.104870573       2.21437938E-03 -0.500000000    
           7          23   5.94937652E-02   1.37642249E-02 -0.500000000    
           7          24  0.129676834       3.11899697E-03 -0.500000000    
           7          25  0.172879383       3.20648006E-03 -0.500000000    
           7          26  0.165308222       1.81141328E-02 -0.500000000    
           7          27  0.127025649       2.69381516E-02 -0.500000000    
           7          28  0.131996319      -8.57209787E-03 -0.500000000    
           7          29  0.147970617      -9.19126440E-04 -0.500000000    
           7          30   7.32775778E-02   1.68961454E-02 -0.500000000    
           7          31  0.167349398       3.14555094E-02 -0.500000000    
           7          32  0.283584028       1.32476818E-02 -0.500000000    
           7          33  0.592572927      -1.26555003E-02 -0.500000000    
           8           1  0.369600594      -4.90738228E-02 -0.500000000    
           8           2   2.40437984E-02  -1.72787216E-02 -0.500000000    
           8           3   6.20327592E-02   4.83565964E-03 -0.500000000    
           8           4  0.210647494       6.24685083E-03 -0.500000000    
           8           5  0.226843894      -1.29719987E-03 -0.500000000    
           8           6  0.206038699       1.79902818E-02 -0.500000000    
           8           7  0.161573827       2.03031339E-02 -0.500000000    
           8           8  0.171688750       8.84188153E-03 -0.500000000    
           8           9  0.211247101       7.75408419E-03 -0.500000000    
           8          10  0.120490663       1.48342829E-02 -0.500000000    
           8          11   1.09719615E-02   1.44021856E-02 -0.500000000    
           8          12   5.19007258E-02  -6.45850739E-03 -0.500000000    
           8          13  0.125618979      -3.52459103E-02 -0.500000000    
           8          14  0.130691513      -5.62721081E-02 -0.500000000    
           8          15  0.175188780      -6.53593391E-02 -0.500000000    
           8          16   5.32185994E-02  -6.50300458E-02 -0.500000000    
           8          17  -4.81307507E-02  -6.70227930E-02 -0.500000000    
           8          18   4.77360375E-03  -7.77376145E-02 -0.500000000    
           8          19  0.183732048      -8.42174590E-02 -0.500000000    
           8          20  0.159548193      -7.25341067E-02 -0.500000000    
           8          21  0.121397413      -4.25470583E-02 -0.500000000    
           8          22   4.03070152E-02  -5.20362100E-03 -0.500000000    
           8          23  -1.29181277E-02   1.28482524E-02 -0.500000000    
           8          24   5.93353696E-02   4.28520096E-03 -0.500000000    
           8          25  0.145155475      -2.45297304E-03 -0.500000000    
           8          26   8.38066041E-02   4.55964415E-04 -0.500000000    
           8          27   4.75407168E-02   1.74107251E-03 -0.500000000    
           8          28  0.176546499      -3.07592787E-02 -0.500000000    
           8          29  0.198480397      -2.99326107E-02 -0.500000000    
           8          30  0.155159175      -1.00148814E-02 -0.500000000    
           8          31   8.85820016E-02   1.46373287E-02 -0.500000000    
           8          32  0.188976333       2.73876148E-03 -0.500000000    
           8          33  0.526926160      -1.98268052E-02 -0.500000000    
           9           1  0.249620959      -3.47462706E-02 -0.500000000    
           9           2 -0.107721582      -1.68656148E-02 -0.500000000    
           9           3  -5.53341694E-02  -6.27178373E-03 -0.500000000    
           9           4  0.207658410      -7.18866335E-03 -0.500000000    
           9           5  0.302607000      -6.52387412E-03 -0.500000000    
           9           6  0.208521128       8.25572480E-03 -0.500000000    
           9           7  0.145437256       5.38833905E-03 -0.500000000    
           9           8  0.211206645       7.74985086E-03 -0.500000000    
           9           9  0.304797173       1.87859070E-02 -0.500000000    
           9          10  0.182439432       1.86651498E-02 -0.500000000    
           9          11   9.09991860E-02   8.44203029E-03 -0.500000000    
           9          12   6.33951277E-02  -1.64484456E-02 -0.500000000    
           9          13  0.115975007      -4.51975390E-02 -0.500000000    
           9          14  0.161421046      -7.03346506E-02 -0.500000000    
           9          15  0.202887818      -8.42803195E-02 -0.500000000    
           9          16   9.92516801E-02  -7.85536692E-02 -0.500000000    
           9          17  -4.54671308E-02  -7.40241930E-02 -0.500000000    
           9          18   3.22283171E-02  -9.29177180E-02 -0.500000000    
           9          19  0.126488134     -0.108872816     -0.500000000    
           9          20  0.130405292      -9.14936885E-02 -0.500000000    
           9          21   7.92216137E-02  -5.28970994E-02 -0.500000000    
           9          22   3.42757143E-02  -1.47670833E-02 -0.500000000    
           9          23   4.85932305E-02   4.94729914E-03 -0.500000000    
           9          24  0.116241768       7.31181633E-03 -0.500000000    
           9          25  0.238666043       2.96622748E-03 -0.500000000    
           9          26  0.154935956      -5.57265384E-03 -0.500000000    
           9          27   7.82971531E-02  -1.19016115E-02 -0.500000000    
           9          28  0.208092913      -3.97600718E-02 -0.500000000    
           9          29  0.330111086      -4.94460240E-02 -0.500000000    
           9          30  0.237052992      -3.12804207E-02 -0.500000000    
           9          31   4.39589433E-02  -7.82740209E-03 -0.500000000    
           9          32   8.93629342E-02  -1.16655398E-02 -0.500000000    
           9          33  0.408859164      -2.80318223E-02 -0.500000000    
          10           1  0.142667383      -2.88274046E-02 -0.500000000    
          10           2 -0.117430083      -2.04356015E-02 -0.500000000    
          10           3 -0.107071176      -1.40552567E-02 -0.500000000    
          10           4  0.196192026      -2.63960217E-03 -0.500000000    
          10           5  0.396714002       1.36652458E-02 -0.500000000    
          10           6  0.295856416       2.02441085E-02 -0.500000000    
          10           7  0.147673607       6.23222161E-03 -0.500000000    
          10           8  0.120410331       1.48281977E-02 -0.500000000    
          10           9  0.182387874       1.86623111E-02 -0.500000000    
          10          10  0.194076031       1.20054872E-03 -0.500000000    
          10          11  0.230884254      -1.35895768E-02 -0.500000000    
          10          12  0.174895927      -3.56774442E-02 -0.500000000    
          10          13  0.123842463      -6.19115978E-02 -0.500000000    
          10          14  0.114347279      -7.84242824E-02 -0.500000000    
          10          15  0.138233677      -8.26242864E-02 -0.500000000    
          10          16   2.92838179E-02  -8.80449936E-02 -0.500000000    
          10          17   4.48120851E-03  -9.89060104E-02 -0.500000000    
          10          18   3.71146039E-03 -0.105593398     -0.500000000    
          10          19   5.56548536E-02 -0.105007641     -0.500000000    
          10          20   5.69429174E-02  -9.43047553E-02 -0.500000000    
          10          21   4.18136567E-02  -6.65038377E-02 -0.500000000    
          10          22  0.149323642      -3.34097855E-02 -0.500000000    
          10          23  0.288076103      -1.38165327E-02 -0.500000000    
          10          24  0.261571378      -3.69643769E-03 -0.500000000    
          10          25  0.209475517       4.90209088E-03 -0.500000000    
          10          26  0.102909461      -2.05185660E-03 -0.500000000    
          10          27   8.14144090E-02  -9.22517478E-03 -0.500000000    
          10          28  0.243819624      -1.91160124E-02 -0.500000000    
          10          29  0.372151732      -3.83238010E-02 -0.500000000    
          10          30  0.236296996      -3.19786184E-02 -0.500000000    
          10          31   9.84550826E-03  -2.38238610E-02 -0.500000000    
          10          32   1.43363252E-02  -2.27369461E-02 -0.500000000    
          10          33  0.251995742      -3.08990348E-02 -0.500000000    
          11           1   1.18480455E-02  -3.09122968E-02 -0.500000000    
          11           2 -0.140646800      -3.18599157E-02 -0.500000000    
          11           3  -9.73898694E-02  -2.28620581E-02 -0.500000000    
          11           4  0.105346046      -4.07327386E-03 -0.500000000    
          11           5  0.345328867       2.32664868E-02 -0.500000000    
          11           6  0.249695808       2.42162235E-02 -0.500000000    
          11           7   7.39319101E-02   3.72314826E-03 -0.500000000    
          11           8   1.09145902E-02   1.43947955E-02 -0.500000000    
          11           9   9.09373239E-02   8.43693037E-03 -0.500000000    
          11          10  0.230838880      -1.35919675E-02 -0.500000000    
          11          11  0.217111990      -3.50433625E-02 -0.500000000    
          11          12  0.154958442      -5.61016537E-02 -0.500000000    
          11          13  0.148426786      -7.08612725E-02 -0.500000000    
          11          14  0.181241810      -7.84543604E-02 -0.500000000    
          11          15   8.92740414E-02  -9.32940468E-02 -0.500000000    
          11          16  -4.46548685E-02 -0.101134419     -0.500000000    
          11          17   3.05535812E-02 -0.102641463     -0.500000000    
          11          18  -4.01794314E-02 -0.114470273     -0.500000000    
          11          19   1.83992740E-02 -0.113686986     -0.500000000    
          11          20  0.141779155      -9.20971707E-02 -0.500000000    
          11          21  0.133772567      -7.01228604E-02 -0.500000000    
          11          22  0.191790104      -5.19132353E-02 -0.500000000    
          11          23  0.305526435      -3.73608060E-02 -0.500000000    
          11          24  0.335407168      -1.72628611E-02 -0.500000000    
          11          25  0.171380475       1.79106870E-03 -0.500000000    
          11          26   3.40346880E-02   6.19421480E-04 -0.500000000    
          11          27   3.07335630E-02  -4.42555500E-03 -0.500000000    
          11          28  0.191117287       4.21464397E-03 -0.500000000    
          11          29  0.288339376      -2.31385827E-02 -0.500000000    
          11          30  0.138813064      -3.22749205E-02 -0.500000000    
          11          31   2.77742976E-03  -3.74822691E-02 -0.500000000    
          11          32  -5.84498495E-02  -3.13763656E-02 -0.500000000    
          11          33  0.107798479      -2.77822725E-02 -0.500000000    
          12           1  -3.22279409E-02  -3.32800895E-02 -0.500000000    
          12           2  -7.19217435E-02  -4.44310196E-02 -0.500000000    
          12           3   5.43612242E-03  -3.42311859E-02 -0.500000000    
          12           4   5.75375147E-02  -1.83472242E-02 -0.500000000    
          12           5  0.180674702       1.09268213E-02 -0.500000000    
          12           6  0.178521305       5.72270760E-03 -0.500000000    
          12           7   6.89851344E-02  -1.28116244E-02 -0.500000000    
          12           8   5.18757589E-02  -6.46510394E-03 -0.500000000    
          12           9   6.33533671E-02  -1.64533351E-02 -0.500000000    
          12          10  0.174843311      -3.56797799E-02 -0.500000000    
          12          11  0.154924065      -5.61024696E-02 -0.500000000    
          12          12  0.202131808      -6.93881512E-02 -0.500000000    
          12          13  0.223630697      -7.90212676E-02 -0.500000000    
          12          14  0.191534966      -9.76936966E-02 -0.500000000    
          12          15  0.113590620     -0.110213533     -0.500000000    
          12          16   1.07791815E-02 -0.110546388     -0.500000000    
          12          17 -0.121755868     -0.121892333     -0.500000000    
          12          18  -4.36887480E-02 -0.121829681     -0.500000000    
          12          19   7.59519041E-02 -0.125421926     -0.500000000    
          12          20  0.196951434     -0.112853572     -0.500000000    
          12          21  0.229690030      -8.06335434E-02 -0.500000000    
          12          22  0.259004623      -6.58377632E-02 -0.500000000    
          12          23  0.260304540      -5.81677146E-02 -0.500000000    
          12          24  0.260461897      -3.74837555E-02 -0.500000000    
          12          25  0.104613110      -1.50575181E-02 -0.500000000    
          12          26   4.55374941E-02  -1.17575750E-02 -0.500000000    
          12          27   3.26931067E-02  -1.36624612E-02 -0.500000000    
          12          28  0.114478946       5.92828449E-03 -0.500000000    
          12          29  0.138530567      -1.28483754E-02 -0.500000000    
          12          30   7.05119520E-02  -3.96811925E-02 -0.500000000    
          12          31   9.69256386E-02  -4.71962690E-02 -0.500000000    
          12          32  -5.15529476E-02  -3.23628113E-02 -0.500000000    
          12          33   4.03479934E-02  -1.92665532E-02 -0.500000000    
          13           1  -8.25420097E-02  -4.92051020E-02 -0.500000000    
          13           2   3.99544910E-02  -6.12050742E-02 -0.500000000    
          13           3   2.41907127E-02  -4.53085750E-02 -0.500000000    
          13           4   8.98667574E-02  -2.26387754E-02 -0.500000000    
          13           5   3.05803772E-02  -1.03550805E-02 -0.500000000    
          13           6  0.125171736      -1.94887463E-02 -0.500000000    
          13           7  0.143112451      -2.73008794E-02 -0.500000000    
          13           8  0.125614211      -3.52506824E-02 -0.500000000    
          13           9  0.115957364      -4.51997928E-02 -0.500000000    
          13          10  0.123806834      -6.19124062E-02 -0.500000000    
          13          11  0.148387507      -7.08621517E-02 -0.500000000    
          13          12  0.223612517      -7.90222883E-02 -0.500000000    
          13          13  0.204066843      -9.97116119E-02 -0.500000000    
          13          14  0.169967413     -0.114117317     -0.500000000    
          13          15  0.111625507     -0.125578657     -0.500000000    
          13          16  -4.74161245E-02 -0.139021114     -0.500000000    
          13          17  -9.28242877E-02 -0.139933556     -0.500000000    
          13          18  -9.91033018E-02 -0.144153357     -0.500000000    
          13          19   7.36027732E-02 -0.138391897     -0.500000000    
          13          20  0.205507427     -0.129528835     -0.500000000    
          13          21  0.221905902     -0.104799964     -0.500000000    
          13          22  0.234238729      -7.57136047E-02 -0.500000000    
          13          23  0.189886689      -6.76201507E-02 -0.500000000    
          13          24  0.149918929      -5.76943122E-02 -0.500000000    
          13          25   9.75088850E-02  -3.85986567E-02 -0.500000000    
          13          26   7.75800943E-02  -3.26681174E-02 -0.500000000    
          13          27  0.112332910      -2.70353276E-02 -0.500000000    
          13          28  0.106505603      -9.86137800E-03 -0.500000000    
          13          29   3.01500484E-02  -1.34731615E-02 -0.500000000    
          13          30   7.63222426E-02  -3.72274630E-02 -0.500000000    
          13          31  0.136559889      -5.14768995E-02 -0.500000000    
          13          32   3.27223800E-02  -3.99080366E-02 -0.500000000    
          13          33  -1.83515251E-02  -2.31281593E-02 -0.500000000    
          14           1  -6.06415495E-02  -8.35655853E-02 -0.500000000    
          14           2   3.45882289E-02  -7.78961629E-02 -0.500000000    
          14           3   3.99321243E-02  -5.39581701E-02 -0.500000000    
          14           4   4.75471616E-02  -3.02824136E-02 -0.500000000    
          14           5   1.54348696E-02  -3.19503732E-02 -0.500000000    
          14           6   9.08244401E-02  -4.30879667E-02 -0.500000000    
          14           7  0.161729276      -3.78658921E-02 -0.500000000    
          14           8  0.130696490      -5.62767573E-02 -0.500000000    
          14           9  0.161427230      -7.03365207E-02 -0.500000000    
          14          10  0.114342287      -7.84262121E-02 -0.500000000    
          14          11  0.181230977      -7.84576982E-02 -0.500000000    
          14          12  0.191536710      -9.76984277E-02 -0.500000000    
          14          13  0.169982523     -0.114120930     -0.500000000    
          14          14  0.123640850     -0.126029074     -0.500000000    
          14          15  -1.40183205E-02 -0.150493696     -0.500000000    
          14          16   3.60989645E-02 -0.176571056     -0.500000000    
          14          17  -1.96052995E-02 -0.183980852     -0.500000000    
          14          18  -1.44368103E-02 -0.180557534     -0.500000000    
          14          19  -1.13126645E-02 -0.164123699     -0.500000000    
          14          20  0.158844739     -0.141373739     -0.500000000    
          14          21  0.180486202     -0.119903147     -0.500000000    
          14          22  0.160157979      -9.51249525E-02 -0.500000000    
          14          23  0.142401651      -7.45102018E-02 -0.500000000    
          14          24   9.49835256E-02  -7.23433867E-02 -0.500000000    
          14          25  0.121379338      -6.53475598E-02 -0.500000000    
          14          26   9.49506462E-02  -5.08033484E-02 -0.500000000    
          14          27  0.155315965      -4.12242375E-02 -0.500000000    
          14          28   6.92216307E-02  -3.68803330E-02 -0.500000000    
          14          29   7.26193283E-03  -2.84403730E-02 -0.500000000    
          14          30   6.80202292E-03  -4.43379320E-02 -0.500000000    
          14          31   4.18892875E-02  -5.93034774E-02 -0.500000000    
          14          32   9.55318734E-02  -6.62498102E-02 -0.500000000    
          14          33  -9.78215784E-02  -5.72453626E-02 -0.500000000    
          15           1  -1.64379179E-03 -0.128236815     -0.500000000    
          15           2  -2.12741122E-02  -9.19504538E-02 -0.500000000    
          15           3   1.04364217E-03  -6.55940548E-02 -0.500000000    
          15           4   2.43366882E-03  -5.12309000E-02 -0.500000000    
          15           5   5.14121205E-02  -5.89857027E-02 -0.500000000    
          15           6  0.111600906      -6.14595860E-02 -0.500000000    
          15           7  0.114456967      -5.02264462E-02 -0.500000000    
          15           8  0.175200567      -6.53663650E-02 -0.500000000    
          15           9  0.202906266      -8.42849091E-02 -0.500000000    
          15          10  0.138237506      -8.26291218E-02 -0.500000000    
          15          11   8.92647058E-02  -9.33007076E-02 -0.500000000    
          15          12  0.113586970     -0.110222109     -0.500000000    
          15          13  0.111643977     -0.125586614     -0.500000000    
          15          14  -1.40159335E-02 -0.150497571     -0.500000000    
          15          15   6.63887709E-02 -0.189769238     -0.500000000    
          15          16  0.180413425     -0.227213919     -0.500000000    
          15          17  0.187993273     -0.243128955     -0.500000000    
          15          18  0.131451264     -0.232155263     -0.500000000    
          15          19  0.102338471     -0.206820175     -0.500000000    
          15          20   4.86521237E-02 -0.169564456     -0.500000000    
          15          21  0.119341895     -0.134838194     -0.500000000    
          15          22   8.80868509E-02 -0.114210337     -0.500000000    
          15          23   4.15394977E-02  -9.48168859E-02 -0.500000000    
          15          24  0.112645149      -8.28136280E-02 -0.500000000    
          15          25  0.167598948      -8.59403536E-02 -0.500000000    
          15          26  0.145843506      -6.46390393E-02 -0.500000000    
          15          27   9.43731368E-02  -5.77718019E-02 -0.500000000    
          15          28   4.13662307E-02  -6.56853616E-02 -0.500000000    
          15          29  -2.03803852E-02  -5.72549365E-02 -0.500000000    
          15          30  -3.47041413E-02  -6.09301068E-02 -0.500000000    
          15          31  -7.25222677E-02  -6.79494664E-02 -0.500000000    
          15          32   4.90065776E-02  -9.54317451E-02 -0.500000000    
          15          33 -0.104589216     -0.112095892     -0.500000000    
          16           1  -2.18625553E-02 -0.154888988     -0.500000000    
          16           2  -4.15204838E-02 -0.106879264     -0.500000000    
          16           3  -6.16471190E-03  -7.61648566E-02 -0.500000000    
          16           4   6.91455826E-02  -7.69781321E-02 -0.500000000    
          16           5  0.148807406      -8.33998397E-02 -0.500000000    
          16           6   8.92805457E-02  -7.09607005E-02 -0.500000000    
          16           7  -3.83849675E-03  -6.02957308E-02 -0.500000000    
          16           8   5.32059968E-02  -6.50384277E-02 -0.500000000    
          16           9   9.92361009E-02  -7.85601139E-02 -0.500000000    
          16          10   2.92757377E-02  -8.80502686E-02 -0.500000000    
          16          11  -4.46745381E-02 -0.101141199     -0.500000000    
          16          12   1.07710641E-02 -0.110555254     -0.500000000    
          16          13  -4.74073812E-02 -0.139029130     -0.500000000    
          16          14   3.60867232E-02 -0.176574960     -0.500000000    
          16          15  0.180395544     -0.227213219     -0.500000000    
          16          16  0.253008962     -0.260251552     -0.500000000    
          16          17  0.261636376     -0.268472791     -0.500000000    
          16          18  0.185526326     -0.263275266     -0.500000000    
          16          19  0.188955426     -0.243315935     -0.500000000    
          16          20  0.106463447     -0.200952321     -0.500000000    
          16          21   3.32688238E-03 -0.156017840     -0.500000000    
          16          22  -4.03826125E-03 -0.125330001     -0.500000000    
          16          23 -0.137417331     -0.114941575     -0.500000000    
          16          24  -7.39126951E-02  -9.85202119E-02 -0.500000000    
          16          25   3.00007407E-02  -8.75110850E-02 -0.500000000    
          16          26   3.10912356E-03  -7.32065961E-02 -0.500000000    
          16          27  -2.52344999E-02  -7.12971687E-02 -0.500000000    
          16          28   4.18081507E-02  -8.74583423E-02 -0.500000000    
          16          29   7.49239773E-02  -9.03785676E-02 -0.500000000    
          16          30   6.37832731E-02  -7.81193450E-02 -0.500000000    
          16          31  -1.78849213E-02  -7.94099346E-02 -0.500000000    
          16          32  -3.59925441E-02 -0.113150768     -0.500000000    
          16          33   9.43422783E-03 -0.153147474     -0.500000000    
          17           1  -4.14569415E-02 -0.157796785     -0.500000000    
          17           2  -1.02287475E-02 -0.114361085     -0.500000000    
          17           3   8.49552527E-02  -8.13743845E-02 -0.500000000    
          17           4  0.122241765      -8.62183943E-02 -0.500000000    
          17           5  0.162171930      -9.35818329E-02 -0.500000000    
          17           6   5.90544678E-02  -7.45465606E-02 -0.500000000    
          17           7  -7.01869279E-02  -6.47523329E-02 -0.500000000    
          17           8  -4.81633842E-02  -6.70303106E-02 -0.500000000    
          17           9  -4.54779491E-02  -7.40284920E-02 -0.500000000    
          17          10   4.46498720E-03  -9.89095271E-02 -0.500000000    
          17          11   3.05048842E-02 -0.102646492     -0.500000000    
          17          12 -0.121798374     -0.121898800     -0.500000000    
          17          13  -9.28246528E-02 -0.139938340     -0.500000000    
          17          14  -1.95977837E-02 -0.183981925     -0.500000000    
          17          15  0.187990293     -0.243127063     -0.500000000    
          17          16  0.261647075     -0.268473566     -0.500000000    
          17          17  0.255701393     -0.270982504     -0.500000000    
          17          18  0.206350937     -0.270410955     -0.500000000    
          17          19  0.226813883     -0.258919418     -0.500000000    
          17          20   6.66235611E-02 -0.214406431     -0.500000000    
          17          21  -5.89188337E-02 -0.161333784     -0.500000000    
          17          22 -0.103643827     -0.139934838     -0.500000000    
          17          23 -0.112037875     -0.126038358     -0.500000000    
          17          24 -0.192613438     -0.116781220     -0.500000000    
          17          25 -0.176434353      -8.70114192E-02 -0.500000000    
          17          26 -0.117778562      -8.04433078E-02 -0.500000000    
          17          27  -9.50769410E-02  -7.90240690E-02 -0.500000000    
          17          28   1.91067699E-02  -9.75634977E-02 -0.500000000    
          17          29   8.58993232E-02 -0.106117733     -0.500000000    
          17          30  0.132048979      -8.26016292E-02 -0.500000000    
          17          31  0.108649574      -8.85262862E-02 -0.500000000    
          17          32  -7.05854446E-02 -0.116650246     -0.500000000    
          17          33   2.91621163E-02 -0.165077686     -0.500000000    
          18           1  -5.72935231E-02 -0.152486011     -0.500000000    
          18           2  -2.84437481E-02 -0.106235735     -0.500000000    
          18           3   1.49892941E-02  -7.27785453E-02 -0.500000000    
          18           4   6.72158971E-02  -7.05813989E-02 -0.500000000    
          18           5  0.153411761      -8.18491206E-02 -0.500000000    
          18           6  0.102045707      -7.51181319E-02 -0.500000000    
          18           7  -7.34474976E-03  -6.94644079E-02 -0.500000000    
          18           8   4.73247422E-03  -7.77456313E-02 -0.500000000    
          18           9   3.22047770E-02  -9.29226652E-02 -0.500000000    
          18          10   3.69732152E-03 -0.105596021     -0.500000000    
          18          11  -4.02095467E-02 -0.114473924     -0.500000000    
          18          12  -4.37174179E-02 -0.121834762     -0.500000000    
          18          13  -9.90995541E-02 -0.144157618     -0.500000000    
          18          14  -1.44238537E-02 -0.180558324     -0.500000000    
          18          15  0.131456673     -0.232153431     -0.500000000    
          18          16  0.185553506     -0.263277739     -0.500000000    
          18          17  0.206376269     -0.270413965     -0.500000000    
          18          18  0.121720001     -0.265411884     -0.500000000    
          18          19  0.150598258     -0.246222168     -0.500000000    
          18          20   6.27533197E-02 -0.205127567     -0.500000000    
          18          21  -5.05877063E-02 -0.162921980     -0.500000000    
          18          22  -5.71858287E-02 -0.140086517     -0.500000000    
          18          23 -0.137061194     -0.131881461     -0.500000000    
          18          24 -0.112664141     -0.117388517     -0.500000000    
          18          25  -4.19878922E-02 -0.100366764     -0.500000000    
          18          26  -6.08406365E-02  -8.56521651E-02 -0.500000000    
          18          27  -3.97711135E-02  -8.10358226E-02 -0.500000000    
          18          28   5.41905575E-02  -9.35440883E-02 -0.500000000    
          18          29   7.18277991E-02  -9.09509584E-02 -0.500000000    
          18          30   6.89770356E-02  -7.40574002E-02 -0.500000000    
          18          31   4.75477148E-03  -7.58511499E-02 -0.500000000    
          18          32  -7.34245256E-02 -0.108011715     -0.500000000    
          18          33  -3.52063216E-02 -0.153897926     -0.500000000    
          19           1  -1.41320704E-02 -0.138452470     -0.500000000    
          19           2  -5.50581664E-02  -9.35938507E-02 -0.500000000    
          19           3   1.76778100E-02  -5.97403161E-02 -0.500000000    
          19           4   8.09431449E-03  -4.10141721E-02 -0.500000000    
          19           5  0.110063143      -5.60600348E-02 -0.500000000    
          19           6  0.152195767      -6.92577437E-02 -0.500000000    
          19           7  0.121282749      -6.54123276E-02 -0.500000000    
          19           8  0.183733523      -8.42304230E-02 -0.500000000    
          19           9  0.126483247     -0.108882070     -0.500000000    
          19          10   5.56359626E-02 -0.105014168     -0.500000000    
          19          11   1.83608290E-02 -0.113693245     -0.500000000    
          19          12   7.59207010E-02 -0.125428677     -0.500000000    
          19          13   7.35922977E-02 -0.138398901     -0.500000000    
          19          14  -1.13252010E-02 -0.164127350     -0.500000000    
          19          15  0.102320284     -0.206821680     -0.500000000    
          19          16  0.188962355     -0.243321061     -0.500000000    
          19          17  0.226812333     -0.258926779     -0.500000000    
          19          18  0.150602505     -0.246228054     -0.500000000    
          19          19  0.159220383     -0.220714003     -0.500000000    
          19          20   5.98533936E-02 -0.183134168     -0.500000000    
          19          21   8.80580321E-02 -0.150653139     -0.500000000    
          19          22   5.04911691E-02 -0.134647608     -0.500000000    
          19          23  -4.66066115E-02 -0.119129255     -0.500000000    
          19          24   2.70836540E-02 -0.107316218     -0.500000000    
          19          25  0.124310985     -0.109367691     -0.500000000    
          19          26  0.159548298      -8.33715498E-02 -0.500000000    
          19          27   9.13140550E-02  -7.29948729E-02 -0.500000000    
          19          28   8.79669636E-02  -7.50401244E-02 -0.500000000    
          19          29   1.48127042E-02  -5.56161217E-02 -0.500000000    
          19          30  -2.37898491E-02  -5.23399413E-02 -0.500000000    
          19          31  -9.08577144E-02  -5.83340749E-02 -0.500000000    
          19          32  -5.60087226E-02  -9.28121656E-02 -0.500000000    
          19          33 -0.118214779     -0.122979872     -0.500000000    
          20           1   4.10874747E-02 -0.111862093     -0.500000000    
          20           2  -1.49623677E-02  -8.99477005E-02 -0.500000000    
          20           3   9.26802903E-02  -5.35994805E-02 -0.500000000    
          20           4   9.89615470E-02  -2.22683195E-02 -0.500000000    
          20           5   7.36980587E-02  -2.54302621E-02 -0.500000000    
          20           6  0.124537386      -4.68832627E-02 -0.500000000    
          20           7  0.211044326      -4.83381487E-02 -0.500000000    
          20           8  0.159599826      -7.25487769E-02 -0.500000000    
          20           9  0.130446836      -9.15044770E-02 -0.500000000    
          20          10   5.69518171E-02  -9.43131447E-02 -0.500000000    
          20          11  0.141760483      -9.21049863E-02 -0.500000000    
          20          12  0.196931794     -0.112863541     -0.500000000    
          20          13  0.205506936     -0.129539445     -0.500000000    
          20          14  0.158839762     -0.141382426     -0.500000000    
          20          15   4.86448407E-02 -0.169571295     -0.500000000    
          20          16  0.106475644     -0.200961888     -0.500000000    
          20          17   6.66343272E-02 -0.214420706     -0.500000000    
          20          18   6.27783239E-02 -0.205141291     -0.500000000    
          20          19   5.98649085E-02 -0.183141321     -0.500000000    
          20          20  0.177988186     -0.156589687     -0.500000000    
          20          21  0.205829412     -0.137853548     -0.500000000    
          20          22  0.135172322     -0.115421467     -0.500000000    
          20          23   6.73328638E-02  -9.31827426E-02 -0.500000000    
          20          24   3.57994102E-02  -9.03869420E-02 -0.500000000    
          20          25  0.118350521      -8.85746628E-02 -0.500000000    
          20          26  0.138215825      -6.82185292E-02 -0.500000000    
          20          27  0.192110911      -5.25604561E-02 -0.500000000    
          20          28   7.78691992E-02  -4.18767482E-02 -0.500000000    
          20          29   2.17978973E-02  -2.19565555E-02 -0.500000000    
          20          30   1.21304942E-02  -3.47718969E-02 -0.500000000    
          20          31  -5.26196174E-02  -5.55238388E-02 -0.500000000    
          20          32   9.30688903E-03  -7.76321515E-02 -0.500000000    
          20          33 -0.141376987      -8.17908496E-02 -0.500000000    
          21           1   4.05918583E-02  -8.68598297E-02 -0.500000000    
          21           2   5.59215993E-02  -8.11110735E-02 -0.500000000    
          21           3   7.97943994E-02  -4.69772182E-02 -0.500000000    
          21           4  0.207873404      -1.51902409E-02 -0.500000000    
          21           5  0.105869345      -1.83747150E-04 -0.500000000    
          21           6  0.198449165      -1.15956226E-02 -0.500000000    
          21           7  0.185573041      -2.36595646E-02 -0.500000000    
          21           8  0.121418148      -4.25561853E-02 -0.500000000    
          21           9   7.92349353E-02  -5.29040284E-02 -0.500000000    
          21          10   4.18018326E-02  -6.65091202E-02 -0.500000000    
          21          11  0.133749261      -7.01280311E-02 -0.500000000    
          21          12  0.229677752      -8.06405395E-02 -0.500000000    
          21          13  0.221908599     -0.104809433     -0.500000000    
          21          14  0.180479199     -0.119912341     -0.500000000    
          21          15  0.119324148     -0.134846792     -0.500000000    
          21          16   3.30719026E-03 -0.156029314     -0.500000000    
          21          17  -5.89077473E-02 -0.161350116     -0.500000000    
          21          18  -5.05683385E-02 -0.162938073     -0.500000000    
          21          19   8.80524069E-02 -0.150662571     -0.500000000    
          21          20  0.205826357     -0.137856200     -0.500000000    
          21          21  0.199134126     -0.114089087     -0.500000000    
          21          22  0.157239571      -8.44724476E-02 -0.500000000    
          21          23  0.107107989      -7.34370947E-02 -0.500000000    
          21          24   5.62364608E-02  -6.60441369E-02 -0.500000000    
          21          25   8.27458128E-02  -5.21307811E-02 -0.500000000    
          21          26  0.104754798      -4.32306752E-02 -0.500000000    
          21          27  0.163660482      -2.69015320E-02 -0.500000000    
          21          28  0.147743255      -6.98728487E-03 -0.500000000    
          21          29   5.89347556E-02  -7.35912193E-03 -0.500000000    
          21          30   8.47260654E-02  -3.12855020E-02 -0.500000000    
          21          31   3.57552506E-02  -5.73675632E-02 -0.500000000    
          21          32  -2.47124843E-02  -6.41807765E-02 -0.500000000    
          21          33 -0.119077578      -5.52935563E-02 -0.500000000    
          22           1  0.104653917      -6.42054155E-02 -0.500000000    
          22           2   5.72334677E-02  -6.27952293E-02 -0.500000000    
          22           3   8.20474923E-02  -3.22107114E-02 -0.500000000    
          22           4  0.166628122      -8.58618878E-03 -0.500000000    
          22           5  0.256315738       2.63271201E-02 -0.500000000    
          22           6  0.225143030       2.66975090E-02 -0.500000000    
          22           7  0.104895324       2.20824964E-03 -0.500000000    
          22           8   4.03114446E-02  -5.20891929E-03 -0.500000000    
          22           9   3.42639089E-02  -1.47725251E-02 -0.500000000    
          22          10  0.149293885      -3.34148109E-02 -0.500000000    
          22          11  0.191759795      -5.19182831E-02 -0.500000000    
          22          12  0.258995682      -6.58438653E-02 -0.500000000    
          22          13  0.234238967      -7.57218599E-02 -0.500000000    
          22          14  0.160140097      -9.51341167E-02 -0.500000000    
          22          15   8.80707279E-02 -0.114219405     -0.500000000    
          22          16  -4.07350436E-03 -0.125341311     -0.500000000    
          22          17 -0.103625245     -0.139948830     -0.500000000    
          22          18  -5.71838953E-02 -0.140100300     -0.500000000    
          22          19   5.04866987E-02 -0.134656325     -0.500000000    
          22          20  0.135169730     -0.115424879     -0.500000000    
          22          21  0.157239929      -8.44745785E-02 -0.500000000    
          22          22  0.181059241      -6.96819723E-02 -0.500000000    
          22          23  0.179829150      -6.05747662E-02 -0.500000000    
          22          24  0.171733156      -4.24169973E-02 -0.500000000    
          22          25   7.21671134E-02  -2.04848871E-02 -0.500000000    
          22          26   5.14406264E-02  -1.44010950E-02 -0.500000000    
          22          27   7.83373788E-02  -6.95230032E-04 -0.500000000    
          22          28  0.162139609       2.18841136E-02 -0.500000000    
          22          29  0.172292396      -1.83073396E-03 -0.500000000    
          22          30   8.83792788E-02  -3.29790860E-02 -0.500000000    
          22          31   8.30124766E-02  -4.96886224E-02 -0.500000000    
          22          32  -7.71602318E-02  -5.13936654E-02 -0.500000000    
          22          33  -5.07155359E-02  -4.27242331E-02 -0.500000000    
          23           1  0.238587514      -3.75178270E-02 -0.500000000    
          23           2  0.102841325      -3.79347280E-02 -0.500000000    
          23           3   4.78496309E-03  -1.99321769E-02 -0.500000000    
          23           4  0.171198145       4.53445408E-03 -0.500000000    
          23           5  0.415557683       3.76386046E-02 -0.500000000    
          23           6  0.234270155       4.30606864E-02 -0.500000000    
          23           7   5.94936758E-02   1.37591297E-02 -0.500000000    
          23           8  -1.29461531E-02   1.28438305E-02 -0.500000000    
          23           9   4.85588834E-02   4.94146813E-03 -0.500000000    
          23          10  0.288039535      -1.38225323E-02 -0.500000000    
          23          11  0.305502832      -3.73668224E-02 -0.500000000    
          23          12  0.260300726      -5.81741855E-02 -0.500000000    
          23          13  0.189880088      -6.76282123E-02 -0.500000000    
          23          14  0.142372131      -7.45190009E-02 -0.500000000    
          23          15   4.15264927E-02  -9.48254690E-02 -0.500000000    
          23          16 -0.137450770     -0.114951208     -0.500000000    
          23          17 -0.112062648     -0.126048550     -0.500000000    
          23          18 -0.137082994     -0.131890476     -0.500000000    
          23          19  -4.66030985E-02 -0.119134210     -0.500000000    
          23          20   6.73226044E-02  -9.31855291E-02 -0.500000000    
          23          21  0.107103102      -7.34410658E-02 -0.500000000    
          23          22  0.179825038      -6.05774820E-02 -0.500000000    
          23          23  0.263323992      -4.77334894E-02 -0.500000000    
          23          24  0.293147594      -2.61518434E-02 -0.500000000    
          23          25  0.110628232      -5.04633226E-03 -0.500000000    
          23          26   1.80203542E-02  -1.02915615E-03 -0.500000000    
          23          27   2.17896923E-02   9.90350917E-03 -0.500000000    
          23          28  0.193374678       2.48917639E-02 -0.500000000    
          23          29  0.343484223      -7.28061190E-03 -0.500000000    
          23          30  0.137610033      -2.37688366E-02 -0.500000000    
          23          31   3.51395197E-02  -3.60256657E-02 -0.500000000    
          23          32  -3.55658568E-02  -3.27298008E-02 -0.500000000    
          23          33  0.102710843      -2.84837410E-02 -0.500000000    
          24           1  0.365912408      -1.90128535E-02 -0.500000000    
          24           2   9.41414461E-02  -1.73457433E-02 -0.500000000    
          24           3  -5.13056405E-02  -1.04951663E-02 -0.500000000    
          24           4  0.278205752       8.45224783E-03 -0.500000000    
          24           5  0.468020618       2.92321946E-02 -0.500000000    
          24           6  0.278128684       3.29896919E-02 -0.500000000    
          24           7  0.129630953       3.11312312E-03 -0.500000000    
          24           8   5.92651293E-02   4.27948963E-03 -0.500000000    
          24           9  0.116190962       7.30596669E-03 -0.500000000    
          24          10  0.261550695      -3.70096625E-03 -0.500000000    
          24          11  0.335409701      -1.72661543E-02 -0.500000000    
          24          12  0.260458052      -3.74877006E-02 -0.500000000    
          24          13  0.149896383      -5.77002876E-02 -0.500000000    
          24          14   9.49530080E-02  -7.23510757E-02 -0.500000000    
          24          15  0.112636507      -8.28214735E-02 -0.500000000    
          24          16  -7.39233047E-02  -9.85272005E-02 -0.500000000    
          24          17 -0.192673638     -0.116788201     -0.500000000    
          24          18 -0.112675965     -0.117393665     -0.500000000    
          24          19   2.70876531E-02 -0.107318491     -0.500000000    
          24          20   3.57785709E-02  -9.03883725E-02 -0.500000000    
          24          21   5.62310480E-02  -6.60477579E-02 -0.500000000    
          24          22  0.171733484      -4.24201898E-02 -0.500000000    
          24          23  0.293151647      -2.61530187E-02 -0.500000000    
          24          24  0.268177658      -1.37314647E-02 -0.500000000    
          24          25  0.154074058      -5.44721028E-03 -0.500000000    
          24          26   7.73463324E-02  -8.89935344E-03 -0.500000000    
          24          27   6.47448450E-02  -5.43168932E-03 -0.500000000    
          24          28  0.251919597       5.15626394E-04 -0.500000000    
          24          29  0.450250953      -1.96102820E-02 -0.500000000    
          24          30  0.230996698      -2.02328563E-02 -0.500000000    
          24          31  -9.95324366E-03  -2.11495906E-02 -0.500000000    
          24          32   4.70746234E-02  -1.38565889E-02 -0.500000000    
          24          33  0.315278351      -1.30417431E-02 -0.500000000    
          25           1  0.372754246      -1.03411479E-02 -0.500000000    
          25           2   2.40124278E-02  -1.14111858E-03 -0.500000000    
          25           3  -2.92502102E-02   6.55299379E-03 -0.500000000    
          25           4  0.307644635       1.47932442E-02 -0.500000000    
          25           5  0.400003552       2.15117931E-02 -0.500000000    
          25           6  0.266492933       2.49935146E-02 -0.500000000    
          25           7  0.172806010       3.20107839E-03 -0.500000000    
          25           8  0.145078719      -2.45981687E-03 -0.500000000    
          25           9  0.238636300       2.96023232E-03 -0.500000000    
          25          10  0.209485441       4.89883218E-03 -0.500000000    
          25          11  0.171405867       1.79175625E-03 -0.500000000    
          25          12  0.104615428      -1.50566427E-02 -0.500000000    
          25          13   9.74946916E-02  -3.86006348E-02 -0.500000000    
          25          14  0.121369429      -6.53520450E-02 -0.500000000    
          25          15  0.167594999      -8.59452933E-02 -0.500000000    
          25          16   3.00026983E-02  -8.75154436E-02 -0.500000000    
          25          17 -0.176456690      -8.70167241E-02 -0.500000000    
          25          18  -4.19888720E-02 -0.100369528     -0.500000000    
          25          19  0.124321871     -0.109367684     -0.500000000    
          25          20  0.118331976      -8.85734186E-02 -0.500000000    
          25          21   8.27403739E-02  -5.21311164E-02 -0.500000000    
          25          22   7.21697882E-02  -2.04853602E-02 -0.500000000    
          25          23  0.110643245      -5.04587032E-03 -0.500000000    
          25          24  0.154089659      -5.44687174E-03 -0.500000000    
          25          25  0.215135425      -1.07769808E-02 -0.500000000    
          25          26  0.136030018      -1.19750127E-02 -0.500000000    
          25          27   8.58491659E-02  -9.46844183E-03 -0.500000000    
          25          28  0.249438405      -1.43797379E-02 -0.500000000    
          25          29  0.435814828      -2.15379335E-02 -0.500000000    
          25          30  0.281157911      -1.11399079E-02 -0.500000000    
          25          31  -3.59057635E-02  -4.90776170E-03 -0.500000000    
          25          32  0.111934833      -4.78169648E-03 -0.500000000    
          25          33  0.464742333      -6.89348252E-03 -0.500000000    
          26           1  0.418549955       5.19145792E-03 -0.500000000    
          26           2   8.51573795E-02   2.06481721E-02 -0.500000000    
          26           3   7.00476468E-02   3.53421979E-02 -0.500000000    
          26           4  0.291457921       3.85254249E-02 -0.500000000    
          26           5  0.281560868       3.39724608E-02 -0.500000000    
          26           6  0.245280877       3.55695225E-02 -0.500000000    
          26           7  0.165236682       1.81094166E-02 -0.500000000    
          26           8   8.37511122E-02   4.51072206E-04 -0.500000000    
          26           9  0.154936582      -5.57540730E-03 -0.500000000    
          26          10  0.102941088      -2.05143052E-03 -0.500000000    
          26          11   3.40562500E-02   6.22816849E-04 -0.500000000    
          26          12   4.55433577E-02  -1.17537417E-02 -0.500000000    
          26          13   7.75866434E-02  -3.26654352E-02 -0.500000000    
          26          14   9.49670896E-02  -5.08012809E-02 -0.500000000    
          26          15  0.145842299      -6.46372959E-02 -0.500000000    
          26          16   3.09126591E-03  -7.32072815E-02 -0.500000000    
          26          17 -0.117762648      -8.04457441E-02 -0.500000000    
          26          18  -6.08246364E-02  -8.56528282E-02 -0.500000000    
          26          19  0.159538150      -8.33677649E-02 -0.500000000    
          26          20  0.138196871      -6.82123601E-02 -0.500000000    
          26          21  0.104766525      -4.32261154E-02 -0.500000000    
          26          22   5.14501557E-02  -1.43977962E-02 -0.500000000    
          26          23   1.80380531E-02  -1.02685578E-03 -0.500000000    
          26          24   7.73722380E-02  -8.89734924E-03 -0.500000000    
          26          25  0.136044621      -1.19734453E-02 -0.500000000    
          26          26   5.54027073E-02  -3.66506004E-03 -0.500000000    
          26          27   4.70520109E-02  -1.66251545E-03 -0.500000000    
          26          28  0.182639033      -1.40691297E-02 -0.500000000    
          26          29  0.290440589      -1.06021697E-02 -0.500000000    
          26          30  0.230271176       3.22586414E-03 -0.500000000    
          26          31  -2.34172102E-02   1.10423146E-02 -0.500000000    
          26          32  0.129746154      -7.19114265E-04 -0.500000000    
          26          33  0.488924980      -8.76062841E-04 -0.500000000    
          27           1  0.407316864      -1.44919856E-02 -0.500000000    
          27           2  0.137729049       5.26181096E-03 -0.500000000    
          27           3  0.148609787       3.31310034E-02 -0.500000000    
          27           4  0.158092499       4.14069779E-02 -0.500000000    
          27           5  0.168643594       3.09848376E-02 -0.500000000    
          27           6   7.72325099E-02   3.22297551E-02 -0.500000000    
          27           7  0.126974821       2.69321650E-02 -0.500000000    
          27           8   4.75296341E-02   1.73668528E-03 -0.500000000    
          27           9   7.83294812E-02  -1.19011477E-02 -0.500000000    
          27          10   8.14407989E-02  -9.21950676E-03 -0.500000000    
          27          11   3.07181142E-02  -4.41934355E-03 -0.500000000    
          27          12   3.26919742E-02  -1.36575792E-02 -0.500000000    
          27          13  0.112358123      -2.70303860E-02 -0.500000000    
          27          14  0.155352965      -4.12170663E-02 -0.500000000    
          27          15   9.43486392E-02  -5.77631928E-02 -0.500000000    
          27          16  -2.52623800E-02  -7.12912679E-02 -0.500000000    
          27          17  -9.50654000E-02  -7.90214837E-02 -0.500000000    
          27          18  -3.97443026E-02  -8.10324848E-02 -0.500000000    
          27          19   9.12854299E-02  -7.29877427E-02 -0.500000000    
          27          20  0.192085966      -5.25509082E-02 -0.500000000    
          27          21  0.163670719      -2.68940069E-02 -0.500000000    
          27          22   7.83428326E-02  -6.89564156E-04 -0.500000000    
          27          23   2.18015946E-02   9.90761537E-03 -0.500000000    
          27          24   6.47678971E-02  -5.42795425E-03 -0.500000000    
          27          25   8.58733132E-02  -9.46577545E-03 -0.500000000    
          27          26   4.70687337E-02  -1.66240055E-03 -0.500000000    
          27          27   4.65817042E-02   5.19298890E-04 -0.500000000    
          27          28   4.78540249E-02  -2.07495559E-02 -0.500000000    
          27          29  0.183464155      -7.90686067E-03 -0.500000000    
          27          30  0.142643929       8.17172043E-03 -0.500000000    
          27          31   8.57757106E-02   1.00496216E-02 -0.500000000    
          27          32  0.150101945      -1.18535301E-02 -0.500000000    
          27          33  0.533816218      -6.10470399E-03 -0.500000000    
          28           1  0.428885013      -2.79686972E-02 -0.500000000    
          28           2  0.239033058      -1.03880595E-02 -0.500000000    
          28           3  0.296430558       1.24285426E-02 -0.500000000    
          28           4  0.177174121       2.09485386E-02 -0.500000000    
          28           5  0.205677330      -7.66309444E-04 -0.500000000    
          28           6  0.169531927      -8.73520225E-03 -0.500000000    
          28           7  0.131966457      -8.57370906E-03 -0.500000000    
          28           8  0.176587164      -3.07589658E-02 -0.500000000    
          28           9  0.208155483      -3.97553705E-02 -0.500000000    
          28          10  0.243853271      -1.91088449E-02 -0.500000000    
          28          11  0.191115215       4.21988312E-03 -0.500000000    
          28          12  0.114475027       5.93196414E-03 -0.500000000    
          28          13  0.106531531      -9.85549111E-03 -0.500000000    
          28          14   6.92382753E-02  -3.68709639E-02 -0.500000000    
          28          15   4.13437709E-02  -6.56731278E-02 -0.500000000    
          28          16   4.17810306E-02  -8.74474123E-02 -0.500000000    
          28          17   1.90983471E-02  -9.75562632E-02 -0.500000000    
          28          18   5.42002320E-02  -9.35359821E-02 -0.500000000    
          28          19   8.79492685E-02  -7.50304088E-02 -0.500000000    
          28          20   7.78411031E-02  -4.18677628E-02 -0.500000000    
          28          21  0.147725791      -6.98082941E-03 -0.500000000    
          28          22  0.162133604       2.18884759E-02 -0.500000000    
          28          23  0.193372115       2.48944256E-02 -0.500000000    
          28          24  0.251939178       5.18212619E-04 -0.500000000    
          28          25  0.249485940      -1.43768741E-02 -0.500000000    
          28          26  0.182698444      -1.40661392E-02 -0.500000000    
          28          27   4.79157455E-02  -2.07457989E-02 -0.500000000    
          28          28   8.77290219E-02  -5.08334115E-02 -0.500000000    
          28          29  0.105622888      -3.01611330E-02 -0.500000000    
          28          30   8.98338258E-02  -1.39091536E-02 -0.500000000    
          28          31  0.173761085      -1.99056454E-02 -0.500000000    
          28          32   8.91274288E-02  -3.49152423E-02 -0.500000000    
          28          33  0.423693061      -2.62545757E-02 -0.500000000    
          29           1  0.574195325      -2.27617379E-02 -0.500000000    
          29           2  0.342655957       3.48734530E-03 -0.500000000    
          29           3  0.323640078       3.20779830E-02 -0.500000000    
          29           4  0.153215364       3.91305313E-02 -0.500000000    
          29           5  0.116905928       1.54082421E-02 -0.500000000    
          29           6  0.118139222       4.68459353E-03 -0.500000000    
          29           7  0.148019746      -9.17582074E-04 -0.500000000    
          29           8  0.198588535      -2.99304929E-02 -0.500000000    
          29           9  0.330191344      -4.94412035E-02 -0.500000000    
          29          10  0.372182488      -3.83191295E-02 -0.500000000    
          29          11  0.288361758      -2.31369492E-02 -0.500000000    
          29          12  0.138557270      -1.28473900E-02 -0.500000000    
          29          13   3.01683117E-02  -1.34690674E-02 -0.500000000    
          29          14   7.27789523E-03  -2.84324139E-02 -0.500000000    
          29          15  -2.03781854E-02  -5.72448075E-02 -0.500000000    
          29          16   7.49103799E-02  -9.03682485E-02 -0.500000000    
          29          17   8.58889446E-02 -0.106107138     -0.500000000    
          29          18   7.18303621E-02  -9.09401104E-02 -0.500000000    
          29          19   1.47951553E-02  -5.56065962E-02 -0.500000000    
          29          20   2.17865817E-02  -2.19515823E-02 -0.500000000    
          29          21   5.89309931E-02  -7.35719595E-03 -0.500000000    
          29          22  0.172270864      -1.82888960E-03 -0.500000000    
          29          23  0.343431443      -7.27898441E-03 -0.500000000    
          29          24  0.450209647      -1.96087938E-02 -0.500000000    
          29          25  0.435825318      -2.15355121E-02 -0.500000000    
          29          26  0.290504038      -1.05971042E-02 -0.500000000    
          29          27  0.183579132      -7.90016353E-03 -0.500000000    
          29          28  0.105707794      -3.01566515E-02 -0.500000000    
          29          29   4.23045158E-02  -1.49330413E-02 -0.500000000    
          29          30   9.77200642E-02  -1.21145705E-02 -0.500000000    
          29          31  0.246491790      -1.55955171E-02 -0.500000000    
          29          32   8.51151571E-02  -2.47640479E-02 -0.500000000    
          29          33  0.231996074      -2.06361804E-02 -0.500000000    
          30           1  0.612469018      -2.16674916E-02 -0.500000000    
          30           2  0.507922411       3.08432290E-03 -0.500000000    
          30           3  0.488978803       3.25548984E-02 -0.500000000    
          30           4  0.248177096       5.45024797E-02 -0.500000000    
          30           5  0.167994246       3.44406664E-02 -0.500000000    
          30           6   7.92060643E-02   2.26464085E-02 -0.500000000    
          30           7   7.33783320E-02   1.68972947E-02 -0.500000000    
          30           8  0.155239001      -1.00158332E-02 -0.500000000    
          30           9  0.237092525      -3.12810577E-02 -0.500000000    
          30          10  0.236299157      -3.19799036E-02 -0.500000000    
          30          11  0.138786122      -3.22763585E-02 -0.500000000    
          30          12   7.04943910E-02  -3.96808237E-02 -0.500000000    
          30          13   7.63356239E-02  -3.72244790E-02 -0.500000000    
          30          14   6.82066474E-03  -4.43342589E-02 -0.500000000    
          30          15  -3.46859843E-02  -6.09264411E-02 -0.500000000    
          30          16   6.37781993E-02  -7.81124011E-02 -0.500000000    
          30          17  0.132052392      -8.25909227E-02 -0.500000000    
          30          18   6.89734519E-02  -7.40457401E-02 -0.500000000    
          30          19  -2.38092653E-02  -5.23319393E-02 -0.500000000    
          30          20   1.21233501E-02  -3.47701050E-02 -0.500000000    
          30          21   8.47174898E-02  -3.12842876E-02 -0.500000000    
          30          22   8.83604884E-02  -3.29768993E-02 -0.500000000    
          30          23  0.137557343      -2.37677991E-02 -0.500000000    
          30          24  0.230920345      -2.02341191E-02 -0.500000000    
          30          25  0.281117380      -1.11409379E-02 -0.500000000    
          30          26  0.230287239       3.23079899E-03 -0.500000000    
          30          27  0.142732680       8.18161294E-03 -0.500000000    
          30          28   8.99785906E-02  -1.38978930E-02 -0.500000000    
          30          29   9.77865160E-02  -1.21050458E-02 -0.500000000    
          30          30  0.290641010      -9.68380924E-03 -0.500000000    
          30          31  0.405551314       2.81973276E-04 -0.500000000    
          30          32  0.232642367      -1.81744378E-02 -0.500000000    
          30          33  0.181067839      -4.05895002E-02 -0.500000000    
          31           1  0.379300088      -3.64035591E-02 -0.500000000    
          31           2  0.249312222      -1.36360331E-02 -0.500000000    
          31           3  0.342828780       2.03526597E-02 -0.500000000    
          31           4  0.386097431       3.97724174E-02 -0.500000000    
          31           5  0.294056952       3.25678922E-02 -0.500000000    
          31           6  0.246756583       2.18818188E-02 -0.500000000    
          31           7  0.167455912       3.14539075E-02 -0.500000000    
          31           8   8.85906518E-02   1.46340830E-02 -0.500000000    
          31           9   4.39089946E-02  -7.83074182E-03 -0.500000000    
          31          10   9.81135666E-03  -2.38257460E-02 -0.500000000    
          31          11   2.76250439E-03  -3.74840461E-02 -0.500000000    
          31          12   9.69242379E-02  -4.71973345E-02 -0.500000000    
          31          13  0.136558592      -5.14777116E-02 -0.500000000    
          31          14   4.18873020E-02  -5.93027398E-02 -0.500000000    
          31          15  -7.25171939E-02  -6.79465234E-02 -0.500000000    
          31          16  -1.78885311E-02  -7.94043839E-02 -0.500000000    
          31          17  0.108652711      -8.85169879E-02 -0.500000000    
          31          18   4.73830383E-03  -7.58388415E-02 -0.500000000    
          31          19  -9.08784196E-02  -5.83241060E-02 -0.500000000    
          31          20  -5.26425019E-02  -5.55189773E-02 -0.500000000    
          31          21   3.57302576E-02  -5.73648475E-02 -0.500000000    
          31          22   8.29878226E-02  -4.96850498E-02 -0.500000000    
          31          23   3.51170450E-02  -3.60228382E-02 -0.500000000    
          31          24  -9.96311661E-03  -2.11484451E-02 -0.500000000    
          31          25  -3.59417126E-02  -4.90710977E-03 -0.500000000    
          31          26  -2.34642755E-02   1.10486820E-02 -0.500000000    
          31          27   8.58086199E-02   1.00646764E-02 -0.500000000    
          31          28  0.173902139      -1.98844075E-02 -0.500000000    
          31          29  0.246553600      -1.55765815E-02 -0.500000000    
          31          30  0.405416757       2.81803194E-04 -0.500000000    
          31          31  0.595447719       2.49193260E-03 -0.500000000    
          31          32  0.646383882      -1.86461154E-02 -0.500000000    
          31          33  0.796389639      -5.22356778E-02 -0.500000000    
          32           1   1.94039512E-02  -7.41481781E-02 -0.500000000    
          32           2  -8.53373408E-02  -4.91961911E-02 -0.500000000    
          32           3   7.68720508E-02   2.25913408E-03 -0.500000000    
          32           4  0.423332751       3.12707014E-02 -0.500000000    
          32           5  0.375292093       2.62362920E-02 -0.500000000    
          32           6  0.311343044       8.19544867E-03 -0.500000000    
          32           7  0.283660054       1.32453358E-02 -0.500000000    
          32           8  0.189026028       2.74008978E-03 -0.500000000    
          32           9   8.93494487E-02  -1.16616460E-02 -0.500000000    
          32          10   1.43144419E-02  -2.27330606E-02 -0.500000000    
          32          11  -5.84495962E-02  -3.13754268E-02 -0.500000000    
          32          12  -5.15524596E-02  -3.23668011E-02 -0.500000000    
          32          13   3.27147134E-02  -3.99152003E-02 -0.500000000    
          32          14   9.55260247E-02  -6.62517101E-02 -0.500000000    
          32          15   4.89965156E-02  -9.54270214E-02 -0.500000000    
          32          16  -3.59886736E-02 -0.113141835     -0.500000000    
          32          17  -7.06017166E-02 -0.116637699     -0.500000000    
          32          18  -7.34438598E-02 -0.107996017     -0.500000000    
          32          19  -5.60430139E-02  -9.27975103E-02 -0.500000000    
          32          20   9.27064288E-03  -7.76221305E-02 -0.500000000    
          32          21  -2.47516427E-02  -6.41739219E-02 -0.500000000    
          32          22  -7.72091076E-02  -5.13885096E-02 -0.500000000    
          32          23  -3.55898030E-02  -3.27237621E-02 -0.500000000    
          32          24   4.70906906E-02  -1.38498833E-02 -0.500000000    
          32          25  0.111996360      -4.77545522E-03 -0.500000000    
          32          26  0.129882708      -7.08474487E-04 -0.500000000    
          32          27  0.150315106      -1.18356552E-02 -0.500000000    
          32          28   8.94140452E-02  -3.48839536E-02 -0.500000000    
          32          29   8.53306875E-02  -2.47219577E-02 -0.500000000    
          32          30  0.232191205      -1.81725565E-02 -0.500000000    
          32          31  0.646209896      -1.86679568E-02 -0.500000000    
          32          32  0.712002635      -2.37056650E-02 -0.500000000    
          32          33  0.929936767      -5.91046624E-02 -0.500000000    
          33           1  0.252925515     -0.108317785     -0.500000000    
          33           2  -5.09200338E-03  -8.48394409E-02 -0.500000000    
          33           3  -5.08980006E-02  -2.62736119E-02 -0.500000000    
          33           4  0.362777114       1.36787146E-02 -0.500000000    
          33           5  0.445471376       4.03340114E-03 -0.500000000    
          33           6  0.499385297      -1.92411281E-02 -0.500000000    
          33           7  0.592744827      -1.26473010E-02 -0.500000000    
          33           8  0.527181327      -1.98165998E-02 -0.500000000    
          33           9  0.409036696      -2.80175041E-02 -0.500000000    
          33          10  0.252039671      -3.08878589E-02 -0.500000000    
          33          11  0.107779242      -2.77798995E-02 -0.500000000    
          33          12   4.03189436E-02  -1.92730892E-02 -0.500000000    
          33          13  -1.83855202E-02  -2.31388230E-02 -0.500000000    
          33          14  -9.78471786E-02  -5.72515093E-02 -0.500000000    
          33          15 -0.104587428     -0.112092718     -0.500000000    
          33          16   9.45019908E-03 -0.153136611     -0.500000000    
          33          17   2.91479882E-02 -0.165060863     -0.500000000    
          33          18  -3.52528617E-02 -0.153878644     -0.500000000    
          33          19 -0.118276127     -0.122964092     -0.500000000    
          33          20 -0.141428724      -8.17798004E-02 -0.500000000    
          33          21 -0.119106382      -5.52848168E-02 -0.500000000    
          33          22  -5.07381521E-02  -4.27167751E-02 -0.500000000    
          33          23  0.102693938      -2.84779444E-02 -0.500000000    
          33          24  0.315284163      -1.30375065E-02 -0.500000000    
          33          25  0.464796782      -6.88892137E-03 -0.500000000    
          33          26  0.489079237      -8.66809220E-04 -0.500000000    
          33          27  0.534055412      -6.09021820E-03 -0.500000000    
          33          28  0.424067348      -2.62238104E-02 -0.500000000    
          33          29  0.232584819      -2.05664057E-02 -0.500000000    
          33          30  0.180377111      -4.05564718E-02 -0.500000000    
          33          31  0.795892954      -5.22768013E-02 -0.500000000    
          33          32  0.929816425      -5.91335818E-02 -0.500000000    
          33          33   1.07760489     -0.102213681     -0.500000000    
