           1           1  0.718965411      0.124538146     -0.500000000    
           1           2  0.522347331      0.129509643     -0.500000000    
           1           3  0.167083457      0.135116518     -0.500000000    
           1           4   9.42912847E-02  0.133976519     -0.500000000    
           1           5  -2.10394803E-02  0.123268731     -0.500000000    
           1           6   9.98954196E-03  0.101662017     -0.500000000    
           1           7   1.23062963E-02   5.70742786E-02 -0.500000000    
           1           8  -7.00398982E-02   7.07037449E-02 -0.500000000    
           1           9  -7.43716583E-02   8.01447481E-02 -0.500000000    
           1          10  -5.10005886E-03   7.65321180E-02 -0.500000000    
           1          11  0.130656824       6.93608895E-02 -0.500000000    
           1          12  0.247840315       4.67332192E-02 -0.500000000    
           1          13  0.283779234       2.75923833E-02 -0.500000000    
           1          14  0.280546665       1.28041143E-02 -0.500000000    
           1          15  0.232720897      -1.10097136E-02 -0.500000000    
           1          16  0.163147748      -4.20343503E-02 -0.500000000    
           1          17  0.139655963      -6.82548285E-02 -0.500000000    
           1          18  0.122727849      -7.03887641E-02 -0.500000000    
           1          19  0.123000294      -5.19159101E-02 -0.500000000    
           1          20   6.80495203E-02  -2.95773707E-02 -0.500000000    
           1          21  -1.99526409E-03  -9.80055612E-03 -0.500000000    
           1          22  -2.60118954E-02   1.68679971E-02 -0.500000000    
           1          23 -0.125572518       4.23034467E-02 -0.500000000    
           1          24 -0.153627515       7.47838691E-02 -0.500000000    
           1          25  -2.99191009E-02   9.33040380E-02 -0.500000000    
           1          26  -3.14674228E-02   6.97799623E-02 -0.500000000    
           1          27  0.113772154       7.81776533E-02 -0.500000000    
           1          28  0.344805062       7.63131380E-02 -0.500000000    
           1          29  0.492946029       8.93263146E-02 -0.500000000    
           1          30  0.332224309       9.40540582E-02 -0.500000000    
           1          31  0.178113148       9.33263600E-02 -0.500000000    
           1          32  0.176043272       9.62469503E-02 -0.500000000    
           1          33  0.155842498       9.37943682E-02 -0.500000000    
           2           1  0.522460401      0.129535303     -0.500000000    
           2           2  0.404180199      0.138108879     -0.500000000    
           2           3  0.106357053      0.134262875     -0.500000000    
           2           4   4.21372894E-03  0.121156439     -0.500000000    
           2           5  -8.14916566E-02  0.105934575     -0.500000000    
           2           6  -3.88490818E-02   7.81273097E-02 -0.500000000    
           2           7   7.72002786E-02   3.64895910E-02 -0.500000000    
           2           8  0.120612018       5.89969419E-02 -0.500000000    
           2           9  0.194333911       7.38902390E-02 -0.500000000    
           2          10  0.309427589       7.12464377E-02 -0.500000000    
           2          11  0.364455253       5.62672801E-02 -0.500000000    
           2          12  0.334532022       2.85487771E-02 -0.500000000    
           2          13  0.246348932       5.63507807E-03 -0.500000000    
           2          14   7.67770410E-02  -1.20975375E-02 -0.500000000    
           2          15   9.85712260E-02  -3.39780971E-02 -0.500000000    
           2          16  0.217293754      -6.28159717E-02 -0.500000000    
           2          17  0.234850764      -8.18876624E-02 -0.500000000    
           2          18  0.211990759      -8.13033581E-02 -0.500000000    
           2          19  0.100664318      -6.54617548E-02 -0.500000000    
           2          20  -6.83428869E-02  -4.62999716E-02 -0.500000000    
           2          21  -4.08734642E-02  -2.65241824E-02 -0.500000000    
           2          22   7.21980119E-04  -1.72494433E-03 -0.500000000    
           2          23   9.76754725E-02   3.21453102E-02 -0.500000000    
           2          24  0.197449416       7.09516779E-02 -0.500000000    
           2          25  0.212628156       9.14432555E-02 -0.500000000    
           2          26  0.170972198       7.12114275E-02 -0.500000000    
           2          27  0.149470001       7.98520595E-02 -0.500000000    
           2          28  0.255292535       8.23004767E-02 -0.500000000    
           2          29  0.406262398       9.37701613E-02 -0.500000000    
           2          30  0.216742888      0.100329876     -0.500000000    
           2          31  0.123365805      0.114634447     -0.500000000    
           2          32  0.215921000      0.135531664     -0.500000000    
           2          33  0.314403027      0.146373183     -0.500000000    
           3           1  0.167136401      0.135137856     -0.500000000    
           3           2  0.106382795      0.134271652     -0.500000000    
           3           3   8.85090902E-02  0.119898364     -0.500000000    
           3           4   2.95827836E-02   9.89145860E-02 -0.500000000    
           3           5  -6.14213757E-02   7.83768669E-02 -0.500000000    
           3           6   1.67073142E-02   4.11743447E-02 -0.500000000    
           3           7   7.98635110E-02   8.31788033E-03 -0.500000000    
           3           8   6.80838749E-02   3.69871631E-02 -0.500000000    
           3           9  0.164571911       5.67988455E-02 -0.500000000    
           3          10  0.307659209       4.96326275E-02 -0.500000000    
           3          11  0.331872255       2.59591788E-02 -0.500000000    
           3          12  0.211252451       7.46326754E-04 -0.500000000    
           3          13   8.13432336E-02  -2.61957906E-02 -0.500000000    
           3          14  0.131988391      -4.82643545E-02 -0.500000000    
           3          15  0.230918616      -6.54712990E-02 -0.500000000    
           3          16  0.136170805      -7.74816498E-02 -0.500000000    
           3          17   6.50785044E-02  -8.41881484E-02 -0.500000000    
           3          18   9.08791125E-02  -8.88829157E-02 -0.500000000    
           3          19  0.167995304      -8.80896226E-02 -0.500000000    
           3          20   7.26614520E-02  -7.36865252E-02 -0.500000000    
           3          21  -8.48333538E-02  -5.36243618E-02 -0.500000000    
           3          22  -1.05722062E-02  -2.67763976E-02 -0.500000000    
           3          23  0.191450551       1.10781342E-02 -0.500000000    
           3          24  0.316064328       5.90996817E-02 -0.500000000    
           3          25  0.224185109       8.30191895E-02 -0.500000000    
           3          26   9.93790105E-02   6.03008308E-02 -0.500000000    
           3          27  0.103272833       6.54132664E-02 -0.500000000    
           3          28  0.173511997       7.37473741E-02 -0.500000000    
           3          29  0.380035102       8.85422826E-02 -0.500000000    
           3          30  0.293561280       9.71469060E-02 -0.500000000    
           3          31  0.183649734      0.123604529     -0.500000000    
           3          32  0.185378313      0.154718071     -0.500000000    
           3          33  0.267555118      0.172945663     -0.500000000    
           4           1   9.43794549E-02  0.133993059     -0.500000000    
           4           2   4.30408539E-03  0.121166378     -0.500000000    
           4           3   2.95977835E-02   9.89191234E-02 -0.500000000    
           4           4   3.83241326E-02   6.97350055E-02 -0.500000000    
           4           5  0.126206785       3.49331610E-02 -0.500000000    
           4           6   7.12561235E-02   5.58308465E-03 -0.500000000    
           4           7   4.61331755E-02  -1.03144543E-02 -0.500000000    
           4           8   3.22048292E-02   2.42171716E-02 -0.500000000    
           4           9   2.28325278E-02   3.57698649E-02 -0.500000000    
           4          10   5.77129051E-02   1.94377676E-02 -0.500000000    
           4          11  0.136725023      -1.26818102E-03 -0.500000000    
           4          12  0.177463785      -1.86325386E-02 -0.500000000    
           4          13  0.178817853      -3.74043733E-02 -0.500000000    
           4          14  0.109958619      -5.63499890E-02 -0.500000000    
           4          15   7.15968236E-02  -6.55733943E-02 -0.500000000    
           4          16   3.36572081E-02  -7.66968876E-02 -0.500000000    
           4          17   2.93589644E-02  -8.96639675E-02 -0.500000000    
           4          18   5.61774783E-02  -9.32723656E-02 -0.500000000    
           4          19   2.48579085E-02  -8.98576677E-02 -0.500000000    
           4          20   3.18079069E-03  -7.97585845E-02 -0.500000000    
           4          21   5.30148000E-02  -5.69913797E-02 -0.500000000    
           4          22  0.117156155      -3.51597443E-02 -0.500000000    
           4          23  0.185861200      -2.42758705E-03 -0.500000000    
           4          24  0.215609357       4.18595970E-02 -0.500000000    
           4          25  0.158895209       7.22010732E-02 -0.500000000    
           4          26  0.109536693       5.22853732E-02 -0.500000000    
           4          27  0.100756474       4.78706732E-02 -0.500000000    
           4          28  0.151656240       5.88176250E-02 -0.500000000    
           4          29  0.429197818       6.21432438E-02 -0.500000000    
           4          30  0.380611151       7.57989883E-02 -0.500000000    
           4          31  0.298734039      0.105068818     -0.500000000    
           4          32  0.327594221      0.137693539     -0.500000000    
           4          33  0.453023314      0.165131539     -0.500000000    
           5           1  -2.09331010E-02  0.123289138     -0.500000000    
           5           2  -8.14034343E-02  0.105951220     -0.500000000    
           5           3  -6.14358485E-02   7.83907697E-02 -0.500000000    
           5           4  0.126181453       3.49417701E-02 -0.500000000    
           5           5  0.144071981       8.91912822E-03 -0.500000000    
           5           6   5.82911111E-02   3.27488757E-03 -0.500000000    
           5           7   9.16664898E-02  -1.61000818E-03 -0.500000000    
           5           8  -4.54450138E-02   3.10265236E-02 -0.500000000    
           5           9 -0.119271681       3.75918448E-02 -0.500000000    
           5          10 -0.153695360       1.95331965E-02 -0.500000000    
           5          11  -9.38004106E-02  -1.07962021E-03 -0.500000000    
           5          12  -6.12225570E-03  -1.13696177E-02 -0.500000000    
           5          13   7.76149184E-02  -2.59453673E-02 -0.500000000    
           5          14  0.118033849      -4.23150808E-02 -0.500000000    
           5          15   4.47475687E-02  -5.42484000E-02 -0.500000000    
           5          16   7.00504240E-03  -6.04863912E-02 -0.500000000    
           5          17   2.31205206E-03  -6.42739087E-02 -0.500000000    
           5          18  -6.00788835E-03  -7.19995499E-02 -0.500000000    
           5          19   3.11713871E-02  -7.36758038E-02 -0.500000000    
           5          20  0.126854926      -6.12773187E-02 -0.500000000    
           5          21   6.95790499E-02  -4.00412492E-02 -0.500000000    
           5          22   4.46188524E-02  -1.93892326E-02 -0.500000000    
           5          23   8.50330442E-02   9.22522414E-03 -0.500000000    
           5          24   9.53214988E-02   4.92995195E-02 -0.500000000    
           5          25   8.02024826E-02   7.54024610E-02 -0.500000000    
           5          26  0.109355800       5.30221760E-02 -0.500000000    
           5          27  0.212134868       4.15739380E-02 -0.500000000    
           5          28  0.145682439       5.31495512E-02 -0.500000000    
           5          29  0.305145711       5.50737642E-02 -0.500000000    
           5          30  0.409843802       4.85699624E-02 -0.500000000    
           5          31  0.419105202       8.27652514E-02 -0.500000000    
           5          32  0.472352415      0.115087345     -0.500000000    
           5          33  0.547379315      0.144005984     -0.500000000    
           6           1   1.01401899E-02  0.101682238     -0.500000000    
           6           2  -3.87189649E-02   7.81417266E-02 -0.500000000    
           6           3   1.67235900E-02   4.11822945E-02 -0.500000000    
           6           4   7.12626651E-02   5.58830099E-03 -0.500000000    
           6           5   5.82885742E-02   3.27921775E-03 -0.500000000    
           6           6  0.158382595       1.07863536E-02 -0.500000000    
           6           7  0.149400458       2.42820214E-02 -0.500000000    
           6           8   5.45058772E-02   6.28979579E-02 -0.500000000    
           6           9   2.38999836E-02   6.80698082E-02 -0.500000000    
           6          10  -6.33334592E-02   4.74763997E-02 -0.500000000    
           6          11  -5.52790910E-02   2.67057680E-02 -0.500000000    
           6          12  -2.83906590E-02   1.60544068E-02 -0.500000000    
           6          13   8.33029300E-03  -2.01296527E-03 -0.500000000    
           6          14   2.79981215E-02  -2.15454623E-02 -0.500000000    
           6          15   2.83751860E-02  -3.58644612E-02 -0.500000000    
           6          16   7.24573582E-02  -4.84611057E-02 -0.500000000    
           6          17   8.46381709E-02  -5.61107136E-02 -0.500000000    
           6          18   5.34850061E-02  -5.14557585E-02 -0.500000000    
           6          19   3.75946313E-02  -4.25843000E-02 -0.500000000    
           6          20   5.08867465E-02  -3.03286090E-02 -0.500000000    
           6          21   7.81818628E-02  -1.44368485E-02 -0.500000000    
           6          22   7.86016211E-02   2.72851158E-03 -0.500000000    
           6          23  0.100368075       3.08664367E-02 -0.500000000    
           6          24   9.47861075E-02   7.65637979E-02 -0.500000000    
           6          25  0.111762300      0.106919393     -0.500000000    
           6          26  0.144361496       8.43590945E-02 -0.500000000    
           6          27  0.252447903       5.73245324E-02 -0.500000000    
           6          28  0.178138003       4.97588553E-02 -0.500000000    
           6          29  0.134896055       4.37246151E-02 -0.500000000    
           6          30  0.185219601       3.20316963E-02 -0.500000000    
           6          31  0.264092505       5.97655475E-02 -0.500000000    
           6          32  0.348388135       8.99224356E-02 -0.500000000    
           6          33  0.426884741      0.116921999     -0.500000000    
           7           1   1.24426177E-02   5.70768490E-02 -0.500000000    
           7           2   7.72995427E-02   3.64888832E-02 -0.500000000    
           7           3   7.98555464E-02   8.31484981E-03 -0.500000000    
           7           4   4.61091064E-02  -1.03130136E-02 -0.500000000    
           7           5   9.16482955E-02  -1.60591840E-03 -0.500000000    
           7           6  0.149391577       2.42840201E-02 -0.500000000    
           7           7  0.206417248       6.11286685E-02 -0.500000000    
           7           8  0.128666028      0.103616945     -0.500000000    
           7           9   8.97548646E-02  0.107320711     -0.500000000    
           7          10   5.10273352E-02   8.63201916E-02 -0.500000000    
           7          11   7.43563250E-02   6.52151033E-02 -0.500000000    
           7          12   2.44046561E-02   4.26769815E-02 -0.500000000    
           7          13  -2.05095438E-03   6.24136813E-03 -0.500000000    
           7          14   2.59212311E-02  -2.86339950E-02 -0.500000000    
           7          15   5.14564551E-02  -3.97565663E-02 -0.500000000    
           7          16  0.189333618      -3.12324371E-02 -0.500000000    
           7          17  0.244609013      -2.18601394E-02 -0.500000000    
           7          18  0.196006119      -2.72111297E-02 -0.500000000    
           7          19   4.62418236E-02  -3.77245881E-02 -0.500000000    
           7          20   3.11353318E-02  -3.15591693E-02 -0.500000000    
           7          21   6.76568151E-02  -1.96972257E-03 -0.500000000    
           7          22  0.109357238       3.24548334E-02 -0.500000000    
           7          23  0.156280205       6.97695091E-02 -0.500000000    
           7          24  0.116688363      0.112904623     -0.500000000    
           7          25   9.26915631E-02  0.143098131     -0.500000000    
           7          26  0.149564981      0.118367732     -0.500000000    
           7          27  0.238651156       7.75334165E-02 -0.500000000    
           7          28   7.89621174E-02   5.00192717E-02 -0.500000000    
           7          29  0.130040437       2.32762229E-02 -0.500000000    
           7          30  0.144215882       1.07564777E-02 -0.500000000    
           7          31  0.191198379       3.38053815E-02 -0.500000000    
           7          32  0.205204919       5.99200390E-02 -0.500000000    
           7          33   5.46814688E-02   8.73606652E-02 -0.500000000    
           8           1  -7.00252131E-02   7.06945285E-02 -0.500000000    
           8           2  0.120622650       5.89881465E-02 -0.500000000    
           8           3   6.80630058E-02   3.69777344E-02 -0.500000000    
           8           4   3.21768112E-02   2.42115445E-02 -0.500000000    
           8           5  -4.54573333E-02   3.10254097E-02 -0.500000000    
           8           6   5.45032471E-02   6.28976002E-02 -0.500000000    
           8           7  0.128674597      0.103616253     -0.500000000    
           8           8   4.57059667E-02  0.132851571     -0.500000000    
           8           9   4.60899584E-02  0.113336727     -0.500000000    
           8          10   9.52245221E-02   8.09546337E-02 -0.500000000    
           8          11  0.144460708       5.12494631E-02 -0.500000000    
           8          12   9.07618329E-02   2.16368306E-02 -0.500000000    
           8          13   2.33097225E-02  -9.15062148E-03 -0.500000000    
           8          14  -2.56535900E-03  -2.41698269E-02 -0.500000000    
           8          15   4.84093651E-02  -1.47504313E-02 -0.500000000    
           8          16  0.231679410      -2.71107862E-03 -0.500000000    
           8          17  0.399896622       6.38344791E-04 -0.500000000    
           8          18  0.254841566       3.04400432E-03 -0.500000000    
           8          19   6.58996403E-02  -5.01252571E-03 -0.500000000    
           8          20   1.51820655E-03  -1.49510214E-02 -0.500000000    
           8          21   8.32542330E-02  -6.16947049E-03 -0.500000000    
           8          22  0.175365359       1.78502444E-02 -0.500000000    
           8          23  0.253779650       5.39400168E-02 -0.500000000    
           8          24  0.209008217       9.91776064E-02 -0.500000000    
           8          25   9.78054851E-02  0.141590506     -0.500000000    
           8          26  0.117528394      0.138624698     -0.500000000    
           8          27  0.199399427       9.62527618E-02 -0.500000000    
           8          28  -1.84554141E-02   6.80225715E-02 -0.500000000    
           8          29  -4.98956628E-03   2.91007049E-02 -0.500000000    
           8          30   7.05384687E-02   2.29241345E-02 -0.500000000    
           8          31  0.178812504       3.81564200E-02 -0.500000000    
           8          32  0.254806787       6.32227808E-02 -0.500000000    
           8          33  -8.04174617E-02   8.90347660E-02 -0.500000000    
           9           1  -7.43820220E-02   8.01352710E-02 -0.500000000    
           9           2  0.194330141       7.38822967E-02 -0.500000000    
           9           3  0.164593548       5.67885637E-02 -0.500000000    
           9           4   2.28215139E-02   3.57610732E-02 -0.500000000    
           9           5 -0.119286597       3.75885330E-02 -0.500000000    
           9           6   2.39023156E-02   6.80695623E-02 -0.500000000    
           9           7   8.97728205E-02  0.107321069     -0.500000000    
           9           8   4.61056381E-02  0.113336749     -0.500000000    
           9           9   9.56854448E-02   7.24104121E-02 -0.500000000    
           9          10  0.115012616       4.41284962E-02 -0.500000000    
           9          11   8.02795961E-02   2.30527576E-02 -0.500000000    
           9          12   2.19315365E-02   4.49608685E-03 -0.500000000    
           9          13   2.50348076E-02  -1.09730205E-02 -0.500000000    
           9          14  -2.94776703E-03  -1.75455883E-02 -0.500000000    
           9          15   1.71734430E-02  -9.27410554E-03 -0.500000000    
           9          16  0.261969805       1.00254053E-02 -0.500000000    
           9          17  0.436552703       2.22267937E-02 -0.500000000    
           9          18  0.324415475       2.13287398E-02 -0.500000000    
           9          19   9.20410752E-02   8.23932514E-03 -0.500000000    
           9          20   3.46609391E-02  -2.22834339E-03 -0.500000000    
           9          21  0.138673201      -3.53408675E-03 -0.500000000    
           9          22  0.167162314       4.43371199E-03 -0.500000000    
           9          23  0.211655438       2.27354616E-02 -0.500000000    
           9          24  0.209398419       5.04385307E-02 -0.500000000    
           9          25  0.114128537       8.77326578E-02 -0.500000000    
           9          26   9.72627401E-02  0.111169308     -0.500000000    
           9          27  0.145140395       8.06728676E-02 -0.500000000    
           9          28  -2.18362100E-02   5.85294887E-02 -0.500000000    
           9          29  -5.71203455E-02   1.78986713E-02 -0.500000000    
           9          30   4.11118045E-02   1.87582560E-02 -0.500000000    
           9          31  0.291191310       3.67264822E-02 -0.500000000    
           9          32  0.253518760       6.75261542E-02 -0.500000000    
           9          33  -8.36514384E-02   9.49092433E-02 -0.500000000    
          10           1  -5.05542289E-03   7.65215605E-02 -0.500000000    
          10           2  0.309470087       7.12365508E-02 -0.500000000    
          10           3  0.307708859       4.96228486E-02 -0.500000000    
          10           4   5.77413030E-02   1.94292236E-02 -0.500000000    
          10           5 -0.153691456       1.95280407E-02 -0.500000000    
          10           6  -6.33265525E-02   4.74737696E-02 -0.500000000    
          10           7   5.10597602E-02   8.63178819E-02 -0.500000000    
          10           8   9.52686593E-02   8.09523389E-02 -0.500000000    
          10           9  0.115039259       4.41273749E-02 -0.500000000    
          10          10   3.46433856E-02   2.78739817E-02 -0.500000000    
          10          11  -7.67726125E-03   1.35078458E-02 -0.500000000    
          10          12   4.84633213E-03  -3.13862134E-03 -0.500000000    
          10          13   2.08220091E-02  -2.42114831E-02 -0.500000000    
          10          14  -1.42885782E-02  -3.86225097E-02 -0.500000000    
          10          15  0.120465115      -1.63108073E-02 -0.500000000    
          10          16  0.314020455       2.04825718E-02 -0.500000000    
          10          17  0.334661901       3.83564495E-02 -0.500000000    
          10          18  0.315485865       3.35430764E-02 -0.500000000    
          10          19  0.220312536       4.55497531E-03 -0.500000000    
          10          20   9.10720304E-02  -2.00623814E-02 -0.500000000    
          10          21  0.121482164      -1.86077319E-02 -0.500000000    
          10          22   9.05841589E-02  -7.15123070E-03 -0.500000000    
          10          23   6.39180839E-02   6.66515902E-03 -0.500000000    
          10          24   7.60847554E-02   2.08846740E-02 -0.500000000    
          10          25   9.22810212E-02   4.47996818E-02 -0.500000000    
          10          26  0.103959039       7.46179670E-02 -0.500000000    
          10          27   6.78589493E-02   5.09500802E-02 -0.500000000    
          10          28  -7.41737857E-02   2.46380977E-02 -0.500000000    
          10          29  -9.20349360E-02  -8.77776556E-03 -0.500000000    
          10          30   9.37123373E-02  -6.04767725E-03 -0.500000000    
          10          31  0.432763278       2.05238592E-02 -0.500000000    
          10          32  0.248789474       5.92699982E-02 -0.500000000    
          10          33  -5.87391155E-03   8.70028436E-02 -0.500000000    
          11           1  0.130706117       6.93465546E-02 -0.500000000    
          11           2  0.364511043       5.62544577E-02 -0.500000000    
          11           3  0.331905961       2.59503350E-02 -0.500000000    
          11           4  0.136794880      -1.27444323E-03 -0.500000000    
          11           5  -9.37675014E-02  -1.08774251E-03 -0.500000000    
          11           6  -5.52907586E-02   2.66983807E-02 -0.500000000    
          11           7   7.43663386E-02   6.52073771E-02 -0.500000000    
          11           8  0.144493237       5.12437522E-02 -0.500000000    
          11           9   8.03020820E-02   2.30505057E-02 -0.500000000    
          11          10  -7.66071398E-03   1.35073047E-02 -0.500000000    
          11          11  -3.51285934E-02   1.32864306E-03 -0.500000000    
          11          12  -3.10676862E-02  -2.07377300E-02 -0.500000000    
          11          13  -1.24599710E-02  -5.07970601E-02 -0.500000000    
          11          14  -3.39238136E-03  -5.20439446E-02 -0.500000000    
          11          15  0.114542089      -1.75949167E-02 -0.500000000    
          11          16  0.198622778       2.43904870E-02 -0.500000000    
          11          17  0.325231165       5.72734736E-02 -0.500000000    
          11          18  0.236806184       4.05796729E-02 -0.500000000    
          11          19  0.159327522       1.16056320E-03 -0.500000000    
          11          20   8.04281831E-02  -3.50604765E-02 -0.500000000    
          11          21   7.48278648E-02  -4.90028746E-02 -0.500000000    
          11          22   2.22420339E-02  -2.71328557E-02 -0.500000000    
          11          23  -3.37071382E-02  -6.96444605E-03 -0.500000000    
          11          24  -1.91025808E-02   1.72732025E-03 -0.500000000    
          11          25   6.25084192E-02   1.45170670E-02 -0.500000000    
          11          26  0.126838088       4.29479107E-02 -0.500000000    
          11          27   8.19739476E-02   3.30279358E-02 -0.500000000    
          11          28  -6.18804200E-03  -6.12340122E-03 -0.500000000    
          11          29  -1.67588610E-02  -3.12108882E-02 -0.500000000    
          11          30  0.198065698      -2.68410556E-02 -0.500000000    
          11          31  0.444958746       8.79119034E-04 -0.500000000    
          11          32  0.318300635       4.27086204E-02 -0.500000000    
          11          33   9.14398581E-02   6.93125725E-02 -0.500000000    
          12           1  0.247848988       4.67178524E-02 -0.500000000    
          12           2  0.334563971       2.85365023E-02 -0.500000000    
          12           3  0.211269870       7.40739575E-04 -0.500000000    
          12           4  0.177490965      -1.86371505E-02 -0.500000000    
          12           5  -6.10301550E-03  -1.13795120E-02 -0.500000000    
          12           6  -2.84177661E-02   1.60424095E-02 -0.500000000    
          12           7   2.43958551E-02   4.26639430E-02 -0.500000000    
          12           8   9.07692537E-02   2.16267947E-02 -0.500000000    
          12           9   2.19416432E-02   4.49010963E-03 -0.500000000    
          12          10   4.87595797E-03  -3.14181112E-03 -0.500000000    
          12          11  -3.10421847E-02  -2.07396466E-02 -0.500000000    
          12          12  -5.07204980E-02  -4.94482778E-02 -0.500000000    
          12          13  -7.82127678E-03  -6.14987724E-02 -0.500000000    
          12          14  -3.05530429E-02  -5.50508127E-02 -0.500000000    
          12          15   4.57111001E-02  -2.34681070E-02 -0.500000000    
          12          16  0.203462020       1.94347668E-02 -0.500000000    
          12          17  0.260947436       3.97435352E-02 -0.500000000    
          12          18  0.279449642       3.13811451E-02 -0.500000000    
          12          19   9.02077854E-02  -6.98549300E-03 -0.500000000    
          12          20  -6.29021786E-04  -4.19571139E-02 -0.500000000    
          12          21   4.53635603E-02  -6.11817166E-02 -0.500000000    
          12          22  -3.48037807E-03  -5.48745953E-02 -0.500000000    
          12          23  -4.00820114E-02  -2.56469548E-02 -0.500000000    
          12          24  -2.38176920E-02  -1.35749625E-02 -0.500000000    
          12          25   5.18425554E-02  -7.89032690E-03 -0.500000000    
          12          26  0.105729789       1.41936457E-02 -0.500000000    
          12          27   3.41705307E-02   2.20412631E-02 -0.500000000    
          12          28   4.87558590E-03  -1.82435345E-02 -0.500000000    
          12          29   6.97875023E-02  -3.83381136E-02 -0.500000000    
          12          30  0.201123431      -4.03605625E-02 -0.500000000    
          12          31  0.269248486      -1.43366670E-02 -0.500000000    
          12          32  0.327672124       1.51805952E-02 -0.500000000    
          12          33  0.199147493       3.67206298E-02 -0.500000000    
          13           1  0.283744812       2.75816340E-02 -0.500000000    
          13           2  0.246351540       5.62973134E-03 -0.500000000    
          13           3   8.13587978E-02  -2.61966418E-02 -0.500000000    
          13           4  0.178809360      -3.74084003E-02 -0.500000000    
          13           5   7.76250884E-02  -2.59548090E-02 -0.500000000    
          13           6   8.30743276E-03  -2.02654698E-03 -0.500000000    
          13           7  -2.06419127E-03   6.22505601E-03 -0.500000000    
          13           8   2.33025122E-02  -9.16573778E-03 -0.500000000    
          13           9   2.50377562E-02  -1.09853158E-02 -0.500000000    
          13          10   2.08392497E-02  -2.42209788E-02 -0.500000000    
          13          11  -1.24400193E-02  -5.08040860E-02 -0.500000000    
          13          12  -7.81772751E-03  -6.15029745E-02 -0.500000000    
          13          13  -7.54792243E-03  -6.45831227E-02 -0.500000000    
          13          14  -3.29078846E-02  -6.01612628E-02 -0.500000000    
          13          15  0.123776242      -4.30084467E-02 -0.500000000    
          13          16  0.198539227      -2.08254512E-02 -0.500000000    
          13          17  0.287667841      -1.38612930E-02 -0.500000000    
          13          18  0.281818002      -1.69262961E-02 -0.500000000    
          13          19  0.157095283      -3.60159837E-02 -0.500000000    
          13          20  -2.29059793E-02  -5.63564040E-02 -0.500000000    
          13          21   2.86137499E-02  -7.11710155E-02 -0.500000000    
          13          22   5.79022020E-02  -7.12302029E-02 -0.500000000    
          13          23   3.42862159E-02  -5.63306771E-02 -0.500000000    
          13          24   3.72649878E-02  -3.34935077E-02 -0.500000000    
          13          25   6.98664561E-02  -2.79121511E-02 -0.500000000    
          13          26   5.97531758E-02  -1.87207982E-02 -0.500000000    
          13          27  -3.01716360E-03  -3.82842869E-03 -0.500000000    
          13          28  -1.09029254E-02  -3.05488240E-02 -0.500000000    
          13          29   9.25370529E-02  -4.77903299E-02 -0.500000000    
          13          30  0.180018529      -4.80742194E-02 -0.500000000    
          13          31   6.63497224E-02  -2.81374119E-02 -0.500000000    
          13          32  0.233627722      -8.23030365E-04 -0.500000000    
          13          33  0.277589381       1.29448995E-02 -0.500000000    
          14           1  0.280564189       1.28027266E-02 -0.500000000    
          14           2   7.67972991E-02  -1.20927142E-02 -0.500000000    
          14           3  0.132019058      -4.82631326E-02 -0.500000000    
          14           4  0.110004991      -5.63552044E-02 -0.500000000    
          14           5  0.118026488      -4.23235931E-02 -0.500000000    
          14           6   2.79820804E-02  -2.15578452E-02 -0.500000000    
          14           7   2.58858334E-02  -2.86494195E-02 -0.500000000    
          14           8  -2.61162082E-03  -2.41872668E-02 -0.500000000    
          14           9  -2.99039134E-03  -1.75620243E-02 -0.500000000    
          14          10  -1.43215451E-02  -3.86361554E-02 -0.500000000    
          14          11  -3.41141503E-03  -5.20533919E-02 -0.500000000    
          14          12  -3.05805616E-02  -5.50559983E-02 -0.500000000    
          14          13  -3.29377912E-02  -6.01618662E-02 -0.500000000    
          14          14  0.102500208      -7.51795843E-02 -0.500000000    
          14          15  0.131149501      -8.18423778E-02 -0.500000000    
          14          16  0.128278166      -8.23394060E-02 -0.500000000    
          14          17  0.161336884      -8.15067142E-02 -0.500000000    
          14          18  0.165327638      -8.42853338E-02 -0.500000000    
          14          19  0.126431465      -8.37594345E-02 -0.500000000    
          14          20   6.77641332E-02  -8.69103819E-02 -0.500000000    
          14          21  -2.19329670E-02  -8.41006562E-02 -0.500000000    
          14          22   3.13598551E-02  -7.70420283E-02 -0.500000000    
          14          23   6.09344020E-02  -6.73440620E-02 -0.500000000    
          14          24   2.81711314E-02  -4.96879257E-02 -0.500000000    
          14          25   2.26774234E-02  -3.74376960E-02 -0.500000000    
          14          26   1.99154951E-02  -4.28668931E-02 -0.500000000    
          14          27   4.32385970E-03  -3.69970575E-02 -0.500000000    
          14          28   2.40172818E-02  -4.18250263E-02 -0.500000000    
          14          29  0.122399449      -5.36745563E-02 -0.500000000    
          14          30  0.203386500      -5.57566695E-02 -0.500000000    
          14          31   8.43041390E-02  -3.80877219E-02 -0.500000000    
          14          32  0.122200780      -7.91332312E-03 -0.500000000    
          14          33  0.308278441       5.64696966E-03 -0.500000000    
          15           1  0.232783407      -1.10051418E-02 -0.500000000    
          15           2   9.86235812E-02  -3.39688063E-02 -0.500000000    
          15           3  0.230963379      -6.54699579E-02 -0.500000000    
          15           4   7.16504976E-02  -6.55782670E-02 -0.500000000    
          15           5   4.47400622E-02  -5.42551912E-02 -0.500000000    
          15           6   2.83251218E-02  -3.58729474E-02 -0.500000000    
          15           7   5.13814725E-02  -3.97674330E-02 -0.500000000    
          15           8   4.83385958E-02  -1.47640696E-02 -0.500000000    
          15           9   1.71214864E-02  -9.28796735E-03 -0.500000000    
          15          10  0.120428361      -1.63219236E-02 -0.500000000    
          15          11  0.114510708      -1.76031552E-02 -0.500000000    
          15          12   4.56630662E-02  -2.34712791E-02 -0.500000000    
          15          13  0.123722345      -4.30068634E-02 -0.500000000    
          15          14  0.131138429      -8.18404555E-02 -0.500000000    
          15          15   5.66889979E-02 -0.108988546     -0.500000000    
          15          16  -1.43178804E-02 -0.120479755     -0.500000000    
          15          17  -5.58915362E-02 -0.128279269     -0.500000000    
          15          18   2.72048451E-02 -0.129927918     -0.500000000    
          15          19   3.35465930E-02 -0.124423884     -0.500000000    
          15          20   5.69226369E-02 -0.110574834     -0.500000000    
          15          21   8.57825950E-02  -8.71811137E-02 -0.500000000    
          15          22   3.63103002E-02  -6.31060302E-02 -0.500000000    
          15          23  0.120528772      -4.53445427E-02 -0.500000000    
          15          24   9.81132686E-02  -3.62260900E-02 -0.500000000    
          15          25  -2.17989609E-02  -2.97087785E-02 -0.500000000    
          15          26  -3.38308886E-03  -4.43791710E-02 -0.500000000    
          15          27   3.01166670E-03  -5.72949424E-02 -0.500000000    
          15          28   5.08432649E-02  -5.23565933E-02 -0.500000000    
          15          29   5.99864498E-02  -6.00486472E-02 -0.500000000    
          15          30  0.197588801      -6.94247708E-02 -0.500000000    
          15          31  0.183367535      -5.65787964E-02 -0.500000000    
          15          32  0.141518995      -2.74991132E-02 -0.500000000    
          15          33  0.222567201      -3.80139449E-04 -0.500000000    
          16           1  0.163158357      -4.20258082E-02 -0.500000000    
          16           2  0.217313260      -6.28076494E-02 -0.500000000    
          16           3  0.136207312      -7.74760991E-02 -0.500000000    
          16           4   3.36979628E-02  -7.66965821E-02 -0.500000000    
          16           5   7.03695416E-03  -6.04889244E-02 -0.500000000    
          16           6   7.24179745E-02  -4.84639741E-02 -0.500000000    
          16           7  0.189240485      -3.12373769E-02 -0.500000000    
          16           8  0.231616661      -2.71757320E-03 -0.500000000    
          16           9  0.261930168       1.00189736E-02 -0.500000000    
          16          10  0.313989431       2.04783026E-02 -0.500000000    
          16          11  0.198607504       2.43886504E-02 -0.500000000    
          16          12  0.203451261       1.94357224E-02 -0.500000000    
          16          13  0.198504627      -2.08227038E-02 -0.500000000    
          16          14  0.128275305      -8.23406577E-02 -0.500000000    
          16          15  -1.43081890E-02 -0.120484248     -0.500000000    
          16          16 -0.109825052     -0.140186861     -0.500000000    
          16          17 -0.121784970     -0.153280213     -0.500000000    
          16          18  -5.99223562E-02 -0.157930151     -0.500000000    
          16          19  -5.19733280E-02 -0.151301235     -0.500000000    
          16          20  -9.79579519E-03 -0.127069086     -0.500000000    
          16          21  0.101388678      -8.30159858E-02 -0.500000000    
          16          22  0.158404693      -3.42549235E-02 -0.500000000    
          16          23  0.183227420      -1.33041525E-02 -0.500000000    
          16          24  0.279131413      -5.62867243E-03 -0.500000000    
          16          25  0.192796886      -1.31357368E-02 -0.500000000    
          16          26  0.114463061      -3.71906087E-02 -0.500000000    
          16          27  0.115516961      -5.84366806E-02 -0.500000000    
          16          28  0.104532428      -5.71754761E-02 -0.500000000    
          16          29   1.74587164E-02  -6.88508600E-02 -0.500000000    
          16          30   1.46396989E-02  -8.67798254E-02 -0.500000000    
          16          31  0.126029357      -8.60362574E-02 -0.500000000    
          16          32  0.126448050      -5.87105229E-02 -0.500000000    
          16          33  0.106788620      -2.22770814E-02 -0.500000000    
          17           1  0.139620483      -6.82425797E-02 -0.500000000    
          17           2  0.234901711      -8.18780810E-02 -0.500000000    
          17           3   6.51525334E-02  -8.41756463E-02 -0.500000000    
          17           4   2.93941889E-02  -8.96576419E-02 -0.500000000    
          17           5   2.36415537E-03  -6.42723963E-02 -0.500000000    
          17           6   8.46592486E-02  -5.61085567E-02 -0.500000000    
          17           7  0.244581729      -2.18592510E-02 -0.500000000    
          17           8  0.399876595       6.36786630E-04 -0.500000000    
          17           9  0.436559051       2.22258437E-02 -0.500000000    
          17          10  0.334690034       3.83565985E-02 -0.500000000    
          17          11  0.325281382       5.72759658E-02 -0.500000000    
          17          12  0.260968953       3.97457480E-02 -0.500000000    
          17          13  0.287625462      -1.38621591E-02 -0.500000000    
          17          14  0.161323652      -8.15152228E-02 -0.500000000    
          17          15  -5.58955632E-02 -0.128293350     -0.500000000    
          17          16 -0.121811852     -0.153291747     -0.500000000    
          17          17 -0.105170466     -0.168069288     -0.500000000    
          17          18  -9.13950205E-02 -0.175454140     -0.500000000    
          17          19 -0.120150007     -0.166830957     -0.500000000    
          17          20  -4.34480645E-02 -0.133414313     -0.500000000    
          17          21  0.163861707      -8.28394815E-02 -0.500000000    
          17          22  0.246917024      -2.21893508E-02 -0.500000000    
          17          23  0.328045577       1.04187904E-02 -0.500000000    
          17          24  0.324176341       8.12344160E-03 -0.500000000    
          17          25  0.339008003      -6.21426338E-03 -0.500000000    
          17          26  0.294239223      -3.44225764E-02 -0.500000000    
          17          27  0.203229383      -5.20350114E-02 -0.500000000    
          17          28  0.121480189      -5.90655878E-02 -0.500000000    
          17          29   2.12228242E-02  -7.57837519E-02 -0.500000000    
          17          30  -7.90378526E-02  -9.83383954E-02 -0.500000000    
          17          31   5.75691573E-02 -0.102874003     -0.500000000    
          17          32   8.74383748E-02  -7.42987320E-02 -0.500000000    
          17          33   5.53293489E-02  -4.24540676E-02 -0.500000000    
          18           1  0.122750029      -7.03728572E-02 -0.500000000    
          18           2  0.212077320      -8.12873468E-02 -0.500000000    
          18           3   9.10129696E-02  -8.88649896E-02 -0.500000000    
          18           4   5.62061369E-02  -9.32629257E-02 -0.500000000    
          18           5  -5.95822278E-03  -7.19958097E-02 -0.500000000    
          18           6   5.35186678E-02  -5.14528528E-02 -0.500000000    
          18           7  0.196005940      -2.72096470E-02 -0.500000000    
          18           8  0.254879296       3.04393098E-03 -0.500000000    
          18           9  0.324469000       2.13282108E-02 -0.500000000    
          18          10  0.315527439       3.35447602E-02 -0.500000000    
          18          11  0.236845821       4.05824333E-02 -0.500000000    
          18          12  0.279461741       3.13823633E-02 -0.500000000    
          18          13  0.281774461      -1.69289522E-02 -0.500000000    
          18          14  0.165299997      -8.42973515E-02 -0.500000000    
          18          15   2.71904878E-02 -0.129948124     -0.500000000    
          18          16  -5.99506609E-02 -0.157948330     -0.500000000    
          18          17  -9.13983360E-02 -0.175461039     -0.500000000    
          18          18  -3.53245549E-02 -0.178149849     -0.500000000    
          18          19  -2.98033729E-02 -0.164592698     -0.500000000    
          18          20   4.74404369E-05 -0.133264378     -0.500000000    
          18          21  0.178199202      -8.47007558E-02 -0.500000000    
          18          22  0.239607334      -2.99116485E-02 -0.500000000    
          18          23  0.216773719      -7.53184734E-03 -0.500000000    
          18          24  0.276907235      -4.34971647E-03 -0.500000000    
          18          25  0.259809732      -1.30248526E-02 -0.500000000    
          18          26  0.174477160      -3.76772322E-02 -0.500000000    
          18          27  0.156060889      -5.63162491E-02 -0.500000000    
          18          28   8.69748890E-02  -6.16624504E-02 -0.500000000    
          18          29  -6.00820081E-03  -8.29778239E-02 -0.500000000    
          18          30  -3.67360786E-02 -0.100405037     -0.500000000    
          18          31  0.112008482      -9.86384600E-02 -0.500000000    
          18          32  0.108400971      -7.43901208E-02 -0.500000000    
          18          33   8.41855854E-02  -3.61998901E-02 -0.500000000    
          19           1  0.123275697      -5.18897958E-02 -0.500000000    
          19           2  0.100812271      -6.54359013E-02 -0.500000000    
          19           3  0.168164477      -8.80694985E-02 -0.500000000    
          19           4   2.49206163E-02  -8.98485035E-02 -0.500000000    
          19           5   3.11985258E-02  -7.36733973E-02 -0.500000000    
          19           6   3.75871025E-02  -4.25841995E-02 -0.500000000    
          19           7   4.62092124E-02  -3.77255157E-02 -0.500000000    
          19           8   6.58996478E-02  -5.01380861E-03 -0.500000000    
          19           9   9.20625702E-02   8.23789369E-03 -0.500000000    
          19          10  0.220336273       4.55515413E-03 -0.500000000    
          19          11  0.159342781       1.16100814E-03 -0.500000000    
          19          12   9.02025849E-02  -6.98557403E-03 -0.500000000    
          19          13  0.157063276      -3.60184200E-02 -0.500000000    
          19          14  0.126429200      -8.37684870E-02 -0.500000000    
          19          15   3.35526392E-02 -0.124440245     -0.500000000    
          19          16  -5.19868210E-02 -0.151316315     -0.500000000    
          19          17 -0.120158724     -0.166837171     -0.500000000    
          19          18  -2.98042297E-02 -0.164592385     -0.500000000    
          19          19  -9.19774361E-03 -0.147443891     -0.500000000    
          19          20   6.48552505E-03 -0.122125164     -0.500000000    
          19          21   7.26490393E-02  -9.05546248E-02 -0.500000000    
          19          22   5.87672330E-02  -5.95677271E-02 -0.500000000    
          19          23  0.161968693      -4.45248596E-02 -0.500000000    
          19          24  0.200469419      -3.62731256E-02 -0.500000000    
          19          25   4.72395048E-02  -2.87922602E-02 -0.500000000    
          19          26   4.67037316E-03  -4.71561402E-02 -0.500000000    
          19          27  -6.18447969E-03  -6.17535412E-02 -0.500000000    
          19          28   4.66602631E-02  -6.44332170E-02 -0.500000000    
          19          29   1.30751478E-02  -8.45586136E-02 -0.500000000    
          19          30  0.105669402      -9.64647233E-02 -0.500000000    
          19          31  0.187215984      -8.55386555E-02 -0.500000000    
          19          32  0.124948747      -5.83645888E-02 -0.500000000    
          19          33  0.192424163      -2.46977191E-02 -0.500000000    
          20           1   6.85658604E-02  -2.95332372E-02 -0.500000000    
          20           2  -6.80771247E-02  -4.62631844E-02 -0.500000000    
          20           3   7.28589445E-02  -7.36651719E-02 -0.500000000    
          20           4   3.32542416E-03  -7.97500163E-02 -0.500000000    
          20           5  0.126828521      -6.12774119E-02 -0.500000000    
          20           6   5.08198366E-02  -3.03322673E-02 -0.500000000    
          20           7   3.10645979E-02  -3.15648243E-02 -0.500000000    
          20           8   1.46950455E-03  -1.49578229E-02 -0.500000000    
          20           9   3.46385986E-02  -2.23442051E-03 -0.500000000    
          20          10   9.10787284E-02  -2.00683698E-02 -0.500000000    
          20          11   8.04484114E-02  -3.50648127E-02 -0.500000000    
          20          12  -6.34366879E-04  -4.19604108E-02 -0.500000000    
          20          13  -2.29267143E-02  -5.63590005E-02 -0.500000000    
          20          14   6.77606538E-02  -8.69157910E-02 -0.500000000    
          20          15   5.69340698E-02 -0.110585697     -0.500000000    
          20          16  -9.81995557E-03 -0.127079651     -0.500000000    
          20          17  -4.34879102E-02 -0.133419618     -0.500000000    
          20          18   1.58075418E-05 -0.133264393     -0.500000000    
          20          19   6.45671412E-03 -0.122125611     -0.500000000    
          20          20  -1.69484913E-02 -0.110742740     -0.500000000    
          20          21  -6.98024482E-02  -9.29091200E-02 -0.500000000    
          20          22   4.21246793E-03  -7.86641017E-02 -0.500000000    
          20          23  0.109504230      -7.01119080E-02 -0.500000000    
          20          24  0.111095898      -5.29115498E-02 -0.500000000    
          20          25   3.47059891E-02  -3.95533741E-02 -0.500000000    
          20          26   6.86859991E-03  -4.75477949E-02 -0.500000000    
          20          27  -1.86251700E-02  -4.94741723E-02 -0.500000000    
          20          28   2.03484893E-02  -5.82221448E-02 -0.500000000    
          20          29   9.56509784E-02  -7.83918202E-02 -0.500000000    
          20          30  0.154675066      -8.60879272E-02 -0.500000000    
          20          31   7.48535320E-02  -6.72659203E-02 -0.500000000    
          20          32   5.66219985E-02  -3.64994518E-02 -0.500000000    
          20          33  0.241476879      -2.27669496E-02 -0.500000000    
          21           1  -1.44575443E-03  -9.75409616E-03 -0.500000000    
          21           2  -4.05827463E-02  -2.64887884E-02 -0.500000000    
          21           3  -8.46481174E-02  -5.36006950E-02 -0.500000000    
          21           4   5.31252399E-02  -5.69817014E-02 -0.500000000    
          21           5   6.95681050E-02  -4.00420502E-02 -0.500000000    
          21           6   7.81362504E-02  -1.44415516E-02 -0.500000000    
          21           7   6.76340535E-02  -1.97950564E-03 -0.500000000    
          21           8   8.32407102E-02  -6.18157210E-03 -0.500000000    
          21           9  0.138666362      -3.54509195E-03 -0.500000000    
          21          10  0.121484481      -1.86186302E-02 -0.500000000    
          21          11   7.48293251E-02  -4.90136221E-02 -0.500000000    
          21          12   4.53470685E-02  -6.11902960E-02 -0.500000000    
          21          13   2.85841413E-02  -7.11772293E-02 -0.500000000    
          21          14  -2.19504125E-02  -8.41070935E-02 -0.500000000    
          21          15   8.57928097E-02  -8.71902853E-02 -0.500000000    
          21          16  0.101368599      -8.30264837E-02 -0.500000000    
          21          17  0.163826764      -8.28462169E-02 -0.500000000    
          21          18  0.178175971      -8.47050995E-02 -0.500000000    
          21          19   7.26304874E-02  -9.05598998E-02 -0.500000000    
          21          20  -6.98065683E-02  -9.29124057E-02 -0.500000000    
          21          21  -2.23127399E-02  -8.87138098E-02 -0.500000000    
          21          22   4.61914726E-02  -8.04601312E-02 -0.500000000    
          21          23   9.84048620E-02  -6.55065030E-02 -0.500000000    
          21          24  0.127978563      -4.15066257E-02 -0.500000000    
          21          25  0.142706454      -3.32848094E-02 -0.500000000    
          21          26  0.100577138      -2.48333905E-02 -0.500000000    
          21          27   2.85320710E-02  -1.96151491E-02 -0.500000000    
          21          28   1.22409137E-02  -4.37816195E-02 -0.500000000    
          21          29   6.74921349E-02  -6.01571500E-02 -0.500000000    
          21          30  0.125354543      -6.54057637E-02 -0.500000000    
          21          31  -3.50058451E-02  -4.54930961E-02 -0.500000000    
          21          32  0.109105781      -1.63413305E-02 -0.500000000    
          21          33  0.186199397      -8.84267036E-03 -0.500000000    
          22           1  -2.55879145E-02   1.69018600E-02 -0.500000000    
          22           2   9.64570092E-04  -1.70073356E-03 -0.500000000    
          22           3  -1.04870582E-02  -2.67591681E-02 -0.500000000    
          22           4  0.117178664      -3.51487994E-02 -0.500000000    
          22           5   4.46251035E-02  -1.93863437E-02 -0.500000000    
          22           6   7.85830468E-02   2.72734533E-03 -0.500000000    
          22           7  0.109358117       3.24474424E-02 -0.500000000    
          22           8  0.175389573       1.78394727E-02 -0.500000000    
          22           9  0.167190030       4.42412542E-03 -0.500000000    
          22          10   9.06126425E-02  -7.15998653E-03 -0.500000000    
          22          11   2.22627763E-02  -2.71423142E-02 -0.500000000    
          22          12  -3.47720040E-03  -5.48833646E-02 -0.500000000    
          22          13   5.79023249E-02  -7.12361783E-02 -0.500000000    
          22          14   3.13659012E-02  -7.70473778E-02 -0.500000000    
          22          15   3.63382921E-02  -6.31126389E-02 -0.500000000    
          22          16  0.158417627      -3.42647173E-02 -0.500000000    
          22          17  0.246914476      -2.21985914E-02 -0.500000000    
          22          18  0.239598855      -2.99198907E-02 -0.500000000    
          22          19   5.87701090E-02  -5.95751405E-02 -0.500000000    
          22          20   4.20527812E-03  -7.86675587E-02 -0.500000000    
          22          21   4.61960547E-02  -8.04594457E-02 -0.500000000    
          22          22   2.61574835E-02  -6.45149499E-02 -0.500000000    
          22          23   2.22828537E-02  -3.42479721E-02 -0.500000000    
          22          24   5.68137206E-02  -2.16784347E-02 -0.500000000    
          22          25  0.163047954      -1.27051529E-02 -0.500000000    
          22          26  0.184607819       7.25500938E-03 -0.500000000    
          22          27  0.110387757       8.77394155E-03 -0.500000000    
          22          28   3.29313166E-02  -2.81582475E-02 -0.500000000    
          22          29   5.89359365E-02  -4.08512056E-02 -0.500000000    
          22          30  0.123489976      -4.67898212E-02 -0.500000000    
          22          31   4.50360216E-02  -2.17868760E-02 -0.500000000    
          22          32  0.157721192       7.87575543E-03 -0.500000000    
          22          33   9.96588990E-02   2.87938491E-02 -0.500000000    
          23           1 -0.125329226       4.23239805E-02 -0.500000000    
          23           2   9.77411643E-02   3.21563929E-02 -0.500000000    
          23           3  0.191412076       1.10854898E-02 -0.500000000    
          23           4  0.185927674      -2.41867243E-03 -0.500000000    
          23           5   8.51477385E-02   9.23230499E-03 -0.500000000    
          23           6  0.100426473       3.08717713E-02 -0.500000000    
          23           7  0.156302452       6.97689503E-02 -0.500000000    
          23           8  0.253808826       5.39346673E-02 -0.500000000    
          23           9  0.211665481       2.27295756E-02 -0.500000000    
          23          10   6.39259294E-02   6.66049263E-03 -0.500000000    
          23          11  -3.37009057E-02  -6.96834549E-03 -0.500000000    
          23          12  -4.00862694E-02  -2.56494898E-02 -0.500000000    
          23          13   3.42928693E-02  -5.63308187E-02 -0.500000000    
          23          14   6.09544553E-02  -6.73443079E-02 -0.500000000    
          23          15  0.120530844      -4.53472249E-02 -0.500000000    
          23          16  0.183246925      -1.33120473E-02 -0.500000000    
          23          17  0.328047991       1.04081947E-02 -0.500000000    
          23          18  0.216762841      -7.54231308E-03 -0.500000000    
          23          19  0.161965802      -4.45324741E-02 -0.500000000    
          23          20  0.109493010      -7.01136366E-02 -0.500000000    
          23          21   9.84077230E-02  -6.55017197E-02 -0.500000000    
          23          22   2.22769286E-02  -3.42431255E-02 -0.500000000    
          23          23  -2.43075788E-02  -1.37794251E-02 -0.500000000    
          23          24   3.71540934E-02  -3.93519504E-03 -0.500000000    
          23          25  0.188297421       1.51772927E-02 -0.500000000    
          23          26  0.246526122       4.46357466E-02 -0.500000000    
          23          27  0.188122347       3.75187434E-02 -0.500000000    
          23          28   7.89313838E-02  -2.26940913E-03 -0.500000000    
          23          29   6.97965622E-02  -1.72533467E-02 -0.500000000    
          23          30  0.178399757      -1.94192249E-02 -0.500000000    
          23          31  0.252089709       1.44792162E-03 -0.500000000    
          23          32  0.157242745       3.55410427E-02 -0.500000000    
          23          33  -8.16776697E-03   6.02008887E-02 -0.500000000    
          24           1 -0.153544948       7.48026893E-02 -0.500000000    
          24           2  0.197413430       7.09603578E-02 -0.500000000    
          24           3  0.316006869       5.91049045E-02 -0.500000000    
          24           4  0.215753645       4.18677256E-02 -0.500000000    
          24           5   9.55424681E-02   4.93105426E-02 -0.500000000    
          24           6   9.49193388E-02   7.65749589E-02 -0.500000000    
          24           7  0.116736040      0.112909265     -0.500000000    
          24           8  0.209031016       9.91760865E-02 -0.500000000    
          24           9  0.209391326       5.04347719E-02 -0.500000000    
          24          10   7.60687664E-02   2.08809543E-02 -0.500000000    
          24          11  -1.91022214E-02   1.72450556E-03 -0.500000000    
          24          12  -2.38050278E-02  -1.35746561E-02 -0.500000000    
          24          13   3.72896567E-02  -3.34896855E-02 -0.500000000    
          24          14   2.82111205E-02  -4.96837422E-02 -0.500000000    
          24          15   9.81080532E-02  -3.62257436E-02 -0.500000000    
          24          16  0.279142231      -5.63315907E-03 -0.500000000    
          24          17  0.324186027       8.11553188E-03 -0.500000000    
          24          18  0.276912510      -4.35752934E-03 -0.500000000    
          24          19  0.200455293      -3.62784676E-02 -0.500000000    
          24          20  0.111101083      -5.29110543E-02 -0.500000000    
          24          21  0.127985090      -4.14995179E-02 -0.500000000    
          24          22   5.68062551E-02  -2.16711331E-02 -0.500000000    
          24          23   3.71509641E-02  -3.93192656E-03 -0.500000000    
          24          24  0.113332927       1.77863892E-02 -0.500000000    
          24          25  0.191818878       5.40961996E-02 -0.500000000    
          24          26  0.214259237       9.26151276E-02 -0.500000000    
          24          27  0.169404417       7.75955766E-02 -0.500000000    
          24          28   7.15903789E-02   4.47814651E-02 -0.500000000    
          24          29   6.66110739E-02   1.58831868E-02 -0.500000000    
          24          30  0.214492083       1.25294505E-02 -0.500000000    
          24          31  0.428005904       3.12045161E-02 -0.500000000    
          24          32  0.143278211       5.81863560E-02 -0.500000000    
          24          33 -0.116683409       7.89290965E-02 -0.500000000    
          25           1  -2.94490382E-02   9.33399722E-02 -0.500000000    
          25           2  0.212747768       9.14682373E-02 -0.500000000    
          25           3  0.224212661       8.30343217E-02 -0.500000000    
          25           4  0.159073204       7.22150952E-02 -0.500000000    
          25           5   8.04717168E-02   7.54192993E-02 -0.500000000    
          25           6  0.111927107      0.106934868     -0.500000000    
          25           7   9.27455425E-02  0.143102869     -0.500000000    
          25           8   9.78012607E-02  0.141587839     -0.500000000    
          25           9  0.114106409       8.77293497E-02 -0.500000000    
          25          10   9.22504738E-02   4.47972827E-02 -0.500000000    
          25          11   6.25070259E-02   1.45155732E-02 -0.500000000    
          25          12   5.18675856E-02  -7.88864587E-03 -0.500000000    
          25          13   6.98927492E-02  -2.79072523E-02 -0.500000000    
          25          14   2.27147620E-02  -3.74317728E-02 -0.500000000    
          25          15  -2.17981208E-02  -2.97058411E-02 -0.500000000    
          25          16  0.192783326      -1.31374504E-02 -0.500000000    
          25          17  0.339014500      -6.21776190E-03 -0.500000000    
          25          18  0.259788632      -1.30281067E-02 -0.500000000    
          25          19   4.72146496E-02  -2.87948810E-02 -0.500000000    
          25          20   3.47331278E-02  -3.95516753E-02 -0.500000000    
          25          21  0.142720252      -3.32781561E-02 -0.500000000    
          25          22  0.163042963      -1.26977991E-02 -0.500000000    
          25          23  0.188292146       1.51823983E-02 -0.500000000    
          25          24  0.191816598       5.40985167E-02 -0.500000000    
          25          25  0.105795853      0.101767428     -0.500000000    
          25          26  0.113389187      0.135926157     -0.500000000    
          25          27  0.171511129      0.110218406     -0.500000000    
          25          28   9.30911452E-02   7.74032697E-02 -0.500000000    
          25          29   7.22020715E-02   3.56892087E-02 -0.500000000    
          25          30  0.221126392       3.46396826E-02 -0.500000000    
          25          31  0.402718693       4.97197919E-02 -0.500000000    
          25          32  0.212327451       7.42466152E-02 -0.500000000    
          25          33 -0.118572995       8.97001848E-02 -0.500000000    
          26           1  -3.07968594E-02   6.98309615E-02 -0.500000000    
          26           2  0.171280459       7.12537616E-02 -0.500000000    
          26           3   9.94733721E-02   6.03320599E-02 -0.500000000    
          26           4  0.109680973       5.23119792E-02 -0.500000000    
          26           5  0.109611586       5.30501604E-02 -0.500000000    
          26           6  0.144513324       8.43806863E-02 -0.500000000    
          26           7  0.149605855      0.118371569     -0.500000000    
          26           8  0.117503405      0.138619766     -0.500000000    
          26           9   9.72342938E-02  0.111163706     -0.500000000    
          26          10  0.103946909       7.46151060E-02 -0.500000000    
          26          11  0.126856789       4.29477803E-02 -0.500000000    
          26          12  0.105752066       1.41972266E-02 -0.500000000    
          26          13   5.97628132E-02  -1.87152587E-02 -0.500000000    
          26          14   1.99369621E-02  -4.28624973E-02 -0.500000000    
          26          15  -3.36017250E-03  -4.43770215E-02 -0.500000000    
          26          16  0.114467524      -3.71902026E-02 -0.500000000    
          26          17  0.294235885      -3.44206728E-02 -0.500000000    
          26          18  0.174442068      -3.76771986E-02 -0.500000000    
          26          19   4.66578035E-03  -4.71567400E-02 -0.500000000    
          26          20   6.90786541E-03  -4.75454181E-02 -0.500000000    
          26          21  0.100586645      -2.48274710E-02 -0.500000000    
          26          22  0.184611827       7.26110954E-03 -0.500000000    
          26          23  0.246532008       4.46398109E-02 -0.500000000    
          26          24  0.214264616       9.26169679E-02 -0.500000000    
          26          25  0.113400646      0.135926411     -0.500000000    
          26          26  0.135427743      0.140834212     -0.500000000    
          26          27  0.212689802      0.100441717     -0.500000000    
          26          28   8.74146074E-02   6.76245019E-02 -0.500000000    
          26          29   7.38630146E-02   2.38642525E-02 -0.500000000    
          26          30  0.160165474       2.26014834E-02 -0.500000000    
          26          31  0.282374471       4.26016971E-02 -0.500000000    
          26          32  0.305857986       6.83241487E-02 -0.500000000    
          26          33  -3.68185043E-02   7.48772547E-02 -0.500000000    
          27           1  0.114676423       7.82186314E-02 -0.500000000    
          27           2  0.149985850       7.98906013E-02 -0.500000000    
          27           3  0.103485256       6.54456988E-02 -0.500000000    
          27           4  0.100951016       4.79024611E-02 -0.500000000    
          27           5  0.212378204       4.16085944E-02 -0.500000000    
          27           6  0.252571017       5.73492832E-02 -0.500000000    
          27           7  0.238690823       7.75372237E-02 -0.500000000    
          27           8  0.199397236       9.62486193E-02 -0.500000000    
          27           9  0.145126671       8.06668475E-02 -0.500000000    
          27          10   6.78556114E-02   5.09474762E-02 -0.500000000    
          27          11   8.20071101E-02   3.30295749E-02 -0.500000000    
          27          12   3.42060477E-02   2.20457986E-02 -0.500000000    
          27          13  -3.01578501E-03  -3.82291526E-03 -0.500000000    
          27          14   4.31975676E-03  -3.69929411E-02 -0.500000000    
          27          15   3.04516964E-03  -5.72926514E-02 -0.500000000    
          27          16  0.115567736      -5.84332645E-02 -0.500000000    
          27          17  0.203217506      -5.20301275E-02 -0.500000000    
          27          18  0.156038284      -5.63114062E-02 -0.500000000    
          27          19  -6.16884790E-03  -6.17499165E-02 -0.500000000    
          27          20  -1.85765531E-02  -4.94695827E-02 -0.500000000    
          27          21   2.85417065E-02  -1.96093842E-02 -0.500000000    
          27          22  0.110397808       8.77892319E-03 -0.500000000    
          27          23  0.188129902       3.75224873E-02 -0.500000000    
          27          24  0.169401541       7.75975287E-02 -0.500000000    
          27          25  0.171518892      0.110219881     -0.500000000    
          27          26  0.212690696      0.100443572     -0.500000000    
          27          27  0.275948107       6.75022751E-02 -0.500000000    
          27          28  0.187388763       4.51170057E-02 -0.500000000    
          27          29  0.186430842       1.32135358E-02 -0.500000000    
          27          30  0.148013830       1.52157759E-02 -0.500000000    
          27          31  0.305253506       5.38805611E-02 -0.500000000    
          27          32  0.387185812       8.44286084E-02 -0.500000000    
          27          33  0.142951250       8.66173431E-02 -0.500000000    
          28           1  0.345897198       7.63784721E-02 -0.500000000    
          28           2  0.256036073       8.23529661E-02 -0.500000000    
          28           3  0.173887953       7.37777650E-02 -0.500000000    
          28           4  0.151946053       5.88372350E-02 -0.500000000    
          28           5  0.145924270       5.31773269E-02 -0.500000000    
          28           6  0.178267792       4.97773625E-02 -0.500000000    
          28           7   7.90144876E-02   5.00184037E-02 -0.500000000    
          28           8  -1.84554160E-02   6.80158511E-02 -0.500000000    
          28           9  -2.18509622E-02   5.85215390E-02 -0.500000000    
          28          10  -7.41772950E-02   2.46343985E-02 -0.500000000    
          28          11  -6.17387611E-03  -6.12025475E-03 -0.500000000    
          28          12   4.88592265E-03  -1.82374548E-02 -0.500000000    
          28          13  -1.09120095E-02  -3.05433627E-02 -0.500000000    
          28          14   2.40145754E-02  -4.18199115E-02 -0.500000000    
          28          15   5.08876592E-02  -5.23511134E-02 -0.500000000    
          28          16  0.104573630      -5.71688302E-02 -0.500000000    
          28          17  0.121487513      -5.90582266E-02 -0.500000000    
          28          18   8.69588479E-02  -6.16546124E-02 -0.500000000    
          28          19   4.66869846E-02  -6.44253716E-02 -0.500000000    
          28          20   2.03949250E-02  -5.82129732E-02 -0.500000000    
          28          21   1.22513939E-02  -4.37717102E-02 -0.500000000    
          28          22   3.29297520E-02  -2.81504262E-02 -0.500000000    
          28          23   7.89178312E-02  -2.26366101E-03 -0.500000000    
          28          24   7.15738609E-02   4.47838642E-02 -0.500000000    
          28          25   9.30932835E-02   7.74043798E-02 -0.500000000    
          28          26   8.74134377E-02   6.76245689E-02 -0.500000000    
          28          27  0.187375769       4.51148972E-02 -0.500000000    
          28          28  0.196988255       4.17660214E-02 -0.500000000    
          28          29  0.175014883       2.51434594E-02 -0.500000000    
          28          30  0.196868852       3.45172249E-02 -0.500000000    
          28          31  0.279038757       8.97782296E-02 -0.500000000    
          28          32  0.364839554      0.123712294     -0.500000000    
          28          33  0.283214509      0.121854238     -0.500000000    
          29           1  0.493220568       8.94258171E-02 -0.500000000    
          29           2  0.406343013       9.38598067E-02 -0.500000000    
          29           3  0.379948527       8.86124820E-02 -0.500000000    
          29           4  0.429356724       6.21739104E-02 -0.500000000    
          29           5  0.305293918       5.50783277E-02 -0.500000000    
          29           6  0.134923935       4.37218733E-02 -0.500000000    
          29           7  0.130013078       2.32672319E-02 -0.500000000    
          29           8  -5.05407806E-03   2.90917512E-02 -0.500000000    
          29           9  -5.71576916E-02   1.78912338E-02 -0.500000000    
          29          10  -9.20214280E-02  -8.78040213E-03 -0.500000000    
          29          11  -1.67474076E-02  -3.12075373E-02 -0.500000000    
          29          12   6.97774887E-02  -3.83337699E-02 -0.500000000    
          29          13   9.25059766E-02  -4.77861501E-02 -0.500000000    
          29          14  0.122382343      -5.36676235E-02 -0.500000000    
          29          15   6.00037873E-02  -6.00383133E-02 -0.500000000    
          29          16   1.74745284E-02  -6.88398182E-02 -0.500000000    
          29          17   2.12375075E-02  -7.57733881E-02 -0.500000000    
          29          18  -5.99684799E-03  -8.29687417E-02 -0.500000000    
          29          19   1.30902277E-02  -8.45474824E-02 -0.500000000    
          29          20   9.56709310E-02  -7.83773884E-02 -0.500000000    
          29          21   6.74966723E-02  -6.01439811E-02 -0.500000000    
          29          22   5.89298084E-02  -4.08422276E-02 -0.500000000    
          29          23   6.97792545E-02  -1.72469132E-02 -0.500000000    
          29          24   6.65835142E-02   1.58875566E-02 -0.500000000    
          29          25   7.21845180E-02   3.56924310E-02 -0.500000000    
          29          26   7.38531947E-02   2.38647088E-02 -0.500000000    
          29          27  0.186397642       1.32122114E-02 -0.500000000    
          29          28  0.174974978       2.51418855E-02 -0.500000000    
          29          29  0.342137456       3.90307903E-02 -0.500000000    
          29          30  0.253392756       7.72596449E-02 -0.500000000    
          29          31  0.201485306      0.128751934     -0.500000000    
          29          32  0.357428879      0.150410131     -0.500000000    
          29          33  0.397557348      0.149071634     -0.500000000    
          30           1  0.331789464       9.41665322E-02 -0.500000000    
          30           2  0.216350704      0.100423768     -0.500000000    
          30           3  0.293155074       9.72155333E-02 -0.500000000    
          30           4  0.380214542       7.58386105E-02 -0.500000000    
          30           5  0.409807265       4.85686734E-02 -0.500000000    
          30           6  0.185165316       3.20111401E-02 -0.500000000    
          30           7  0.144128978       1.07432082E-02 -0.500000000    
          30           8   7.04597831E-02   2.29160395E-02 -0.500000000    
          30           9   4.10842374E-02   1.87535901E-02 -0.500000000    
          30          10   9.37068984E-02  -6.04807865E-03 -0.500000000    
          30          11  0.198047161      -2.68393029E-02 -0.500000000    
          30          12  0.201110363      -4.03607078E-02 -0.500000000    
          30          13  0.180013612      -4.80740517E-02 -0.500000000    
          30          14  0.203366503      -5.57510592E-02 -0.500000000    
          30          15  0.197580859      -6.94117621E-02 -0.500000000    
          30          16   1.46384258E-02  -8.67649466E-02 -0.500000000    
          30          17  -7.90266618E-02  -9.83277634E-02 -0.500000000    
          30          18  -3.67157832E-02 -0.100396320     -0.500000000    
          30          19  0.105703831      -9.64531824E-02 -0.500000000    
          30          20  0.154699728      -8.60739276E-02 -0.500000000    
          30          21  0.125355616      -6.53939322E-02 -0.500000000    
          30          22  0.123470746      -4.67813089E-02 -0.500000000    
          30          23  0.178347543      -1.94118656E-02 -0.500000000    
          30          24  0.214423418       1.25363208E-02 -0.500000000    
          30          25  0.221093640       3.46457399E-02 -0.500000000    
          30          26  0.160177588       2.26025563E-02 -0.500000000    
          30          27  0.148004502       1.52142653E-02 -0.500000000    
          30          28  0.196873859       3.45141031E-02 -0.500000000    
          30          29  0.253471196       7.72587061E-02 -0.500000000    
          30          30   9.56315249E-02  0.108451381     -0.500000000    
          30          31   2.63350718E-02  0.136227190     -0.500000000    
          30          32  0.188328937      0.152943224     -0.500000000    
          30          33  0.293114871      0.161969304     -0.500000000    
          31           1  0.177830055       9.34177265E-02 -0.500000000    
          31           2  0.123232156      0.114702724     -0.500000000    
          31           3  0.183370844      0.123640157     -0.500000000    
          31           4  0.298414797      0.105074205     -0.500000000    
          31           5  0.418841779       8.27549100E-02 -0.500000000    
          31           6  0.264066815       5.97397499E-02 -0.500000000    
          31           7  0.191175401       3.37934010E-02 -0.500000000    
          31           8  0.178817287       3.81506272E-02 -0.500000000    
          31           9  0.291207790       3.67245935E-02 -0.500000000    
          31          10  0.432756335       2.05259230E-02 -0.500000000    
          31          11  0.444937110       8.80404259E-04 -0.500000000    
          31          12  0.269224882      -1.43375332E-02 -0.500000000    
          31          13   6.63316846E-02  -2.81387269E-02 -0.500000000    
          31          14   8.42995420E-02  -3.80858183E-02 -0.500000000    
          31          15  0.183368951      -5.65711670E-02 -0.500000000    
          31          16  0.126046523      -8.60248506E-02 -0.500000000    
          31          17   5.75903766E-02 -0.102862366     -0.500000000    
          31          18  0.112027548      -9.86297429E-02 -0.500000000    
          31          19  0.187270001      -8.55304375E-02 -0.500000000    
          31          20   7.48937950E-02  -6.72548488E-02 -0.500000000    
          31          21  -3.49714234E-02  -4.54839915E-02 -0.500000000    
          31          22   4.50551324E-02  -2.17799284E-02 -0.500000000    
          31          23  0.252055556       1.45261385E-03 -0.500000000    
          31          24  0.427937388       3.12066767E-02 -0.500000000    
          31          25  0.402657628       4.97196391E-02 -0.500000000    
          31          26  0.282359451       4.25938815E-02 -0.500000000    
          31          27  0.305274159       5.38676344E-02 -0.500000000    
          31          28  0.279141814       8.97660553E-02 -0.500000000    
          31          29  0.201739654      0.128756031     -0.500000000    
          31          30   2.66018920E-02  0.136250332     -0.500000000    
          31          31 -0.111066110      0.135955229     -0.500000000    
          31          32   3.03286761E-02  0.126555935     -0.500000000    
          31          33   9.61274952E-02  0.131470934     -0.500000000    
          32           1  0.176025346       9.63058174E-02 -0.500000000    
          32           2  0.215852514      0.135560736     -0.500000000    
          32           3  0.185140207      0.154707029     -0.500000000    
          32           4  0.327355444      0.137663186     -0.500000000    
          32           5  0.472210586      0.115055412     -0.500000000    
          32           6  0.348552555       8.98885876E-02 -0.500000000    
          32           7  0.205381259       5.99076673E-02 -0.500000000    
          32           8  0.254900247       6.32193908E-02 -0.500000000    
          32           9  0.253600955       6.75247833E-02 -0.500000000    
          32          10  0.248853222       5.92739694E-02 -0.500000000    
          32          11  0.318313122       4.27149609E-02 -0.500000000    
          32          12  0.327667922       1.51852658E-02 -0.500000000    
          32          13  0.233629704      -8.19751236E-04 -0.500000000    
          32          14  0.122195944      -7.91238714E-03 -0.500000000    
          32          15  0.141505644      -2.74988692E-02 -0.500000000    
          32          16  0.126475811      -5.87055832E-02 -0.500000000    
          32          17   8.74685571E-02  -7.42899850E-02 -0.500000000    
          32          18  0.108454727      -7.43813664E-02 -0.500000000    
          32          19  0.125006810      -5.83572388E-02 -0.500000000    
          32          20   5.66788167E-02  -3.64908241E-02 -0.500000000    
          32          21  0.109173454      -1.63322464E-02 -0.500000000    
          32          22  0.157777175       7.88245071E-03 -0.500000000    
          32          23  0.157245517       3.55431102E-02 -0.500000000    
          32          24  0.143228099       5.81839569E-02 -0.500000000    
          32          25  0.212248743       7.42401704E-02 -0.500000000    
          32          26  0.305805176       6.83101788E-02 -0.500000000    
          32          27  0.387224883       8.44076723E-02 -0.500000000    
          32          28  0.365032464      0.123683847     -0.500000000    
          32          29  0.357721567      0.150395304     -0.500000000    
          32          30  0.188756466      0.152970165     -0.500000000    
          32          31   3.05901840E-02  0.126593783     -0.500000000    
          32          32  0.459080011       8.78750831E-02 -0.500000000    
          32          33  0.595943391       7.95988515E-02 -0.500000000    
          33           1  0.155595750       9.37861949E-02 -0.500000000    
          33           2  0.313982517      0.146344557     -0.500000000    
          33           3  0.267172605      0.172904968     -0.500000000    
          33           4  0.452801615      0.165087074     -0.500000000    
          33           5  0.547332466      0.143960088     -0.500000000    
          33           6  0.427187264      0.116875596     -0.500000000    
          33           7   5.49399070E-02   8.73383582E-02 -0.500000000    
          33           8  -8.03781152E-02   8.90280902E-02 -0.500000000    
          33           9  -8.36695433E-02   9.49081779E-02 -0.500000000    
          33          10  -5.86557202E-03   8.70100707E-02 -0.500000000    
          33          11   9.14899334E-02   6.93255737E-02 -0.500000000    
          33          12  0.199193507       3.67340147E-02 -0.500000000    
          33          13  0.277617842       1.29542174E-02 -0.500000000    
          33          14  0.308298051       5.64879924E-03 -0.500000000    
          33          15  0.222567767      -3.81162332E-04 -0.500000000    
          33          16  0.106772788      -2.22740471E-02 -0.500000000    
          33          17   5.53615540E-02  -4.24479395E-02 -0.500000000    
          33          18   8.42546225E-02  -3.61919850E-02 -0.500000000    
          33          19  0.192502871      -2.46874616E-02 -0.500000000    
          33          20  0.241542175      -2.27560457E-02 -0.500000000    
          33          21  0.186252415      -8.83341581E-03 -0.500000000    
          33          22   9.97073054E-02   2.88014337E-02 -0.500000000    
          33          23  -8.13918840E-03   6.02058545E-02 -0.500000000    
          33          24 -0.116672032       7.89305195E-02 -0.500000000    
          33          25 -0.118564777       8.96956399E-02 -0.500000000    
          33          26  -3.68085690E-02   7.48597756E-02 -0.500000000    
          33          27  0.143012270       8.65880251E-02 -0.500000000    
          33          28  0.283431202      0.121810451     -0.500000000    
          33          29  0.397830307      0.149030283     -0.500000000    
          33          30  0.293614507      0.161964580     -0.500000000    
          33          31   9.67051461E-02  0.131522074     -0.500000000    
          33          32  0.595588386       7.96151087E-02 -0.500000000    
          33          33  0.592929602       8.38434994E-02 -0.500000000    
