           1           1  0.440572202     -0.160339043     -0.500000000    
           1           2  0.265201539     -0.128707170     -0.500000000    
           1           3  0.181593150     -0.105440125     -0.500000000    
           1           4  0.148104340      -7.72052854E-02 -0.500000000    
           1           5   7.50258490E-02  -5.59286326E-02 -0.500000000    
           1           6   8.32641274E-02  -3.74206379E-02 -0.500000000    
           1           7   5.86880967E-02  -5.37157953E-02 -0.500000000    
           1           8  0.160083741      -7.23272115E-02 -0.500000000    
           1           9  0.140842393      -8.04808587E-02 -0.500000000    
           1          10  0.134945065      -5.75812384E-02 -0.500000000    
           1          11  0.275222152      -2.55216770E-02 -0.500000000    
           1          12  0.241760284       1.75349810E-03 -0.500000000    
           1          13  0.243947417       3.66145303E-03 -0.500000000    
           1          14  0.200989634      -1.08636292E-02 -0.500000000    
           1          15   6.64646253E-02   1.02285584E-02 -0.500000000    
           1          16   4.45412174E-02   9.95963160E-03 -0.500000000    
           1          17  0.128056124       1.03359101E-02 -0.500000000    
           1          18   7.79479146E-02   1.47855105E-02 -0.500000000    
           1          19   9.25277472E-02  -1.14066750E-02 -0.500000000    
           1          20  0.232942536      -1.78830270E-02 -0.500000000    
           1          21  0.264130801       1.02021880E-02 -0.500000000    
           1          22  0.234454066       1.38933025E-02 -0.500000000    
           1          23  0.115114637       2.56090891E-04 -0.500000000    
           1          24  -7.47937802E-03  -3.72847915E-02 -0.500000000    
           1          25  0.167538643      -6.47109598E-02 -0.500000000    
           1          26  0.367287040      -5.23320474E-02 -0.500000000    
           1          27  0.550382912      -2.76801083E-02 -0.500000000    
           1          28  0.840108633      -3.97126004E-02 -0.500000000    
           1          29  0.785377860      -8.84224027E-02 -0.500000000    
           1          30  0.584581375     -0.137986943     -0.500000000    
           1          31  0.172414586     -0.176562950     -0.500000000    
           1          32   7.31509700E-02 -0.200151533     -0.500000000    
           1          33  0.286792934     -0.230661213     -0.500000000    
           2           1  0.265191436     -0.128692955     -0.500000000    
           2           2  0.221830979     -0.110218324     -0.500000000    
           2           3  0.186382979      -9.90207642E-02 -0.500000000    
           2           4  0.139940411      -8.27881768E-02 -0.500000000    
           2           5   8.00384283E-02  -6.10414818E-02 -0.500000000    
           2           6  0.202501446      -4.81865443E-02 -0.500000000    
           2           7  -6.22126237E-02  -6.49207681E-02 -0.500000000    
           2           8   3.54591757E-02  -8.24018270E-02 -0.500000000    
           2           9  0.160028175      -8.96310136E-02 -0.500000000    
           2          10  0.236950740      -7.06190169E-02 -0.500000000    
           2          11  0.232214734      -4.23970297E-02 -0.500000000    
           2          12  0.149993554      -1.56598687E-02 -0.500000000    
           2          13   5.98746985E-02  -1.48882857E-02 -0.500000000    
           2          14  -2.67570019E-02  -2.52728071E-02 -0.500000000    
           2          15   1.49112511E-02  -6.11815660E-04 -0.500000000    
           2          16  0.203010008       8.78875516E-03 -0.500000000    
           2          17  0.313502461       1.39192492E-02 -0.500000000    
           2          18  0.264435768       1.43429469E-02 -0.500000000    
           2          19  0.104994781      -1.80703867E-02 -0.500000000    
           2          20   3.76772769E-02  -2.92524938E-02 -0.500000000    
           2          21  -5.34540229E-03   1.03789964E-03 -0.500000000    
           2          22  -4.20176499E-02   8.74990318E-03 -0.500000000    
           2          23  -6.40183613E-02  -4.20618337E-03 -0.500000000    
           2          24  -1.84708834E-02  -3.88376266E-02 -0.500000000    
           2          25   2.37448215E-02  -6.56996816E-02 -0.500000000    
           2          26  0.186587498      -6.49438649E-02 -0.500000000    
           2          27  0.435290635      -5.45940287E-02 -0.500000000    
           2          28  0.812283695      -5.64327873E-02 -0.500000000    
           2          29  0.809196413     -0.100391768     -0.500000000    
           2          30  0.711309135     -0.150950626     -0.500000000    
           2          31  0.464701593     -0.179291904     -0.500000000    
           2          32  0.239174575     -0.189890787     -0.500000000    
           2          33  0.260927618     -0.194126263     -0.500000000    
           3           1  0.181656465     -0.105422370     -0.500000000    
           3           2  0.186420500      -9.90091935E-02 -0.500000000    
           3           3  0.207640663     -0.104638852     -0.500000000    
           3           4   8.49700272E-02  -9.93127823E-02 -0.500000000    
           3           5  0.173395008      -8.47212076E-02 -0.500000000    
           3           6  0.237873822      -7.17950091E-02 -0.500000000    
           3           7  -2.05536839E-02  -8.46049637E-02 -0.500000000    
           3           8  -2.15971228E-02  -9.10084173E-02 -0.500000000    
           3           9   8.49953294E-02  -7.87470415E-02 -0.500000000    
           3          10  0.264693230      -5.81183359E-02 -0.500000000    
           3          11  0.263784170      -3.23177315E-02 -0.500000000    
           3          12  0.124694392      -1.09255295E-02 -0.500000000    
           3          13   1.86362118E-02  -1.85605604E-02 -0.500000000    
           3          14   2.95437779E-02  -2.61953529E-02 -0.500000000    
           3          15   4.66452911E-02  -1.71274145E-03 -0.500000000    
           3          16  0.151528522      -3.98273766E-03 -0.500000000    
           3          17  0.227925390      -1.46956146E-02 -0.500000000    
           3          18  0.212925270      -1.47380242E-02 -0.500000000    
           3          19  0.133743390      -2.84341983E-02 -0.500000000    
           3          20  0.104352504      -3.77732590E-02 -0.500000000    
           3          21   3.29979230E-03  -7.22766109E-03 -0.500000000    
           3          22 -0.102806218       5.24401758E-03 -0.500000000    
           3          23 -0.111848496       6.99634897E-03 -0.500000000    
           3          24  -2.76063886E-02  -1.90354586E-02 -0.500000000    
           3          25   1.26071032E-02  -4.92832139E-02 -0.500000000    
           3          26  0.169438705      -6.85890466E-02 -0.500000000    
           3          27  0.400079399      -7.94322193E-02 -0.500000000    
           3          28  0.710598111      -8.01574141E-02 -0.500000000    
           3          29  0.785585284     -0.117719963     -0.500000000    
           3          30  0.683036029     -0.150850877     -0.500000000    
           3          31  0.484405398     -0.160612524     -0.500000000    
           3          32  0.296481699     -0.158020616     -0.500000000    
           3          33  0.181995854     -0.153598219     -0.500000000    
           4           1  0.148097396      -7.71838352E-02 -0.500000000    
           4           2  0.139956519      -8.27700049E-02 -0.500000000    
           4           3   8.49585459E-02  -9.93006527E-02 -0.500000000    
           4           4  0.128866553      -9.88842472E-02 -0.500000000    
           4           5  0.249626830      -7.52303898E-02 -0.500000000    
           4           6   6.03678040E-02  -7.34057054E-02 -0.500000000    
           4           7  -5.50355278E-02  -8.24073330E-02 -0.500000000    
           4           8  -6.01151697E-02  -8.23564231E-02 -0.500000000    
           4           9  -3.28916833E-02  -5.70742190E-02 -0.500000000    
           4          10   4.06932645E-02  -3.55739333E-02 -0.500000000    
           4          11   8.46207365E-02  -1.55819403E-02 -0.500000000    
           4          12   8.55416059E-02   2.83021806E-03 -0.500000000    
           4          13   9.57420468E-02  -6.85096625E-03 -0.500000000    
           4          14  0.143234029      -1.62782930E-02 -0.500000000    
           4          15  0.106703728      -6.63538743E-03 -0.500000000    
           4          16   7.31449053E-02  -7.06153549E-03 -0.500000000    
           4          17   3.55440080E-02  -7.15162745E-03 -0.500000000    
           4          18   7.61436075E-02  -1.22864433E-02 -0.500000000    
           4          19  0.136957407      -3.26663256E-02 -0.500000000    
           4          20  0.197010219      -4.00135405E-02 -0.500000000    
           4          21  0.194314465      -5.78727433E-03 -0.500000000    
           4          22  0.134950012       3.18597513E-03 -0.500000000    
           4          23  -4.62546088E-02   1.32438922E-02 -0.500000000    
           4          24   4.38781232E-02  -2.18797079E-03 -0.500000000    
           4          25  0.153775513      -3.34411226E-02 -0.500000000    
           4          26  0.172916502      -6.18583187E-02 -0.500000000    
           4          27  0.238694727      -8.80686715E-02 -0.500000000    
           4          28  0.362445712     -0.100773543     -0.500000000    
           4          29  0.575280368     -0.117735200     -0.500000000    
           4          30  0.562453628     -0.130694851     -0.500000000    
           4          31  0.296808630     -0.120422713     -0.500000000    
           4          32  0.217584968     -0.105374314     -0.500000000    
           4          33  0.134755060     -0.102839597     -0.500000000    
           5           1   7.43226483E-02  -5.59151918E-02 -0.500000000    
           5           2   7.93965161E-02  -6.10339195E-02 -0.500000000    
           5           3  0.173037231      -8.47190991E-02 -0.500000000    
           5           4  0.249482021      -7.52364174E-02 -0.500000000    
           5           5   4.91956025E-02  -5.87870330E-02 -0.500000000    
           5           6   2.61877626E-02  -6.38319701E-02 -0.500000000    
           5           7  -4.33806852E-02  -6.45212904E-02 -0.500000000    
           5           8  -4.34968509E-02  -5.48242219E-02 -0.500000000    
           5           9   2.66482960E-03  -2.89949868E-02 -0.500000000    
           5          10   2.71675773E-02  -1.05463890E-02 -0.500000000    
           5          11   2.01310795E-02   1.10438783E-02 -0.500000000    
           5          12   3.55696231E-02   1.46554811E-02 -0.500000000    
           5          13  0.155250728      -1.00019416E-02 -0.500000000    
           5          14  0.235398382      -1.25791319E-02 -0.500000000    
           5          15  0.123589233       8.53167102E-03 -0.500000000    
           5          16   2.80955080E-02   1.22350482E-02 -0.500000000    
           5          17   2.80317049E-02   1.01432800E-02 -0.500000000    
           5          18   3.98783162E-02   9.88980941E-03 -0.500000000    
           5          19  0.114029884      -5.08358760E-04 -0.500000000    
           5          20  0.249696642      -2.08454710E-02 -0.500000000    
           5          21  0.227189526      -5.88849932E-03 -0.500000000    
           5          22  0.130304351       1.71802309E-03 -0.500000000    
           5          23  -2.06175838E-02   1.55289434E-02 -0.500000000    
           5          24   9.46570411E-02   3.14647960E-03 -0.500000000    
           5          25  0.219768748      -1.67277344E-02 -0.500000000    
           5          26  0.165696114      -4.09657694E-02 -0.500000000    
           5          27  0.190917954      -7.68575296E-02 -0.500000000    
           5          28  0.217151627     -0.103201553     -0.500000000    
           5          29  0.158174232     -0.120581895     -0.500000000    
           5          30  0.185971618     -0.120790623     -0.500000000    
           5          31  0.131503627      -9.36906859E-02 -0.500000000    
           5          32  0.115724288      -7.09523261E-02 -0.500000000    
           5          33  0.179793999      -6.07926622E-02 -0.500000000    
           6           1   8.25151652E-02  -3.74239013E-02 -0.500000000    
           6           2  0.201850787      -4.81973775E-02 -0.500000000    
           6           3  0.237564832      -7.18152523E-02 -0.500000000    
           6           4   6.03295043E-02  -7.34230056E-02 -0.500000000    
           6           5   2.62299404E-02  -6.38391972E-02 -0.500000000    
           6           6  0.150825664      -5.42097948E-02 -0.500000000    
           6           7   6.18367009E-02  -3.66869234E-02 -0.500000000    
           6           8  -3.17462198E-02  -1.90797858E-02 -0.500000000    
           6           9   3.25572379E-02   2.14335159E-03 -0.500000000    
           6          10  0.119136170       2.03414708E-02 -0.500000000    
           6          11   9.15040523E-02   2.51347534E-02 -0.500000000    
           6          12  0.116677530       7.02458806E-03 -0.500000000    
           6          13  0.151806265      -1.97311472E-02 -0.500000000    
           6          14  0.149377763      -1.42500373E-02 -0.500000000    
           6          15   9.76091549E-02   1.39917489E-02 -0.500000000    
           6          16   3.60016227E-02   2.64207628E-02 -0.500000000    
           6          17   6.67741429E-03   3.12442612E-02 -0.500000000    
           6          18   1.95260905E-02   3.72032002E-02 -0.500000000    
           6          19   9.22220722E-02   2.19579022E-02 -0.500000000    
           6          20  0.118700214      -1.42834987E-02 -0.500000000    
           6          21  0.120524816      -4.74511180E-03 -0.500000000    
           6          22  0.137070909      -3.47592821E-03 -0.500000000    
           6          23  -3.70589085E-02   9.02668852E-03 -0.500000000    
           6          24  -4.93987650E-02   1.30303567E-02 -0.500000000    
           6          25   2.71967258E-02  -5.01238415E-03 -0.500000000    
           6          26   8.95458683E-02  -2.31506135E-02 -0.500000000    
           6          27  0.213711336      -5.55415489E-02 -0.500000000    
           6          28  0.209232032      -9.36507285E-02 -0.500000000    
           6          29   1.37767242E-02 -0.120911278     -0.500000000    
           6          30  -2.82050967E-02 -0.130032644     -0.500000000    
           6          31  -5.55440709E-02 -0.104852386     -0.500000000    
           6          32   8.53503346E-02  -6.79733828E-02 -0.500000000    
           6          33  0.173085630      -5.23736775E-02 -0.500000000    
           7           1   5.85087724E-02  -5.37218824E-02 -0.500000000    
           7           2  -6.23435937E-02  -6.49307519E-02 -0.500000000    
           7           3  -2.06335895E-02  -8.46165121E-02 -0.500000000    
           7           4  -5.50512522E-02  -8.24168175E-02 -0.500000000    
           7           5  -4.33628671E-02  -6.45279288E-02 -0.500000000    
           7           6   6.18439205E-02  -3.66893001E-02 -0.500000000    
           7           7   1.48517601E-02  -1.12695349E-02 -0.500000000    
           7           8  -2.56848475E-03   1.35477632E-02 -0.500000000    
           7           9   5.74716553E-02   4.43670228E-02 -0.500000000    
           7          10   8.71739388E-02   5.14218733E-02 -0.500000000    
           7          11  0.250482917       2.87148468E-02 -0.500000000    
           7          12  0.218374848      -1.72397959E-05 -0.500000000    
           7          13   4.13277820E-02  -3.18734273E-02 -0.500000000    
           7          14   1.96765177E-05  -1.34078860E-02 -0.500000000    
           7          15  -6.67650849E-02   1.49325673E-02 -0.500000000    
           7          16   1.51847983E-02   2.43170615E-02 -0.500000000    
           7          17  0.105541967       3.50870080E-02 -0.500000000    
           7          18   6.39688745E-02   4.31542695E-02 -0.500000000    
           7          19  -2.94890516E-02   2.88316663E-02 -0.500000000    
           7          20  -5.35659455E-02  -1.29704531E-02 -0.500000000    
           7          21  -6.48321807E-02  -1.91115048E-02 -0.500000000    
           7          22   9.17418376E-02  -9.27406922E-03 -0.500000000    
           7          23   4.90461104E-03   6.91340817E-03 -0.500000000    
           7          24 -0.179122686       2.54149549E-02 -0.500000000    
           7          25  -5.53389080E-02   2.86335982E-02 -0.500000000    
           7          26   6.99303746E-02   1.02080777E-03 -0.500000000    
           7          27  0.153302222      -3.89821939E-02 -0.500000000    
           7          28  0.109735459      -8.52838829E-02 -0.500000000    
           7          29  -2.41381414E-02 -0.123553440     -0.500000000    
           7          30  -2.54748091E-02 -0.133102104     -0.500000000    
           7          31  -5.78849912E-02 -0.110006526     -0.500000000    
           7          32   1.31719448E-02  -7.10370317E-02 -0.500000000    
           7          33   9.51776579E-02  -5.66528589E-02 -0.500000000    
           8           1  0.160149500      -7.23239779E-02 -0.500000000    
           8           2   3.54624912E-02  -8.24002251E-02 -0.500000000    
           8           3  -2.15877630E-02  -9.10100415E-02 -0.500000000    
           8           4  -6.01407029E-02  -8.23603570E-02 -0.500000000    
           8           5  -4.34757136E-02  -5.48272282E-02 -0.500000000    
           8           6  -3.17247249E-02  -1.90804824E-02 -0.500000000    
           8           7  -2.54168548E-03   1.35487504E-02 -0.500000000    
           8           8   8.62616971E-02   5.52553125E-02 -0.500000000    
           8           9   9.86969545E-02   7.91142955E-02 -0.500000000    
           8          10   3.90464664E-02   7.33705312E-02 -0.500000000    
           8          11  0.126565471       3.63588221E-02 -0.500000000    
           8          12   4.96892855E-02   4.68467502E-03 -0.500000000    
           8          13   2.93935109E-02  -1.98602024E-02 -0.500000000    
           8          14   8.91656801E-02  -8.04767071E-04 -0.500000000    
           8          15   5.86143993E-02   2.01717839E-02 -0.500000000    
           8          16   1.86393708E-02   1.98878460E-02 -0.500000000    
           8          17   3.90388295E-02   2.33582389E-02 -0.500000000    
           8          18  -1.28950719E-02   3.51940840E-02 -0.500000000    
           8          19  -1.17223873E-03   2.94576846E-02 -0.500000000    
           8          20   1.74893364E-02  -9.58866440E-03 -0.500000000    
           8          21  -3.13084461E-02  -1.36698214E-02 -0.500000000    
           8          22  -4.46778815E-03  -2.51730531E-03 -0.500000000    
           8          23 -0.127929851       1.91220380E-02 -0.500000000    
           8          24 -0.145013511       3.51227932E-02 -0.500000000    
           8          25 -0.110724628       5.76686226E-02 -0.500000000    
           8          26   9.55797583E-02   3.51322517E-02 -0.500000000    
           8          27   9.02156532E-02  -2.25077197E-02 -0.500000000    
           8          28   5.91091923E-02  -7.50392675E-02 -0.500000000    
           8          29  -1.63372587E-02 -0.117730729     -0.500000000    
           8          30   4.56698351E-02 -0.131098583     -0.500000000    
           8          31  0.106761232     -0.112174667     -0.500000000    
           8          32  0.186548606      -8.16155523E-02 -0.500000000    
           8          33  0.165984243      -6.11172840E-02 -0.500000000    
           9           1  0.140917227      -8.04837570E-02 -0.500000000    
           9           2  0.159993246      -8.96333307E-02 -0.500000000    
           9           3   8.50015953E-02  -7.87534267E-02 -0.500000000    
           9           4  -3.28746662E-02  -5.70803285E-02 -0.500000000    
           9           5   2.69410387E-03  -2.89973468E-02 -0.500000000    
           9           6   3.25730257E-02   2.14769784E-03 -0.500000000    
           9           7   5.74616343E-02   4.43747230E-02 -0.500000000    
           9           8   9.86633524E-02   7.91187510E-02 -0.500000000    
           9           9  -4.47704531E-02   8.54820460E-02 -0.500000000    
           9          10 -0.115348317       5.99861629E-02 -0.500000000    
           9          11   5.62798791E-02   2.79040784E-02 -0.500000000    
           9          12   4.26567197E-02   6.11617928E-03 -0.500000000    
           9          13   5.95207699E-02  -9.41246375E-03 -0.500000000    
           9          14  0.109500229       1.79821290E-02 -0.500000000    
           9          15   9.82188508E-02   2.88674012E-02 -0.500000000    
           9          16   9.34245214E-02   1.51572982E-02 -0.500000000    
           9          17   6.27314076E-02   1.12702372E-02 -0.500000000    
           9          18   2.98289470E-02   2.81794444E-02 -0.500000000    
           9          19   2.84317676E-02   3.96906137E-02 -0.500000000    
           9          20   2.32862569E-02   9.99910291E-03 -0.500000000    
           9          21   3.50869894E-02  -3.85744916E-03 -0.500000000    
           9          22   4.28699404E-02   1.84012076E-03 -0.500000000    
           9          23 -0.107541695       2.01541912E-02 -0.500000000    
           9          24 -0.136834145       3.58303823E-02 -0.500000000    
           9          25  -5.71004003E-02   5.60096800E-02 -0.500000000    
           9          26   6.78459555E-02   4.59614806E-02 -0.500000000    
           9          27  0.125740215       3.82190774E-04 -0.500000000    
           9          28  0.105882570      -5.65647259E-02 -0.500000000    
           9          29  -4.95752618E-02  -8.46522227E-02 -0.500000000    
           9          30  0.153639153      -9.74910781E-02 -0.500000000    
           9          31  0.254037231      -9.50473994E-02 -0.500000000    
           9          32  0.290778100      -7.70318732E-02 -0.500000000    
           9          33  0.108764738      -6.02950454E-02 -0.500000000    
          10           1  0.135076106      -5.75868413E-02 -0.500000000    
          10           2  0.236985281      -7.06262439E-02 -0.500000000    
          10           3  0.264673769      -5.81275634E-02 -0.500000000    
          10           4   4.07262705E-02  -3.55814360E-02 -0.500000000    
          10           5   2.71735061E-02  -1.05487127E-02 -0.500000000    
          10           6  0.119150005       2.03470271E-02 -0.500000000    
          10           7   8.71779770E-02   5.14323190E-02 -0.500000000    
          10           8   3.90111059E-02   7.33790025E-02 -0.500000000    
          10           9 -0.115352347       5.99871203E-02 -0.500000000    
          10          10 -0.102214232       2.82877292E-02 -0.500000000    
          10          11   8.48814994E-02  -6.14808220E-03 -0.500000000    
          10          12  0.146248728      -2.12595239E-02 -0.500000000    
          10          13  0.115380540      -2.34540794E-02 -0.500000000    
          10          14   9.21650901E-02   1.60643607E-02 -0.500000000    
          10          15   2.62318030E-02   2.88613793E-02 -0.500000000    
          10          16   1.84693485E-02   2.53637657E-02 -0.500000000    
          10          17   1.71645824E-02   3.14636528E-02 -0.500000000    
          10          18   1.44766076E-02   4.79568951E-02 -0.500000000    
          10          19   2.84929518E-02   5.46294414E-02 -0.500000000    
          10          20   7.00833350E-02   1.77169871E-02 -0.500000000    
          10          21   9.95213538E-02  -1.66436899E-02 -0.500000000    
          10          22  0.144980654      -1.73984300E-02 -0.500000000    
          10          23  -1.92162283E-02  -6.96466584E-03 -0.500000000    
          10          24  -6.77247047E-02   2.73253135E-02 -0.500000000    
          10          25  -7.12352693E-02   4.67456318E-02 -0.500000000    
          10          26  0.119064927       3.23626623E-02 -0.500000000    
          10          27   6.15448356E-02   7.60140270E-03 -0.500000000    
          10          28   6.07129233E-03  -2.54120436E-02 -0.500000000    
          10          29  -2.74461880E-02  -5.23454957E-02 -0.500000000    
          10          30  0.268432230      -5.74088544E-02 -0.500000000    
          10          31  0.416266680      -5.67699708E-02 -0.500000000    
          10          32  0.268594563      -4.46307026E-02 -0.500000000    
          10          33   1.21475570E-03  -2.57562753E-02 -0.500000000    
          11           1  0.275349975      -2.55186576E-02 -0.500000000    
          11           2  0.232254341      -4.24007103E-02 -0.500000000    
          11           3  0.263780653      -3.23245078E-02 -0.500000000    
          11           4   8.46783370E-02  -1.55878980E-02 -0.500000000    
          11           5   2.01484431E-02   1.10416999E-02 -0.500000000    
          11           6   9.14892778E-02   2.51386724E-02 -0.500000000    
          11           7  0.250455290       2.87225917E-02 -0.500000000    
          11           8  0.126521677       3.63599434E-02 -0.500000000    
          11           9   5.62636703E-02   2.78974976E-02 -0.500000000    
          11          10   8.48973840E-02  -6.15471089E-03 -0.500000000    
          11          11  0.202807501      -5.17670326E-02 -0.500000000    
          11          12  0.177242979      -7.18218237E-02 -0.500000000    
          11          13  0.150819391      -5.14988080E-02 -0.500000000    
          11          14  0.105732754       2.38992716E-03 -0.500000000    
          11          15   2.05994118E-02   2.61508916E-02 -0.500000000    
          11          16  -6.64626658E-02   4.23473977E-02 -0.500000000    
          11          17 -0.115698799       6.12468831E-02 -0.500000000    
          11          18  -9.21093449E-02   7.05463439E-02 -0.500000000    
          11          19  -1.23350993E-02   6.59446120E-02 -0.500000000    
          11          20   7.22242519E-02   2.01064143E-02 -0.500000000    
          11          21  0.116430707      -3.92465554E-02 -0.500000000    
          11          22  0.164141238      -5.34226336E-02 -0.500000000    
          11          23  0.126781046      -3.86295468E-02 -0.500000000    
          11          24   7.67403916E-02   9.76152532E-03 -0.500000000    
          11          25   2.43730135E-02   2.91061923E-02 -0.500000000    
          11          26  0.218042359       1.66726504E-02 -0.500000000    
          11          27  0.202746868      -5.98351890E-03 -0.500000000    
          11          28  -2.01868378E-02  -1.01845376E-02 -0.500000000    
          11          29  -5.60174249E-02  -2.14053337E-02 -0.500000000    
          11          30   5.72979562E-02  -1.71680618E-02 -0.500000000    
          11          31  0.210555643      -9.80332214E-03 -0.500000000    
          11          32  0.135246009       3.94261396E-03 -0.500000000    
          11          33   4.20699641E-02   2.64002532E-02 -0.500000000    
          12           1  0.241724968       1.77347101E-03 -0.500000000    
          12           2  0.149916619      -1.56461541E-02 -0.500000000    
          12           3  0.124659449      -1.09172920E-02 -0.500000000    
          12           4   8.55364576E-02   2.83711567E-03 -0.500000000    
          12           5   3.55801955E-02   1.46598909E-02 -0.500000000    
          12           6  0.116687559       7.02386303E-03 -0.500000000    
          12           7  0.218355030      -2.08102574E-05 -0.500000000    
          12           8   4.96803746E-02   4.67698742E-03 -0.500000000    
          12           9   4.26751785E-02   6.10157847E-03 -0.500000000    
          12          10  0.146294460      -2.12731417E-02 -0.500000000    
          12          11  0.177260682      -7.18272701E-02 -0.500000000    
          12          12  0.146219879     -0.101070784     -0.500000000    
          12          13  0.143218532      -7.42204189E-02 -0.500000000    
          12          14  0.111742929      -2.37353463E-02 -0.500000000    
          12          15   5.79088852E-02   1.12924585E-02 -0.500000000    
          12          16  -1.71828531E-02   5.08497134E-02 -0.500000000    
          12          17  -5.07871620E-02   7.89089575E-02 -0.500000000    
          12          18  -4.46262509E-02   7.55830035E-02 -0.500000000    
          12          19  -6.76913699E-03   5.16103320E-02 -0.500000000    
          12          20   5.14072888E-02   1.85608122E-04 -0.500000000    
          12          21  0.112142816      -6.28081411E-02 -0.500000000    
          12          22  0.144431815      -7.17248172E-02 -0.500000000    
          12          23  0.172577068      -4.46422733E-02 -0.500000000    
          12          24  0.150287643       3.33701447E-03 -0.500000000    
          12          25   5.10743186E-02   1.96087472E-02 -0.500000000    
          12          26   8.95950049E-02   1.07617974E-02 -0.500000000    
          12          27  0.160344407       1.12809357E-03 -0.500000000    
          12          28   7.91823640E-02  -7.35696452E-03 -0.500000000    
          12          29  -1.09366830E-02  -6.05000649E-04 -0.500000000    
          12          30  -6.15508743E-02   1.33847247E-03 -0.500000000    
          12          31  0.114729069       8.73567630E-03 -0.500000000    
          12          32   8.62272605E-02   2.96019316E-02 -0.500000000    
          12          33  0.151204273       5.93051985E-02 -0.500000000    
          13           1  0.243769154       3.69229424E-03 -0.500000000    
          13           2   5.96829914E-02  -1.48645584E-02 -0.500000000    
          13           3   1.85430869E-02  -1.85436793E-02 -0.500000000    
          13           4   9.57121029E-02  -6.83653541E-03 -0.500000000    
          13           5  0.155289873      -9.99598205E-03 -0.500000000    
          13           6  0.151880190      -1.97341722E-02 -0.500000000    
          13           7   4.13596667E-02  -3.18809263E-02 -0.500000000    
          13           8   2.94259638E-02  -1.98701601E-02 -0.500000000    
          13           9   5.95683642E-02  -9.42695327E-03 -0.500000000    
          13          10  0.115423121      -2.34661736E-02 -0.500000000    
          13          11  0.150829762      -5.15033901E-02 -0.500000000    
          13          12  0.143219739      -7.42201358E-02 -0.500000000    
          13          13  0.172397450      -4.40491550E-02 -0.500000000    
          13          14  0.179528639      -1.90295558E-02 -0.500000000    
          13          15  0.125770301      -9.04756971E-03 -0.500000000    
          13          16   2.94482429E-02   1.40791880E-02 -0.500000000    
          13          17  -2.99365334E-02   3.11748926E-02 -0.500000000    
          13          18  -1.54888388E-02   2.74357758E-02 -0.500000000    
          13          19   6.64760992E-02   1.92301124E-02 -0.500000000    
          13          20  0.139271796      -3.26270238E-05 -0.500000000    
          13          21  0.151790410      -4.09225971E-02 -0.500000000    
          13          22  0.145323694      -4.21470553E-02 -0.500000000    
          13          23  0.182697922      -1.21505810E-02 -0.500000000    
          13          24  0.166161031       1.21268183E-02 -0.500000000    
          13          25  0.144491777       2.45235171E-02 -0.500000000    
          13          26   5.39697781E-02   1.37577942E-02 -0.500000000    
          13          27   6.37013838E-02  -3.03280773E-03 -0.500000000    
          13          28  0.140739724      -1.26021802E-02 -0.500000000    
          13          29  0.110563658      -1.17528252E-02 -0.500000000    
          13          30   2.10401732E-02  -7.82185141E-03 -0.500000000    
          13          31   3.23140100E-02  -1.24385422E-02 -0.500000000    
          13          32  0.152114347       1.20614124E-02 -0.500000000    
          13          33  0.253929257       4.41393517E-02 -0.500000000    
          14           1  0.200811222      -1.08402148E-02 -0.500000000    
          14           2  -2.69059353E-02  -2.52539925E-02 -0.500000000    
          14           3   2.94444486E-02  -2.61808019E-02 -0.500000000    
          14           4  0.143162921      -1.62665024E-02 -0.500000000    
          14           5  0.235422343      -1.25720892E-02 -0.500000000    
          14           6  0.149456158      -1.42520536E-02 -0.500000000    
          14           7   5.42229973E-05  -1.34167364E-02 -0.500000000    
          14           8   8.91906917E-02  -8.18359200E-04 -0.500000000    
          14           9  0.109554321       1.79694667E-02 -0.500000000    
          14          10   9.22033638E-02   1.60566773E-02 -0.500000000    
          14          11  0.105743252       2.38879700E-03 -0.500000000    
          14          12  0.111753725      -2.37321351E-02 -0.500000000    
          14          13  0.179534689      -1.90272704E-02 -0.500000000    
          14          14  0.228998482      -2.89341584E-02 -0.500000000    
          14          15  0.183669373      -3.40534858E-02 -0.500000000    
          14          16   5.84892966E-02  -2.06859987E-02 -0.500000000    
          14          17   2.42024055E-03  -1.25774713E-02 -0.500000000    
          14          18   7.23718554E-02  -2.09246948E-02 -0.500000000    
          14          19  0.181569681      -2.45862436E-02 -0.500000000    
          14          20  0.226080254      -1.63720418E-02 -0.500000000    
          14          21  0.179529920      -1.56111857E-02 -0.500000000    
          14          22  0.137739405       4.90750745E-03 -0.500000000    
          14          23  0.145745724       4.09574695E-02 -0.500000000    
          14          24  0.146167442       5.77985048E-02 -0.500000000    
          14          25  0.226150095       6.55440092E-02 -0.500000000    
          14          26   4.87835854E-02   5.00323363E-02 -0.500000000    
          14          27   3.15942392E-02   2.22772304E-02 -0.500000000    
          14          28  0.138210818       8.14787950E-03 -0.500000000    
          14          29  0.151080474      -5.69779659E-03 -0.500000000    
          14          30  0.118881993      -8.85993149E-03 -0.500000000    
          14          31   1.14749558E-02  -1.51929744E-02 -0.500000000    
          14          32   7.34206513E-02  -4.69414145E-03 -0.500000000    
          14          33  0.154236466       2.37102117E-02 -0.500000000    
          15           1   6.63749278E-02   1.02404654E-02 -0.500000000    
          15           2   1.48621714E-02  -6.02129672E-04 -0.500000000    
          15           3   4.65637259E-02  -1.70589355E-03 -0.500000000    
          15           4  0.106637195      -6.63306843E-03 -0.500000000    
          15           5  0.123567939       8.52978136E-03 -0.500000000    
          15           6   9.76444483E-02   1.39871063E-02 -0.500000000    
          15           7  -6.66880235E-02   1.49195148E-02 -0.500000000    
          15           8   5.86217418E-02   2.01544501E-02 -0.500000000    
          15           9   9.82831120E-02   2.88574919E-02 -0.500000000    
          15          10   2.62775607E-02   2.88597476E-02 -0.500000000    
          15          11   2.06095446E-02   2.61551384E-02 -0.500000000    
          15          12   5.79142570E-02   1.12982942E-02 -0.500000000    
          15          13  0.125789911      -9.04522091E-03 -0.500000000    
          15          14  0.183684260      -3.40534709E-02 -0.500000000    
          15          15  0.161200240      -3.91972065E-02 -0.500000000    
          15          16   8.71273875E-02  -3.57663743E-02 -0.500000000    
          15          17   7.41605312E-02  -3.95287722E-02 -0.500000000    
          15          18  0.143254146      -5.12154028E-02 -0.500000000    
          15          19  0.220377028      -5.36898375E-02 -0.500000000    
          15          20  0.211310908      -3.16944383E-02 -0.500000000    
          15          21  0.144524246       5.89088397E-03 -0.500000000    
          15          22   8.91788304E-02   3.70393172E-02 -0.500000000    
          15          23   5.90097979E-02   6.17955290E-02 -0.500000000    
          15          24   4.56447639E-02   7.82558769E-02 -0.500000000    
          15          25  0.183073312       8.84250626E-02 -0.500000000    
          15          26   3.87528017E-02   7.98232406E-02 -0.500000000    
          15          27   2.55344305E-02   5.01117855E-02 -0.500000000    
          15          28   9.37739834E-02   3.06715313E-02 -0.500000000    
          15          29  0.133812070       1.54535901E-02 -0.500000000    
          15          30  0.124692664       5.80593664E-03 -0.500000000    
          15          31   6.53937310E-02   1.52767133E-02 -0.500000000    
          15          32   6.43950775E-02   1.09965475E-02 -0.500000000    
          15          33  0.133307859       2.61266772E-02 -0.500000000    
          16           1   4.44947146E-02   9.96802375E-03 -0.500000000    
          16           2  0.202983186       8.79335124E-03 -0.500000000    
          16           3  0.151500747      -3.98351764E-03 -0.500000000    
          16           4   7.31454715E-02  -7.06905220E-03 -0.500000000    
          16           5   2.80789733E-02   1.22219268E-02 -0.500000000    
          16           6   3.59974056E-02   2.64076032E-02 -0.500000000    
          16           7   1.52646499E-02   2.43049692E-02 -0.500000000    
          16           8   1.86656378E-02   1.98734049E-02 -0.500000000    
          16           9   9.34435651E-02   1.51522830E-02 -0.500000000    
          16          10   1.85252465E-02   2.53671855E-02 -0.500000000    
          16          11  -6.64481595E-02   4.23563682E-02 -0.500000000    
          16          12  -1.71835981E-02   5.08576259E-02 -0.500000000    
          16          13   2.94808857E-02   1.40807182E-02 -0.500000000    
          16          14   5.85236140E-02  -2.06878223E-02 -0.500000000    
          16          15   8.71488452E-02  -3.57688740E-02 -0.500000000    
          16          16  0.102625631      -5.33948354E-02 -0.500000000    
          16          17  0.149644703      -7.43489414E-02 -0.500000000    
          16          18  0.189546034      -8.57465863E-02 -0.500000000    
          16          19  0.177876472      -7.28973448E-02 -0.500000000    
          16          20  0.119625397      -3.03692631E-02 -0.500000000    
          16          21   6.70463666E-02   3.68694328E-02 -0.500000000    
          16          22  -1.86546915E-03   6.85797930E-02 -0.500000000    
          16          23  -2.44294330E-02   6.81092516E-02 -0.500000000    
          16          24  -3.20564606E-03   7.57338852E-02 -0.500000000    
          16          25   8.65874365E-02   8.64622220E-02 -0.500000000    
          16          26  0.134467006       8.35936517E-02 -0.500000000    
          16          27   7.47612566E-02   6.11018054E-02 -0.500000000    
          16          28  0.109319270       3.03779915E-02 -0.500000000    
          16          29  0.132303044       8.16205330E-03 -0.500000000    
          16          30  0.124411650       2.56367517E-03 -0.500000000    
          16          31  0.213177413       1.79387778E-02 -0.500000000    
          16          32  0.201101750       1.93833932E-02 -0.500000000    
          16          33  0.153285056       5.82566019E-03 -0.500000000    
          17           1  0.127960235       1.03402017E-02 -0.500000000    
          17           2  0.313421756       1.39217842E-02 -0.500000000    
          17           3  0.227936968      -1.47010805E-02 -0.500000000    
          17           4   3.55997011E-02  -7.16722291E-03 -0.500000000    
          17           5   2.80659143E-02   1.01220738E-02 -0.500000000    
          17           6   6.67489320E-03   3.12226098E-02 -0.500000000    
          17           7  0.105566345       3.50748375E-02 -0.500000000    
          17           8   3.91176231E-02   2.33482346E-02 -0.500000000    
          17           9   6.26802817E-02   1.12683857E-02 -0.500000000    
          17          10   1.72086004E-02   3.14697176E-02 -0.500000000    
          17          11 -0.115702830       6.12586290E-02 -0.500000000    
          17          12  -5.07994667E-02   7.89180920E-02 -0.500000000    
          17          13  -2.99036037E-02   3.11742071E-02 -0.500000000    
          17          14   2.46822811E-03  -1.25848157E-02 -0.500000000    
          17          15   7.42031857E-02  -3.95388268E-02 -0.500000000    
          17          16  0.149670810      -7.43577778E-02 -0.500000000    
          17          17  0.243406594     -0.107462958     -0.500000000    
          17          18  0.276204914     -0.118741006     -0.500000000    
          17          19  0.197877362      -9.15511996E-02 -0.500000000    
          17          20   9.50117111E-02  -3.13092470E-02 -0.500000000    
          17          21   4.21972200E-02   5.34298792E-02 -0.500000000    
          17          22  -3.09484620E-02   8.87433961E-02 -0.500000000    
          17          23  -5.18797040E-02   7.80292302E-02 -0.500000000    
          17          24  -4.46809921E-03   7.66743496E-02 -0.500000000    
          17          25  -2.75887530E-02   8.43214169E-02 -0.500000000    
          17          26  0.247786522       8.45977813E-02 -0.500000000    
          17          27  0.107154988       6.58485591E-02 -0.500000000    
          17          28  0.126285985       2.45122537E-02 -0.500000000    
          17          29  0.161622897      -6.26731245E-03 -0.500000000    
          17          30  0.136009306      -8.97899363E-03 -0.500000000    
          17          31  0.302742600       4.60386276E-03 -0.500000000    
          17          32  0.366185308       2.07287632E-02 -0.500000000    
          17          33  0.191558778      -1.20525518E-02 -0.500000000    
          18           1   7.79029429E-02   1.47910276E-02 -0.500000000    
          18           2  0.264330894       1.43447816E-02 -0.500000000    
          18           3  0.212909073      -1.47443246E-02 -0.500000000    
          18           4   7.62040466E-02  -1.23047093E-02 -0.500000000    
          18           5   3.99386026E-02   9.86413471E-03 -0.500000000    
          18           6   1.95515268E-02   3.71788368E-02 -0.500000000    
          18           7   6.39930964E-02   4.31408696E-02 -0.500000000    
          18           8  -1.28364107E-02   3.51846963E-02 -0.500000000    
          18           9   2.97751296E-02   2.81761978E-02 -0.500000000    
          18          10   1.44706480E-02   4.79650088E-02 -0.500000000    
          18          11  -9.21418741E-02   7.05605447E-02 -0.500000000    
          18          12  -4.46552709E-02   7.55951181E-02 -0.500000000    
          18          13  -1.54773714E-02   2.74349395E-02 -0.500000000    
          18          14   7.24169686E-02  -2.09383722E-02 -0.500000000    
          18          15  0.143314779      -5.12350574E-02 -0.500000000    
          18          16  0.189598277      -8.57668743E-02 -0.500000000    
          18          17  0.276234806     -0.118754253     -0.500000000    
          18          18  0.335779071     -0.129380152     -0.500000000    
          18          19  0.299836665     -0.103007309     -0.500000000    
          18          20  0.173896238      -4.29234356E-02 -0.500000000    
          18          21   8.35483596E-02   4.18295264E-02 -0.500000000    
          18          22   5.84007986E-03   8.38429555E-02 -0.500000000    
          18          23  -2.96341032E-02   8.57031792E-02 -0.500000000    
          18          24   9.60722333E-04   8.51715654E-02 -0.500000000    
          18          25   1.00681577E-02   9.01044458E-02 -0.500000000    
          18          26  0.187805787       8.85506496E-02 -0.500000000    
          18          27   6.81489184E-02   6.50244802E-02 -0.500000000    
          18          28  0.116496742       2.29103863E-02 -0.500000000    
          18          29  0.163606882      -8.64457153E-03 -0.500000000    
          18          30  0.170310110      -1.98431313E-02 -0.500000000    
          18          31  0.342285633      -3.96492751E-03 -0.500000000    
          18          32  0.347190768       1.38366017E-02 -0.500000000    
          18          33  0.237581670      -8.09624139E-03 -0.500000000    
          19           1   9.26425233E-02  -1.14056813E-02 -0.500000000    
          19           2  0.104933940      -1.80766005E-02 -0.500000000    
          19           3  0.133671001      -2.84465924E-02 -0.500000000    
          19           4  0.136962608      -3.26875821E-02 -0.500000000    
          19           5  0.114068940      -5.33422164E-04 -0.500000000    
          19           6   9.22594741E-02   2.19391435E-02 -0.500000000    
          19           7  -2.94379406E-02   2.88189948E-02 -0.500000000    
          19           8  -1.14426017E-03   2.94460654E-02 -0.500000000    
          19           9   2.84195673E-02   3.96840945E-02 -0.500000000    
          19          10   2.84554269E-02   5.46368361E-02 -0.500000000    
          19          11  -1.23700229E-02   6.59592003E-02 -0.500000000    
          19          12  -6.79851510E-03   5.16247973E-02 -0.500000000    
          19          13   6.64771050E-02   1.92319509E-02 -0.500000000    
          19          14  0.181604668      -2.46005058E-02 -0.500000000    
          19          15  0.220437184      -5.37138581E-02 -0.500000000    
          19          16  0.177933916      -7.29236677E-02 -0.500000000    
          19          17  0.197916046      -9.15721133E-02 -0.500000000    
          19          18  0.299856305     -0.103016786     -0.500000000    
          19          19  0.354702950      -8.71457309E-02 -0.500000000    
          19          20  0.276676029      -3.83414067E-02 -0.500000000    
          19          21  0.163582027       2.15463415E-02 -0.500000000    
          19          22   7.49203712E-02   6.44590557E-02 -0.500000000    
          19          23   4.75483947E-02   8.65943432E-02 -0.500000000    
          19          24   2.91179996E-02   8.79834816E-02 -0.500000000    
          19          25  0.115820333       8.49100575E-02 -0.500000000    
          19          26   6.95461556E-02   7.47786015E-02 -0.500000000    
          19          27   2.61340141E-02   4.37082052E-02 -0.500000000    
          19          28  0.112180643       1.48978876E-02 -0.500000000    
          19          29  0.188294858      -1.29641257E-02 -0.500000000    
          19          30  0.224117309      -3.31702009E-02 -0.500000000    
          19          31  0.277511626      -1.76368896E-02 -0.500000000    
          19          32  0.257467955      -1.35159846E-02 -0.500000000    
          19          33  0.300037384      -1.02354903E-02 -0.500000000    
          20           1  0.233164504      -1.79128293E-02 -0.500000000    
          20           2   3.77286188E-02  -2.92925574E-02 -0.500000000    
          20           3  0.104217045      -3.78077887E-02 -0.500000000    
          20           4  0.196980730      -4.00482006E-02 -0.500000000    
          20           5  0.249739543      -2.08737962E-02 -0.500000000    
          20           6  0.118759193      -1.43010896E-02 -0.500000000    
          20           7  -5.35273179E-02  -1.29810022E-02 -0.500000000    
          20           8   1.75378062E-02  -9.59976576E-03 -0.500000000    
          20           9   2.32980773E-02   9.99287609E-03 -0.500000000    
          20          10   7.00528771E-02   1.77232604E-02 -0.500000000    
          20          11   7.21879080E-02   2.01197788E-02 -0.500000000    
          20          12   5.13796769E-02   1.99782749E-04 -0.500000000    
          20          13  0.139269352      -2.79445085E-05 -0.500000000    
          20          14  0.226107717      -1.63814034E-02 -0.500000000    
          20          15  0.211356670      -3.17139998E-02 -0.500000000    
          20          16  0.119665660      -3.03923115E-02 -0.500000000    
          20          17   9.50374454E-02  -3.13287973E-02 -0.500000000    
          20          18  0.173920408      -4.29352522E-02 -0.500000000    
          20          19  0.276696444      -3.83458361E-02 -0.500000000    
          20          20  0.280906737      -1.82969421E-02 -0.500000000    
          20          21  0.192631364      -6.41047023E-03 -0.500000000    
          20          22  0.103546925       2.03536581E-02 -0.500000000    
          20          23  0.102238864       5.18890135E-02 -0.500000000    
          20          24   8.50986242E-02   5.57827652E-02 -0.500000000    
          20          25  0.149288550       5.13684526E-02 -0.500000000    
          20          26   1.01719685E-02   3.36157456E-02 -0.500000000    
          20          27   2.81134062E-03   9.66737792E-03 -0.500000000    
          20          28  0.143386096      -5.08079678E-03 -0.500000000    
          20          29  0.229965732      -2.72831395E-02 -0.500000000    
          20          30  0.260770351      -3.72450240E-02 -0.500000000    
          20          31  0.172331348      -3.09502352E-02 -0.500000000    
          20          32  0.251910597      -2.16985196E-02 -0.500000000    
          20          33  0.323416561      -2.40131933E-03 -0.500000000    
          21           1  0.264560521       1.01395370E-02 -0.500000000    
          21           2  -5.03477920E-03   9.59068246E-04 -0.500000000    
          21           3   3.15173576E-03  -7.29788793E-03 -0.500000000    
          21           4  0.194247007      -5.84632484E-03 -0.500000000    
          21           5  0.227283299      -5.93625428E-03 -0.500000000    
          21           6  0.120597251      -4.77895327E-03 -0.500000000    
          21           7  -6.48517460E-02  -1.91287622E-02 -0.500000000    
          21           8  -3.12267933E-02  -1.36824707E-02 -0.500000000    
          21           9   3.51425931E-02  -3.86749674E-03 -0.500000000    
          21          10   9.95431319E-02  -1.66419931E-02 -0.500000000    
          21          11  0.116405912      -3.92351858E-02 -0.500000000    
          21          12  0.112116568      -6.27944022E-02 -0.500000000    
          21          13  0.151782349      -4.09152843E-02 -0.500000000    
          21          14  0.179542169      -1.56153152E-02 -0.500000000    
          21          15  0.144548833       5.87914092E-03 -0.500000000    
          21          16   6.70727938E-02   3.68549898E-02 -0.500000000    
          21          17   4.22195122E-02   5.34162223E-02 -0.500000000    
          21          18   8.35755616E-02   4.18190025E-02 -0.500000000    
          21          19  0.163612649       2.15391591E-02 -0.500000000    
          21          20  0.192648545      -6.41387329E-03 -0.500000000    
          21          21  0.160481229      -4.16723937E-02 -0.500000000    
          21          22  0.117838703      -3.39438170E-02 -0.500000000    
          21          23  0.119437501      -1.53177825E-05 -0.500000000    
          21          24  0.115660273       2.07511187E-02 -0.500000000    
          21          25  0.125884458       2.85557937E-02 -0.500000000    
          21          26  -8.84032529E-03   1.47257615E-02 -0.500000000    
          21          27  -1.50596071E-02   4.83964663E-03 -0.500000000    
          21          28  0.114080258       1.27944292E-03 -0.500000000    
          21          29  0.169837013      -2.57176813E-03 -0.500000000    
          21          30  0.133669883       2.61209044E-03 -0.500000000    
          21          31   7.53881503E-03   3.87350074E-03 -0.500000000    
          21          32  0.204137400       2.49697194E-02 -0.500000000    
          21          33  0.316127568       5.07613830E-02 -0.500000000    
          22           1  0.235164076       1.38166910E-02 -0.500000000    
          22           2  -4.12744991E-02   8.65832251E-03 -0.500000000    
          22           3 -0.102702513       5.16388705E-03 -0.500000000    
          22           4  0.134823397       3.11730569E-03 -0.500000000    
          22           5  0.130356312       1.65550481E-03 -0.500000000    
          22           6  0.137123197      -3.52551020E-03 -0.500000000    
          22           7   9.17149559E-02  -9.30317305E-03 -0.500000000    
          22           8  -4.39268444E-03  -2.53385608E-03 -0.500000000    
          22           9   4.29546498E-02   1.82362087E-03 -0.500000000    
          22          10  0.145041734      -1.74048524E-02 -0.500000000    
          22          11  0.164145142      -5.34161590E-02 -0.500000000    
          22          12  0.144419804      -7.17122033E-02 -0.500000000    
          22          13  0.145330936      -4.21377718E-02 -0.500000000    
          22          14  0.137753680       4.90772445E-03 -0.500000000    
          22          15   8.91975909E-02   3.70332636E-02 -0.500000000    
          22          16  -1.84337283E-03   6.85710832E-02 -0.500000000    
          22          17  -3.09171714E-02   8.87335539E-02 -0.500000000    
          22          18   5.88011416E-03   8.38333368E-02 -0.500000000    
          22          19   7.49637559E-02   6.44500852E-02 -0.500000000    
          22          20  0.103588037       2.03465410E-02 -0.500000000    
          22          21  0.117865659      -3.39487642E-02 -0.500000000    
          22          22  0.133795381      -4.32186425E-02 -0.500000000    
          22          23  0.135474384      -2.04078406E-02 -0.500000000    
          22          24  0.138795778       1.77533273E-02 -0.500000000    
          22          25   9.73048955E-02   2.66543999E-02 -0.500000000    
          22          26   7.12890998E-02   1.49047263E-02 -0.500000000    
          22          27  0.108563833       8.73733964E-03 -0.500000000    
          22          28   9.33054984E-02   6.04289863E-03 -0.500000000    
          22          29   5.23383282E-02   1.72156170E-02 -0.500000000    
          22          30  -9.80176404E-03   2.26379931E-02 -0.500000000    
          22          31   7.55986571E-02   2.52249390E-02 -0.500000000    
          22          32  0.148749396       4.03674133E-02 -0.500000000    
          22          33  0.271469682       6.48419112E-02 -0.500000000    
          23           1  0.116732277       1.27160631E-04 -0.500000000    
          23           2  -6.22354783E-02  -4.33738390E-03 -0.500000000    
          23           3 -0.110697970       6.87815761E-03 -0.500000000    
          23           4  -4.61492762E-02   1.31558152E-02 -0.500000000    
          23           5  -2.06986126E-02   1.54673494E-02 -0.500000000    
          23           6  -3.71098518E-02   8.99397396E-03 -0.500000000    
          23           7   4.93308995E-03   6.89736987E-03 -0.500000000    
          23           8 -0.127901703       1.91054307E-02 -0.500000000    
          23           9 -0.107459590       2.01340839E-02 -0.500000000    
          23          10  -1.91593338E-02  -6.97574532E-03 -0.500000000    
          23          11  0.126789212      -3.86251807E-02 -0.500000000    
          23          12  0.172540605      -4.46291491E-02 -0.500000000    
          23          13  0.182683706      -1.21397851E-02 -0.500000000    
          23          14  0.145762399       4.09592688E-02 -0.500000000    
          23          15   5.90477511E-02   6.17907904E-02 -0.500000000    
          23          16  -2.44004242E-02   6.81020990E-02 -0.500000000    
          23          17  -5.18409610E-02   7.80206174E-02 -0.500000000    
          23          18  -2.95699723E-02   8.56927410E-02 -0.500000000    
          23          19   4.76136021E-02   8.65826681E-02 -0.500000000    
          23          20  0.102283113       5.18773459E-02 -0.500000000    
          23          21  0.119449951      -2.48607248E-05 -0.500000000    
          23          22  0.135463282      -2.04112679E-02 -0.500000000    
          23          23   4.62799445E-02  -1.54951736E-02 -0.500000000    
          23          24  -3.74230631E-02   2.30130609E-02 -0.500000000    
          23          25  -6.13427907E-02   4.22411747E-02 -0.500000000    
          23          26   4.85303178E-02   3.78982127E-02 -0.500000000    
          23          27  0.109907977       2.11023446E-02 -0.500000000    
          23          28  -2.21620910E-02   1.48294363E-02 -0.500000000    
          23          29   3.16181220E-02   6.48607593E-03 -0.500000000    
          23          30   3.25493477E-02   6.69295248E-03 -0.500000000    
          23          31  0.219767466       4.70418623E-03 -0.500000000    
          23          32  0.216339856       1.18497312E-02 -0.500000000    
          23          33  0.227513209       3.51796299E-02 -0.500000000    
          24           1  -5.58071490E-03  -3.74310911E-02 -0.500000000    
          24           2  -1.66540872E-02  -3.89779285E-02 -0.500000000    
          24           3  -2.65324190E-02  -1.91596691E-02 -0.500000000    
          24           4   4.37301211E-02  -2.28464091E-03 -0.500000000    
          24           5   9.45161432E-02   3.06666759E-03 -0.500000000    
          24           6  -4.93332855E-02   1.29925469E-02 -0.500000000    
          24           7 -0.179144874       2.54196115E-02 -0.500000000    
          24           8 -0.145163894       3.51307951E-02 -0.500000000    
          24           9 -0.136793941       3.58192027E-02 -0.500000000    
          24          10  -6.77006394E-02   2.73126941E-02 -0.500000000    
          24          11   7.67465383E-02   9.76561569E-03 -0.500000000    
          24          12  0.150252581       3.35222203E-03 -0.500000000    
          24          13  0.166145176       1.21393707E-02 -0.500000000    
          24          14  0.146167055       5.78015596E-02 -0.500000000    
          24          15   4.56536636E-02   7.82514736E-02 -0.500000000    
          24          16  -3.18540307E-03   7.57252574E-02 -0.500000000    
          24          17  -4.42684209E-03   7.66627043E-02 -0.500000000    
          24          18   1.01041608E-03   8.51579159E-02 -0.500000000    
          24          19   2.91561447E-02   8.79701674E-02 -0.500000000    
          24          20   8.51180926E-02   5.57712726E-02 -0.500000000    
          24          21  0.115658037       2.07429845E-02 -0.500000000    
          24          22  0.138773441       1.77511480E-02 -0.500000000    
          24          23  -3.74541134E-02   2.30138469E-02 -0.500000000    
          24          24 -0.141854793       5.64872362E-02 -0.500000000    
          24          25 -0.167584360       8.28175545E-02 -0.500000000    
          24          26  -3.48583311E-02   6.54095858E-02 -0.500000000    
          24          27   2.66716667E-02   2.04166248E-02 -0.500000000    
          24          28   3.93075719E-02  -1.46645308E-02 -0.500000000    
          24          29   3.14873718E-02  -2.47833934E-02 -0.500000000    
          24          30   7.05197155E-02  -2.79631224E-02 -0.500000000    
          24          31  0.334593892      -4.33725081E-02 -0.500000000    
          24          32  0.222144529      -4.60608527E-02 -0.500000000    
          24          33   5.91270812E-02  -2.77514849E-02 -0.500000000    
          25           1  0.167531893      -6.48307279E-02 -0.500000000    
          25           2   2.41984464E-02  -6.58169761E-02 -0.500000000    
          25           3   1.26216225E-02  -4.93907556E-02 -0.500000000    
          25           4  0.153720453      -3.35360430E-02 -0.500000000    
          25           5  0.219810128      -1.68039855E-02 -0.500000000    
          25           6   2.71217860E-02  -5.05003752E-03 -0.500000000    
          25           7  -5.54619655E-02   2.86232103E-02 -0.500000000    
          25           8 -0.110884301       5.76773398E-02 -0.500000000    
          25           9  -5.71309254E-02   5.60199432E-02 -0.500000000    
          25          10  -7.11821318E-02   4.67395224E-02 -0.500000000    
          25          11   2.44014524E-02   2.91103739E-02 -0.500000000    
          25          12   5.10557108E-02   1.96267851E-02 -0.500000000    
          25          13  0.144482255       2.45393198E-02 -0.500000000    
          25          14  0.226142213       6.55507073E-02 -0.500000000    
          25          15  0.183059692       8.84241387E-02 -0.500000000    
          25          16   8.65774900E-02   8.64559487E-02 -0.500000000    
          25          17  -2.75954381E-02   8.43110383E-02 -0.500000000    
          25          18   1.00795291E-02   9.00916606E-02 -0.500000000    
          25          19  0.115832068       8.48990306E-02 -0.500000000    
          25          20  0.149292916       5.13602644E-02 -0.500000000    
          25          21  0.125870451       2.85505727E-02 -0.500000000    
          25          22   9.72716957E-02   2.66529340E-02 -0.500000000    
          25          23  -6.13771863E-02   4.22410332E-02 -0.500000000    
          25          24 -0.167594969       8.28175619E-02 -0.500000000    
          25          25 -0.141884252      0.106487438     -0.500000000    
          25          26  -3.20565552E-02   6.42773733E-02 -0.500000000    
          25          27   1.16943959E-02   2.34408537E-03 -0.500000000    
          25          28  0.111291073      -4.61132452E-02 -0.500000000    
          25          29   2.54048593E-02  -5.76917157E-02 -0.500000000    
          25          30   2.46856045E-02  -6.97625279E-02 -0.500000000    
          25          31  0.233772546      -8.80292654E-02 -0.500000000    
          25          32  0.234556124      -9.42379162E-02 -0.500000000    
          25          33   9.27857608E-02  -8.59880596E-02 -0.500000000    
          26           1  0.367801845      -5.24619371E-02 -0.500000000    
          26           2  0.187216371      -6.50572926E-02 -0.500000000    
          26           3  0.170269981      -6.86914325E-02 -0.500000000    
          26           4  0.173560366      -6.19475432E-02 -0.500000000    
          26           5  0.165987462      -4.10338789E-02 -0.500000000    
          26           6   8.94144326E-02  -2.31864490E-02 -0.500000000    
          26           7   6.96932897E-02   1.00713724E-03 -0.500000000    
          26           8   9.54146609E-02   3.51231396E-02 -0.500000000    
          26           9   6.79427460E-02   4.59612198E-02 -0.500000000    
          26          10  0.119133502       3.23658288E-02 -0.500000000    
          26          11  0.218061909       1.66757144E-02 -0.500000000    
          26          12   8.95649642E-02   1.07786395E-02 -0.500000000    
          26          13   5.39425425E-02   1.37767019E-02 -0.500000000    
          26          14   4.87683974E-02   5.00440747E-02 -0.500000000    
          26          15   3.87490466E-02   7.98284858E-02 -0.500000000    
          26          16  0.134470597       8.35938305E-02 -0.500000000    
          26          17  0.247802958       8.45923349E-02 -0.500000000    
          26          18  0.187820479       8.85416046E-02 -0.500000000    
          26          19   6.95525035E-02   7.47690424E-02 -0.500000000    
          26          20   1.01929801E-02   3.36067230E-02 -0.500000000    
          26          21  -8.81032273E-03   1.47214998E-02 -0.500000000    
          26          22   7.12981969E-02   1.49050299E-02 -0.500000000    
          26          23   4.85215560E-02   3.79004031E-02 -0.500000000    
          26          24  -3.48618925E-02   6.54154792E-02 -0.500000000    
          26          25  -3.20228934E-02   6.42823726E-02 -0.500000000    
          26          26  -3.34574059E-02   2.15345435E-02 -0.500000000    
          26          27  -1.39510911E-02  -4.44199070E-02 -0.500000000    
          26          28   7.14665949E-02  -7.77788907E-02 -0.500000000    
          26          29  -3.47612984E-02 -0.100806504     -0.500000000    
          26          30 -0.141678348     -0.112324066     -0.500000000    
          26          31  -3.56727615E-02 -0.105940863     -0.500000000    
          26          32   8.34906995E-02  -9.45696011E-02 -0.500000000    
          26          33  0.164898366      -8.07513967E-02 -0.500000000    
          27           1  0.551696122      -2.78118066E-02 -0.500000000    
          27           2  0.437023610      -5.47055751E-02 -0.500000000    
          27           3  0.401825577      -7.95287192E-02 -0.500000000    
          27           4  0.239640400      -8.81601572E-02 -0.500000000    
          27           5  0.191357881      -7.69316256E-02 -0.500000000    
          27           6  0.213628694      -5.55806085E-02 -0.500000000    
          27           7  0.153071254      -3.89942266E-02 -0.500000000    
          27           8   9.01614353E-02  -2.25268994E-02 -0.500000000    
          27           9  0.125975490       3.56974051E-04 -0.500000000    
          27          10   6.17146194E-02   7.59335514E-03 -0.500000000    
          27          11  0.202808931      -5.98629843E-03 -0.500000000    
          27          12  0.160360456       1.13598071E-03 -0.500000000    
          27          13   6.36559054E-02  -3.02009191E-03 -0.500000000    
          27          14   3.15519348E-02   2.22877767E-02 -0.500000000    
          27          15   2.55223438E-02   5.01206480E-02 -0.500000000    
          27          16   7.47793242E-02   6.11051917E-02 -0.500000000    
          27          17  0.107175797       6.58457652E-02 -0.500000000    
          27          18   6.81621358E-02   6.50175363E-02 -0.500000000    
          27          19   2.61380188E-02   4.37000245E-02 -0.500000000    
          27          20   2.83178478E-03   9.65774711E-03 -0.500000000    
          27          21  -1.50280278E-02   4.83306777E-03 -0.500000000    
          27          22  0.108563140       8.73493869E-03 -0.500000000    
          27          23  0.109876119       2.11042650E-02 -0.500000000    
          27          24   2.66705211E-02   2.04215907E-02 -0.500000000    
          27          25   1.17196226E-02   2.34683696E-03 -0.500000000    
          27          26  -1.39653552E-02  -4.44199666E-02 -0.500000000    
          27          27   6.64554387E-02  -7.72063658E-02 -0.500000000    
          27          28  0.177067861     -0.101999268     -0.500000000    
          27          29   4.61099669E-04 -0.131551355     -0.500000000    
          27          30 -0.125048444     -0.147578806     -0.500000000    
          27          31 -0.103732243     -0.137618363     -0.500000000    
          27          32   2.83212643E-02 -0.101172894     -0.500000000    
          27          33  0.210673720      -7.66505152E-02 -0.500000000    
          28           1  0.841231346      -3.97591330E-02 -0.500000000    
          28           2  0.813643456      -5.64755872E-02 -0.500000000    
          28           3  0.712109149      -8.02166611E-02 -0.500000000    
          28           4  0.363501579     -0.100854278     -0.500000000    
          28           5  0.217677251     -0.103278875     -0.500000000    
          28           6  0.209294245      -9.37028900E-02 -0.500000000    
          28           7  0.109674498      -8.53057504E-02 -0.500000000    
          28           8   5.91868199E-02  -7.50603899E-02 -0.500000000    
          28           9  0.106093287      -5.65896295E-02 -0.500000000    
          28          10   6.32129842E-03  -2.54370328E-02 -0.500000000    
          28          11  -2.01669205E-02  -1.01925880E-02 -0.500000000    
          28          12   7.91765824E-02  -7.35947909E-03 -0.500000000    
          28          13  0.140714407      -1.26010636E-02 -0.500000000    
          28          14  0.138151780       8.14695098E-03 -0.500000000    
          28          15   9.37461779E-02   3.06729041E-02 -0.500000000    
          28          16  0.109327354       3.03797368E-02 -0.500000000    
          28          17  0.126294985       2.45107058E-02 -0.500000000    
          28          18  0.116491295       2.29086839E-02 -0.500000000    
          28          19  0.112180963       1.48968101E-02 -0.500000000    
          28          20  0.143405735      -5.08915400E-03 -0.500000000    
          28          21  0.114078507       1.26698019E-03 -0.500000000    
          28          22   9.32714865E-02   6.03256188E-03 -0.500000000    
          28          23  -2.22173426E-02   1.48273939E-02 -0.500000000    
          28          24   3.93207818E-02  -1.46665610E-02 -0.500000000    
          28          25  0.111320354      -4.61141579E-02 -0.500000000    
          28          26   7.14844093E-02  -7.77729303E-02 -0.500000000    
          28          27  0.177135482     -0.101993889     -0.500000000    
          28          28  0.348522097     -0.134744495     -0.500000000    
          28          29  0.212778345     -0.173816428     -0.500000000    
          28          30  0.191706017     -0.197935611     -0.500000000    
          28          31  0.188619345     -0.180587351     -0.500000000    
          28          32  0.171871841     -0.129079297     -0.500000000    
          28          33  0.220014974      -9.88731310E-02 -0.500000000    
          29           1  0.785761774      -8.84542912E-02 -0.500000000    
          29           2  0.809682786     -0.100434341     -0.500000000    
          29           3  0.786230743     -0.117791362     -0.500000000    
          29           4  0.575957894     -0.117812060     -0.500000000    
          29           5  0.158618972     -0.120637096     -0.500000000    
          29           6   1.38719389E-02 -0.120950826     -0.500000000    
          29           7  -2.42128111E-02 -0.123578593     -0.500000000    
          29           8  -1.63577870E-02 -0.117749520     -0.500000000    
          29           9  -4.94977124E-02  -8.46698955E-02 -0.500000000    
          29          10  -2.73022577E-02  -5.23628332E-02 -0.500000000    
          29          11  -5.60114086E-02  -2.14067679E-02 -0.500000000    
          29          12  -1.09480117E-02  -6.04716071E-04 -0.500000000    
          29          13  0.110538304      -1.17562432E-02 -0.500000000    
          29          14  0.151073322      -5.70559083E-03 -0.500000000    
          29          15  0.133836105       1.54450731E-02 -0.500000000    
          29          16  0.132324174       8.15739296E-03 -0.500000000    
          29          17  0.161624357      -6.26506750E-03 -0.500000000    
          29          18  0.163571596      -8.63526389E-03 -0.500000000    
          29          19  0.188269541      -1.29567329E-02 -0.500000000    
          29          20  0.229973778      -2.72878949E-02 -0.500000000    
          29          21  0.169831231      -2.58506229E-03 -0.500000000    
          29          22   5.23038507E-02   1.72047913E-02 -0.500000000    
          29          23   3.16024199E-02   6.48537185E-03 -0.500000000    
          29          24   3.15493196E-02  -2.47825682E-02 -0.500000000    
          29          25   2.54821535E-02  -5.76796122E-02 -0.500000000    
          29          26  -3.47336195E-02 -0.100780748     -0.500000000    
          29          27   5.82954846E-04 -0.131542683     -0.500000000    
          29          28  0.212876335     -0.173818812     -0.500000000    
          29          29  0.249803603     -0.212439120     -0.500000000    
          29          30  0.368239224     -0.234347671     -0.500000000    
          29          31  0.446083426     -0.200109571     -0.500000000    
          29          32  0.384070009     -0.154891089     -0.500000000    
          29          33  0.421570003     -0.135626197     -0.500000000    
          30           1  0.583844185     -0.138070345     -0.500000000    
          30           2  0.710891247     -0.151028112     -0.500000000    
          30           3  0.682706177     -0.150938019     -0.500000000    
          30           4  0.562269151     -0.130780712     -0.500000000    
          30           5  0.186107129     -0.120822869     -0.500000000    
          30           6  -2.80948412E-02 -0.130040258     -0.500000000    
          30           7  -2.54180729E-02 -0.133117840     -0.500000000    
          30           8   4.56883460E-02 -0.131116554     -0.500000000    
          30           9  0.153675094      -9.75035653E-02 -0.500000000    
          30          10  0.268444717      -5.74121624E-02 -0.500000000    
          30          11   5.73047213E-02  -1.71624757E-02 -0.500000000    
          30          12  -6.15966842E-02   1.34452712E-03 -0.500000000    
          30          13   2.10146178E-02  -7.82551989E-03 -0.500000000    
          30          14  0.118919484      -8.86915717E-03 -0.500000000    
          30          15  0.124748275       5.79165202E-03 -0.500000000    
          30          16  0.124441497       2.55363970E-03 -0.500000000    
          30          17  0.135980457      -8.97628628E-03 -0.500000000    
          30          18  0.170255333      -1.98291671E-02 -0.500000000    
          30          19  0.224081889      -3.31585892E-02 -0.500000000    
          30          20  0.260777980      -3.72455493E-02 -0.500000000    
          30          21  0.133687750       2.60323053E-03 -0.500000000    
          30          22  -9.78587195E-03   2.26344932E-02 -0.500000000    
          30          23   3.25312205E-02   6.70281239E-03 -0.500000000    
          30          24   7.05045536E-02  -2.79499535E-02 -0.500000000    
          30          25   2.46321298E-02  -6.97383434E-02 -0.500000000    
          30          26 -0.141714886     -0.112295844     -0.500000000    
          30          27 -0.124955557     -0.147584066     -0.500000000    
          30          28  0.191776678     -0.197956398     -0.500000000    
          30          29  0.368316948     -0.234378219     -0.500000000    
          30          30  0.750701547     -0.244568869     -0.500000000    
          30          31   1.01395726     -0.212018266     -0.500000000    
          30          32  0.953658879     -0.186156437     -0.500000000    
          30          33  0.825178087     -0.184378684     -0.500000000    
          31           1  0.171386570     -0.176636279     -0.500000000    
          31           2  0.463340342     -0.179357424     -0.500000000    
          31           3  0.483225435     -0.160680786     -0.500000000    
          31           4  0.296054333     -0.120487772     -0.500000000    
          31           5  0.131318271      -9.37163085E-02 -0.500000000    
          31           6  -5.55645153E-02 -0.104844876     -0.500000000    
          31           7  -5.78413866E-02 -0.110000893     -0.500000000    
          31           8  0.106778063     -0.112177126     -0.500000000    
          31           9  0.254009277      -9.50507447E-02 -0.500000000    
          31          10  0.416218072      -5.67651652E-02 -0.500000000    
          31          11  0.210621163      -9.79985110E-03 -0.500000000    
          31          12  0.114678033       8.73457547E-03 -0.500000000    
          31          13   3.22778337E-02  -1.24470880E-02 -0.500000000    
          31          14   1.14912409E-02  -1.52033977E-02 -0.500000000    
          31          15   6.54520988E-02   1.52614964E-02 -0.500000000    
          31          16  0.213203937       1.79271530E-02 -0.500000000    
          31          17  0.302721232       4.60384926E-03 -0.500000000    
          31          18  0.342254996      -3.95431789E-03 -0.500000000    
          31          19  0.277501762      -1.76267382E-02 -0.500000000    
          31          20  0.172336206      -3.09478436E-02 -0.500000000    
          31          21   7.53833074E-03   3.87179968E-03 -0.500000000    
          31          22   7.55578205E-02   2.52283160E-02 -0.500000000    
          31          23  0.219710559       4.72036470E-03 -0.500000000    
          31          24  0.334608167      -4.33531180E-02 -0.500000000    
          31          25  0.233829096      -8.80105570E-02 -0.500000000    
          31          26  -3.56021859E-02 -0.105924264     -0.500000000    
          31          27 -0.103673145     -0.137648851     -0.500000000    
          31          28  0.188821733     -0.180648342     -0.500000000    
          31          29  0.446663976     -0.200158566     -0.500000000    
          31          30   1.01446307     -0.211973369     -0.500000000    
          31          31  0.865316033     -0.206137702     -0.500000000    
          31          32  0.849130571     -0.212334976     -0.500000000    
          31          33  0.840627849     -0.211855397     -0.500000000    
          32           1   7.30633959E-02 -0.200174436     -0.500000000    
          32           2  0.237539351     -0.189892322     -0.500000000    
          32           3  0.294917613     -0.158036500     -0.500000000    
          32           4  0.216565385     -0.105398424     -0.500000000    
          32           5  0.115250036      -7.09635019E-02 -0.500000000    
          32           6   8.51375014E-02  -6.79629296E-02 -0.500000000    
          32           7   1.30685400E-02  -7.10174739E-02 -0.500000000    
          32           8  0.186495498      -8.15931410E-02 -0.500000000    
          32           9  0.290747702      -7.70198628E-02 -0.500000000    
          32          10  0.268580645      -4.46212292E-02 -0.500000000    
          32          11  0.135348484       3.93666327E-03 -0.500000000    
          32          12   8.61765221E-02   2.95827258E-02 -0.500000000    
          32          13  0.152095482       1.20387394E-02 -0.500000000    
          32          14   7.34570101E-02  -4.71025798E-03 -0.500000000    
          32          15   6.44059256E-02   1.09813428E-02 -0.500000000    
          32          16  0.201094389       1.93702653E-02 -0.500000000    
          32          17  0.366196305       2.07246616E-02 -0.500000000    
          32          18  0.347192138       1.38389478E-02 -0.500000000    
          32          19  0.257438898      -1.35125658E-02 -0.500000000    
          32          20  0.251864642      -2.16961224E-02 -0.500000000    
          32          21  0.204099208       2.49663405E-02 -0.500000000    
          32          22  0.148707747       4.03674580E-02 -0.500000000    
          32          23  0.216316357       1.18636731E-02 -0.500000000    
          32          24  0.222161815      -4.60419916E-02 -0.500000000    
          32          25  0.234669626      -9.42311510E-02 -0.500000000    
          32          26   8.36473107E-02  -9.45711061E-02 -0.500000000    
          32          27   2.84924954E-02 -0.101226695     -0.500000000    
          32          28  0.172392845     -0.129136428     -0.500000000    
          32          29  0.385378629     -0.154893219     -0.500000000    
          32          30  0.953976631     -0.186058581     -0.500000000    
          32          31  0.849283159     -0.212303057     -0.500000000    
          32          32  0.708380759     -0.228520095     -0.500000000    
          32          33  0.805458188     -0.248160794     -0.500000000    
          33           1  0.286994666     -0.230685368     -0.500000000    
          33           2  0.259326994     -0.194107324     -0.500000000    
          33           3  0.180472285     -0.153593406     -0.500000000    
          33           4  0.133784384     -0.102843851     -0.500000000    
          33           5  0.179186434      -6.07941337E-02 -0.500000000    
          33           6  0.172832415      -5.23583181E-02 -0.500000000    
          33           7   9.49683711E-02  -5.66244498E-02 -0.500000000    
          33           8  0.165881813      -6.10779710E-02 -0.500000000    
          33           9  0.108782016      -6.02689572E-02 -0.500000000    
          33          10   1.25182141E-03  -2.57395599E-02 -0.500000000    
          33          11   4.21927869E-02   2.63859723E-02 -0.500000000    
          33          12  0.151155591       5.92718050E-02 -0.500000000    
          33          13  0.253912002       4.41036709E-02 -0.500000000    
          33          14  0.154242069       2.36861818E-02 -0.500000000    
          33          15  0.133312613       2.61080507E-02 -0.500000000    
          33          16  0.153276145       5.81249641E-03 -0.500000000    
          33          17  0.191559270      -1.20596047E-02 -0.500000000    
          33          18  0.237558246      -8.09933711E-03 -0.500000000    
          33          19  0.299983174      -1.02391988E-02 -0.500000000    
          33          20  0.323367506      -2.40615383E-03 -0.500000000    
          33          21  0.316073895       5.07521071E-02 -0.500000000    
          33          22  0.271449268       6.48369193E-02 -0.500000000    
          33          23  0.227543056       3.51887867E-02 -0.500000000    
          33          24   5.91494292E-02  -2.77337693E-02 -0.500000000    
          33          25   9.28956643E-02  -8.59863982E-02 -0.500000000    
          33          26  0.165101454      -8.07697326E-02 -0.500000000    
          33          27  0.211136192      -7.67005607E-02 -0.500000000    
          33          28  0.220743641      -9.88987163E-02 -0.500000000    
          33          29  0.423044741     -0.135612652     -0.500000000    
          33          30  0.825765908     -0.184276804     -0.500000000    
          33          31  0.840896666     -0.211804956     -0.500000000    
          33          32  0.805575073     -0.248137847     -0.500000000    
          33          33  0.826540947     -0.295176476     -0.500000000    
