           1           1  -9.25342962E-02  -3.89498100E-02 -0.500000000    
           1           2 -0.163231194      -5.82850315E-02 -0.500000000    
           1           3   2.93650348E-02  -7.55492523E-02 -0.500000000    
           1           4  0.244407475      -9.13447514E-02 -0.500000000    
           1           5  0.353363603      -9.19221714E-02 -0.500000000    
           1           6  0.415497214      -8.29459205E-02 -0.500000000    
           1           7  0.474595904      -5.34615219E-02 -0.500000000    
           1           8  0.216345027      -2.60862689E-02 -0.500000000    
           1           9  0.156671822       6.32586831E-04 -0.500000000    
           1          10   9.26742032E-02  -1.42548988E-02 -0.500000000    
           1          11  0.124051675      -4.23187390E-02 -0.500000000    
           1          12  0.188697979      -6.85450435E-02 -0.500000000    
           1          13  0.132354751      -8.73915032E-02 -0.500000000    
           1          14  0.279037118      -9.40862149E-02 -0.500000000    
           1          15  0.162700489      -7.54403919E-02 -0.500000000    
           1          16   8.79818201E-02 -0.100904904     -0.500000000    
           1          17   5.12161478E-02 -0.130633086     -0.500000000    
           1          18  -4.85670008E-02 -0.102822311     -0.500000000    
           1          19  -2.89202537E-02 -0.110799454     -0.500000000    
           1          20  0.119414099     -0.118891150     -0.500000000    
           1          21  0.215446755     -0.130898535     -0.500000000    
           1          22  0.215620011     -0.125924662     -0.500000000    
           1          23  -7.26165250E-04  -8.79370943E-02 -0.500000000    
           1          24   5.81966341E-03  -4.20794152E-02 -0.500000000    
           1          25  0.331792414      -2.54174806E-02 -0.500000000    
           1          26  0.280981779      -6.76163286E-02 -0.500000000    
           1          27  0.114687666     -0.124626927     -0.500000000    
           1          28  0.107402824     -0.192333102     -0.500000000    
           1          29  0.458051324     -0.216710463     -0.500000000    
           1          30  0.591078281     -0.227372676     -0.500000000    
           1          31  0.456138134     -0.216247037     -0.500000000    
           1          32  0.254971206     -0.189144447     -0.500000000    
           1          33   9.11031589E-02 -0.170658156     -0.500000000    
           2           1 -0.163127393      -5.82827404E-02 -0.500000000    
           2           2 -0.136268541      -6.76670000E-02 -0.500000000    
           2           3   4.70540207E-03  -7.13287964E-02 -0.500000000    
           2           4  0.251780927      -6.99374601E-02 -0.500000000    
           2           5  0.349696100      -7.81538561E-02 -0.500000000    
           2           6  0.357038110      -7.11540580E-02 -0.500000000    
           2           7  0.305174649      -4.32709865E-02 -0.500000000    
           2           8   6.69001639E-02  -2.41350122E-02 -0.500000000    
           2           9  0.166958496      -6.87484583E-03 -0.500000000    
           2          10   8.81623626E-02  -1.48345204E-02 -0.500000000    
           2          11   3.94824184E-02  -3.47773917E-02 -0.500000000    
           2          12   5.42508103E-02  -5.61540127E-02 -0.500000000    
           2          13   1.53435776E-02  -7.37677515E-02 -0.500000000    
           2          14   2.81337388E-02  -8.41621161E-02 -0.500000000    
           2          15   6.03697114E-02  -7.67982006E-02 -0.500000000    
           2          16  0.169176161     -0.118935697     -0.500000000    
           2          17  0.245952621     -0.154168919     -0.500000000    
           2          18  0.132154867     -0.121298708     -0.500000000    
           2          19  -4.55718450E-02 -0.115126766     -0.500000000    
           2          20  -6.01584166E-02 -0.107562706     -0.500000000    
           2          21   7.52117038E-02 -0.117214680     -0.500000000    
           2          22   5.35725467E-02 -0.113310508     -0.500000000    
           2          23  -8.42893720E-02  -8.01574439E-02 -0.500000000    
           2          24   1.20400935E-02  -4.67406809E-02 -0.500000000    
           2          25  0.323753029      -2.93653440E-02 -0.500000000    
           2          26  0.249864087      -6.17657527E-02 -0.500000000    
           2          27  0.188678294     -0.106369175     -0.500000000    
           2          28   3.45446132E-02 -0.160870403     -0.500000000    
           2          29 -0.100360110     -0.186953649     -0.500000000    
           2          30   8.45304355E-02 -0.187143028     -0.500000000    
           2          31  0.155984178     -0.192611963     -0.500000000    
           2          32  0.134557709     -0.180648640     -0.500000000    
           2          33  0.124275953     -0.172340825     -0.500000000    
           3           1   2.96313073E-02  -7.55519122E-02 -0.500000000    
           3           2   4.90042614E-03  -7.13290051E-02 -0.500000000    
           3           3   5.22159934E-02  -6.23187125E-02 -0.500000000    
           3           4  0.267202169      -5.55073209E-02 -0.500000000    
           3           5  0.387492627      -5.58886491E-02 -0.500000000    
           3           6  0.377209544      -4.83692698E-02 -0.500000000    
           3           7  0.269126117      -3.18832509E-02 -0.500000000    
           3           8  -2.38904692E-02  -2.18379013E-02 -0.500000000    
           3           9  0.151969850      -4.47744736E-03 -0.500000000    
           3          10  0.143544465      -1.31718423E-02 -0.500000000    
           3          11   5.51207550E-02  -3.90379243E-02 -0.500000000    
           3          12  -7.25218952E-02  -5.24884984E-02 -0.500000000    
           3          13 -0.117393248      -6.73932284E-02 -0.500000000    
           3          14  -4.59641144E-02  -8.01944062E-02 -0.500000000    
           3          15   3.38260569E-02  -8.05959031E-02 -0.500000000    
           3          16  0.154513180     -0.131246358     -0.500000000    
           3          17  0.264428407     -0.167392209     -0.500000000    
           3          18  0.121314697     -0.129451424     -0.500000000    
           3          19  -3.18121202E-02 -0.117209248     -0.500000000    
           3          20  -4.42493930E-02 -0.104917973     -0.500000000    
           3          21  -4.18122206E-03 -0.110972412     -0.500000000    
           3          22   2.03382149E-02 -0.103606544     -0.500000000    
           3          23   6.98572472E-02  -7.88432658E-02 -0.500000000    
           3          24  0.205116391      -4.64739613E-02 -0.500000000    
           3          25  0.355593175      -2.08677351E-02 -0.500000000    
           3          26  0.304459810      -5.08510843E-02 -0.500000000    
           3          27  0.210243255      -8.26313123E-02 -0.500000000    
           3          28  -6.00795113E-02 -0.112554289     -0.500000000    
           3          29 -0.201257944     -0.129606649     -0.500000000    
           3          30  -6.35321718E-03 -0.120373338     -0.500000000    
           3          31  0.115372784     -0.134324521     -0.500000000    
           3          32  0.217733622     -0.159868047     -0.500000000    
           3          33  0.275049388     -0.170482323     -0.500000000    
           4           1  0.244533867      -9.13551077E-02 -0.500000000    
           4           2  0.251875341      -6.99439943E-02 -0.500000000    
           4           3  0.267280251      -5.55096380E-02 -0.500000000    
           4           4  0.145481616      -5.34504354E-02 -0.500000000    
           4           5  0.223643050      -3.41675021E-02 -0.500000000    
           4           6  0.314069152      -2.90295873E-02 -0.500000000    
           4           7  0.216457292      -2.03084704E-02 -0.500000000    
           4           8   4.49519530E-02  -1.93078863E-03 -0.500000000    
           4           9  0.151751980       4.18064825E-04 -0.500000000    
           4          10  0.181053460      -2.02133171E-02 -0.500000000    
           4          11   3.79593745E-02  -4.29118760E-02 -0.500000000    
           4          12  -7.47990012E-02  -5.88100217E-02 -0.500000000    
           4          13   9.16036498E-03  -8.14658999E-02 -0.500000000    
           4          14  0.126854137      -9.30508673E-02 -0.500000000    
           4          15  0.160241574      -8.84886459E-02 -0.500000000    
           4          16   6.30550012E-02 -0.119998820     -0.500000000    
           4          17  -1.53851528E-02 -0.138065428     -0.500000000    
           4          18  -6.01767562E-03 -0.103076182     -0.500000000    
           4          19   6.36840239E-02 -0.106776811     -0.500000000    
           4          20  0.129234955     -0.106253736     -0.500000000    
           4          21  0.205315545     -0.116540156     -0.500000000    
           4          22  0.120893471     -0.104372658     -0.500000000    
           4          23  0.177961290      -7.99591169E-02 -0.500000000    
           4          24  0.349510580      -5.41881658E-02 -0.500000000    
           4          25  0.377398461      -1.53196109E-02 -0.500000000    
           4          26  0.306905031      -1.62109695E-02 -0.500000000    
           4          27  0.122256167      -4.51840796E-02 -0.500000000    
           4          28  -7.13780448E-02  -5.85000776E-02 -0.500000000    
           4          29 -0.145698950      -8.12347904E-02 -0.500000000    
           4          30  -3.09366640E-02  -9.89454240E-02 -0.500000000    
           4          31   6.32761717E-02 -0.101411507     -0.500000000    
           4          32  0.120267659     -0.129542127     -0.500000000    
           4          33   8.29742700E-02 -0.152926415     -0.500000000    
           5           1  0.353237242      -9.19279978E-02 -0.500000000    
           5           2  0.349633932      -7.81576335E-02 -0.500000000    
           5           3  0.387494147      -5.58914132E-02 -0.500000000    
           5           4  0.223709792      -3.41694020E-02 -0.500000000    
           5           5   7.90873021E-02  -2.68052481E-02 -0.500000000    
           5           6  0.160053134      -2.50330511E-02 -0.500000000    
           5           7   2.44613588E-02  -1.34097571E-02 -0.500000000    
           5           8  0.204721093       1.48965395E-03 -0.500000000    
           5           9  0.310384244      -1.21853286E-02 -0.500000000    
           5          10  0.137541056      -3.48251648E-02 -0.500000000    
           5          11   4.21850309E-02  -6.09892681E-02 -0.500000000    
           5          12   3.74319516E-02  -6.86994493E-02 -0.500000000    
           5          13  0.139114097      -8.11303630E-02 -0.500000000    
           5          14  0.242390633      -8.13570693E-02 -0.500000000    
           5          15  0.167348623      -7.59317875E-02 -0.500000000    
           5          16   4.29825038E-02 -0.110697657     -0.500000000    
           5          17   3.58971432E-02 -0.128861964     -0.500000000    
           5          18   1.14112757E-02  -9.44654271E-02 -0.500000000    
           5          19   5.17426133E-02  -9.44571346E-02 -0.500000000    
           5          20  0.146108508      -8.87893215E-02 -0.500000000    
           5          21  0.325699151      -9.28017050E-02 -0.500000000    
           5          22  0.241301402      -8.44765082E-02 -0.500000000    
           5          23  0.200350851      -7.43064731E-02 -0.500000000    
           5          24  0.310404539      -5.56263030E-02 -0.500000000    
           5          25  0.409987390      -2.50265896E-02 -0.500000000    
           5          26  0.344047666      -1.90136896E-03 -0.500000000    
           5          27  0.151638821      -7.76966615E-03 -0.500000000    
           5          28  -4.41772044E-02  -2.80113462E-02 -0.500000000    
           5          29  -5.99908968E-03  -4.64041643E-02 -0.500000000    
           5          30   7.29019269E-02  -7.53314421E-02 -0.500000000    
           5          31   6.65899292E-02 -0.105898902     -0.500000000    
           5          32   7.99292549E-02 -0.131088093     -0.500000000    
           5          33   7.04003647E-02 -0.153752342     -0.500000000    
           6           1  0.415285736      -8.29496980E-02 -0.500000000    
           6           2  0.357016951      -7.11534396E-02 -0.500000000    
           6           3  0.377310067      -4.83613424E-02 -0.500000000    
           6           4  0.314195424      -2.90214382E-02 -0.500000000    
           6           5  0.160171255      -2.50215083E-02 -0.500000000    
           6           6  -5.07136136E-02  -3.43416072E-02 -0.500000000    
           6           7   9.66273397E-02  -2.04764623E-02 -0.500000000    
           6           8  0.221053526      -1.13085033E-02 -0.500000000    
           6           9  0.289631903      -3.14272158E-02 -0.500000000    
           6          10  0.188630819      -5.21692857E-02 -0.500000000    
           6          11  0.130752549      -6.35297149E-02 -0.500000000    
           6          12   5.83048388E-02  -6.18941486E-02 -0.500000000    
           6          13   8.15950632E-02  -6.12172969E-02 -0.500000000    
           6          14  0.136648744      -5.70309907E-02 -0.500000000    
           6          15  0.107940473      -6.12605549E-02 -0.500000000    
           6          16   4.56510261E-02 -0.111513980     -0.500000000    
           6          17   3.72970924E-02 -0.140629426     -0.500000000    
           6          18   7.52274543E-02 -0.105046190     -0.500000000    
           6          19  0.147636160      -9.09844562E-02 -0.500000000    
           6          20   7.86261931E-02  -7.92432353E-02 -0.500000000    
           6          21  0.144070417      -6.43008426E-02 -0.500000000    
           6          22   9.91076380E-02  -5.06312437E-02 -0.500000000    
           6          23  0.101901159      -4.74935472E-02 -0.500000000    
           6          24  0.175505832      -4.83338982E-02 -0.500000000    
           6          25  0.144176885      -3.57136540E-02 -0.500000000    
           6          26  0.219288617      -1.02926251E-02 -0.500000000    
           6          27  0.158674374       5.76501386E-03 -0.500000000    
           6          28  0.170994937       1.51083795E-02 -0.500000000    
           6          29  0.223176241      -5.69434464E-03 -0.500000000    
           6          30   9.52153802E-02  -4.78736833E-02 -0.500000000    
           6          31   2.01987103E-04  -8.23083147E-02 -0.500000000    
           6          32   8.68140012E-02 -0.111596234     -0.500000000    
           6          33   8.83842185E-02 -0.128859490     -0.500000000    
           7           1  0.474726051      -5.34454137E-02 -0.500000000    
           7           2  0.305346966      -4.32503000E-02 -0.500000000    
           7           3  0.269446969      -3.18532661E-02 -0.500000000    
           7           4  0.216726884      -2.02731714E-02 -0.500000000    
           7           5   2.45707203E-02  -1.33813834E-02 -0.500000000    
           7           6   9.66436043E-02  -2.04688776E-02 -0.500000000    
           7           7   4.90120053E-02  -2.42725816E-02 -0.500000000    
           7           8  -9.51887947E-03  -3.87348868E-02 -0.500000000    
           7           9  0.116909645      -5.58600016E-02 -0.500000000    
           7          10  0.172306657      -6.53286800E-02 -0.500000000    
           7          11  0.139094532      -6.05819747E-02 -0.500000000    
           7          12   3.70881185E-02  -5.67059554E-02 -0.500000000    
           7          13  -5.37414895E-03  -4.57469486E-02 -0.500000000    
           7          14   3.40689905E-02  -3.76520418E-02 -0.500000000    
           7          15   3.11183613E-02  -5.05149029E-02 -0.500000000    
           7          16   1.57748424E-02 -0.103764072     -0.500000000    
           7          17   5.53731397E-02 -0.130306974     -0.500000000    
           7          18  0.101423703      -9.55329761E-02 -0.500000000    
           7          19  0.141644135      -7.45771378E-02 -0.500000000    
           7          20   3.23172472E-02  -6.45747855E-02 -0.500000000    
           7          21   9.22128558E-02  -4.29888368E-02 -0.500000000    
           7          22  0.135959327      -2.38031223E-02 -0.500000000    
           7          23  0.162825599      -2.49558371E-02 -0.500000000    
           7          24   7.28301331E-02  -4.39688042E-02 -0.500000000    
           7          25  -2.92688198E-02  -5.05759269E-02 -0.500000000    
           7          26   1.23742362E-02  -3.41664478E-02 -0.500000000    
           7          27  0.121427961       2.71524605E-03 -0.500000000    
           7          28  0.193811476       4.23993170E-02 -0.500000000    
           7          29  0.222207427       4.36059907E-02 -0.500000000    
           7          30   6.66477233E-02  -6.91890204E-03 -0.500000000    
           7          31  -2.38813180E-02  -3.92177403E-02 -0.500000000    
           7          32  0.114598811      -6.25007674E-02 -0.500000000    
           7          33  0.117738478      -8.10453519E-02 -0.500000000    
           8           1  0.216737732      -2.60350108E-02 -0.500000000    
           8           2   6.71279952E-02  -2.40868684E-02 -0.500000000    
           8           3  -2.37461403E-02  -2.17911825E-02 -0.500000000    
           8           4   4.49566022E-02  -1.89349870E-03 -0.500000000    
           8           5  0.204623029       1.50330877E-03 -0.500000000    
           8           6  0.221062481      -1.13112675E-02 -0.500000000    
           8           7  -9.50885005E-03  -3.87395918E-02 -0.500000000    
           8           8   1.24174058E-02  -6.38536960E-02 -0.500000000    
           8           9   4.93691899E-02  -6.96871355E-02 -0.500000000    
           8          10   9.83459577E-02  -6.38658255E-02 -0.500000000    
           8          11   4.19764780E-02  -5.02619781E-02 -0.500000000    
           8          12   2.31043343E-03  -4.32910696E-02 -0.500000000    
           8          13  -5.78986332E-02  -3.15006711E-02 -0.500000000    
           8          14   1.24127669E-02  -3.14954333E-02 -0.500000000    
           8          15   8.02615583E-02  -4.73969802E-02 -0.500000000    
           8          16   9.45589766E-02  -9.53018665E-02 -0.500000000    
           8          17  0.143488258     -0.114194453     -0.500000000    
           8          18  0.184762374      -8.02870467E-02 -0.500000000    
           8          19  0.186344832      -5.50906584E-02 -0.500000000    
           8          20   4.77858782E-02  -4.72593866E-02 -0.500000000    
           8          21   8.24700519E-02  -2.78607495E-02 -0.500000000    
           8          22  0.177294940      -4.78533190E-03 -0.500000000    
           8          23  0.268883765      -1.82715449E-02 -0.500000000    
           8          24  0.288306028      -4.16181907E-02 -0.500000000    
           8          25  0.148895890      -6.07835799E-02 -0.500000000    
           8          26  0.151217341      -4.91221100E-02 -0.500000000    
           8          27  0.174166456      -1.27107026E-02 -0.500000000    
           8          28  0.146450847       2.94582751E-02 -0.500000000    
           8          29  0.141840532       5.34478612E-02 -0.500000000    
           8          30   3.88812385E-02   2.92739607E-02 -0.500000000    
           8          31   7.37945810E-02  -3.70554300E-03 -0.500000000    
           8          32  0.133497238      -2.46230196E-02 -0.500000000    
           8          33   8.74181539E-02  -3.59187573E-02 -0.500000000    
           9           1  0.156907260       6.72984053E-04 -0.500000000    
           9           2  0.167066187      -6.84027234E-03 -0.500000000    
           9           3  0.151982844      -4.45292983E-03 -0.500000000    
           9           4  0.151737824       4.29999200E-04 -0.500000000    
           9           5  0.310362041      -1.21855754E-02 -0.500000000    
           9           6  0.289666623      -3.14346924E-02 -0.500000000    
           9           7  0.116927169      -5.58706112E-02 -0.500000000    
           9           8   4.93784398E-02  -6.96942732E-02 -0.500000000    
           9           9  0.212594897      -7.27413595E-02 -0.500000000    
           9          10  0.152613178      -6.24494143E-02 -0.500000000    
           9          11   1.17303990E-02  -3.84710506E-02 -0.500000000    
           9          12  -8.18398595E-03  -2.97982730E-02 -0.500000000    
           9          13  -1.10555487E-02  -3.50401141E-02 -0.500000000    
           9          14  0.186687842      -4.64465134E-02 -0.500000000    
           9          15  0.205645025      -5.61190769E-02 -0.500000000    
           9          16  0.152162060      -9.39910486E-02 -0.500000000    
           9          17  0.179125860     -0.107320368     -0.500000000    
           9          18  0.216957092      -8.15558061E-02 -0.500000000    
           9          19  0.270754248      -5.47467098E-02 -0.500000000    
           9          20  0.244872212      -4.81930524E-02 -0.500000000    
           9          21  0.215122372      -3.10629886E-02 -0.500000000    
           9          22  0.118998274      -7.38898641E-04 -0.500000000    
           9          23  0.247601643      -2.01763157E-02 -0.500000000    
           9          24  0.388651282      -4.90097627E-02 -0.500000000    
           9          25  0.300808698      -6.82039037E-02 -0.500000000    
           9          26  0.200051561      -6.12829477E-02 -0.500000000    
           9          27  0.258725643      -3.09279319E-02 -0.500000000    
           9          28  0.123411454       9.33758263E-03 -0.500000000    
           9          29  0.117334150       3.20737660E-02 -0.500000000    
           9          30  0.133582458       2.34129615E-02 -0.500000000    
           9          31  0.261350155      -2.12403806E-03 -0.500000000    
           9          32  0.201073512      -2.40339451E-02 -0.500000000    
           9          33   9.89404395E-02  -2.16492545E-02 -0.500000000    
          10           1   9.27899033E-02  -1.42324055E-02 -0.500000000    
          10           2   8.82245600E-02  -1.48141701E-02 -0.500000000    
          10           3  0.143555731      -1.31546762E-02 -0.500000000    
          10           4  0.181060642      -2.02005804E-02 -0.500000000    
          10           5  0.137554273      -3.48222293E-02 -0.500000000    
          10           6  0.188631520      -5.21768704E-02 -0.500000000    
          10           7  0.172299072      -6.53400347E-02 -0.500000000    
          10           8   9.83587056E-02  -6.38740808E-02 -0.500000000    
          10           9  0.152604818      -6.24538027E-02 -0.500000000    
          10          10  0.218268350      -4.95936386E-02 -0.500000000    
          10          11  0.153695956      -3.00036669E-02 -0.500000000    
          10          12   8.10602531E-02  -2.53866035E-02 -0.500000000    
          10          13   2.42485013E-02  -4.47720103E-02 -0.500000000    
          10          14  0.151849434      -6.82269707E-02 -0.500000000    
          10          15  0.229727656      -8.41622800E-02 -0.500000000    
          10          16  0.231445089     -0.109936737     -0.500000000    
          10          17  0.274520963     -0.115949959     -0.500000000    
          10          18  0.343954742     -0.107117511     -0.500000000    
          10          19  0.381861806      -8.53368565E-02 -0.500000000    
          10          20  0.247215673      -6.68509156E-02 -0.500000000    
          10          21  0.182978183      -3.76589261E-02 -0.500000000    
          10          22  0.121857323      -2.29449719E-02 -0.500000000    
          10          23  0.193406224      -2.40448304E-02 -0.500000000    
          10          24  0.277073652      -4.15607020E-02 -0.500000000    
          10          25  0.171489298      -5.76295368E-02 -0.500000000    
          10          26  0.185924351      -6.63266852E-02 -0.500000000    
          10          27  0.195713267      -4.56377044E-02 -0.500000000    
          10          28  -1.69301778E-02  -2.23695263E-02 -0.500000000    
          10          29   3.51179540E-02  -2.01597787E-03 -0.500000000    
          10          30  0.130846605      -8.69778451E-03 -0.500000000    
          10          31  0.183776796      -2.67081726E-02 -0.500000000    
          10          32  0.108535253      -5.03371246E-02 -0.500000000    
          10          33   6.81800321E-02  -5.31052276E-02 -0.500000000    
          11           1  0.124228679      -4.23005633E-02 -0.500000000    
          11           2   3.95722203E-02  -3.47589552E-02 -0.500000000    
          11           3   5.51629402E-02  -3.90186459E-02 -0.500000000    
          11           4   3.79877537E-02  -4.28956524E-02 -0.500000000    
          11           5   4.22108658E-02  -6.09854236E-02 -0.500000000    
          11           6  0.130730763      -6.35375977E-02 -0.500000000    
          11           7  0.139098883      -6.05920330E-02 -0.500000000    
          11           8   4.19606976E-02  -5.02692051E-02 -0.500000000    
          11           9   1.16963480E-02  -3.84749770E-02 -0.500000000    
          11          10  0.153675407      -3.00040841E-02 -0.500000000    
          11          11   5.61151691E-02  -1.43463798E-02 -0.500000000    
          11          12   3.08853555E-02  -2.03563608E-02 -0.500000000    
          11          13   8.90825875E-03  -4.65828702E-02 -0.500000000    
          11          14   8.56373757E-02  -8.92839134E-02 -0.500000000    
          11          15  0.118180335     -0.123978473     -0.500000000    
          11          16  0.208925918     -0.144187197     -0.500000000    
          11          17  0.340935856     -0.149195328     -0.500000000    
          11          18  0.366064310     -0.157471091     -0.500000000    
          11          19  0.300329536     -0.133336157     -0.500000000    
          11          20  0.174312979      -9.55169648E-02 -0.500000000    
          11          21  0.103845887      -4.53428030E-02 -0.500000000    
          11          22   2.98364572E-02  -3.09344493E-02 -0.500000000    
          11          23   5.66075146E-02  -2.75531281E-02 -0.500000000    
          11          24  -2.01936085E-02  -3.12302094E-02 -0.500000000    
          11          25   3.54375206E-02  -4.26324233E-02 -0.500000000    
          11          26   5.83191849E-02  -5.90438657E-02 -0.500000000    
          11          27  0.127231181      -5.49698137E-02 -0.500000000    
          11          28   4.89067771E-02  -4.83732335E-02 -0.500000000    
          11          29  -4.78659421E-02  -4.41702567E-02 -0.500000000    
          11          30  -2.35716607E-02  -4.20700386E-02 -0.500000000    
          11          31   8.54938179E-02  -6.49862885E-02 -0.500000000    
          11          32  0.110465214      -7.96054229E-02 -0.500000000    
          11          33  0.105807304      -9.82531086E-02 -0.500000000    
          12           1  0.188811466      -6.85392544E-02 -0.500000000    
          12           2   5.43132611E-02  -5.61464094E-02 -0.500000000    
          12           3  -7.24614486E-02  -5.24775684E-02 -0.500000000    
          12           4  -7.47316405E-02  -5.88012375E-02 -0.500000000    
          12           5   3.74904014E-02  -6.87006786E-02 -0.500000000    
          12           6   5.83310239E-02  -6.19037934E-02 -0.500000000    
          12           7   3.70879024E-02  -5.67127578E-02 -0.500000000    
          12           8   2.27602571E-03  -4.32933830E-02 -0.500000000    
          12           9  -8.19458999E-03  -2.97990106E-02 -0.500000000    
          12          10   8.10327679E-02  -2.53847037E-02 -0.500000000    
          12          11   3.08687314E-02  -2.03534216E-02 -0.500000000    
          12          12   6.82330923E-03  -2.45452076E-02 -0.500000000    
          12          13  -4.71083727E-03  -4.47946377E-02 -0.500000000    
          12          14   7.30660632E-02  -9.73390341E-02 -0.500000000    
          12          15  0.135427564     -0.163401291     -0.500000000    
          12          16  0.154331937     -0.188483879     -0.500000000    
          12          17  0.157525688     -0.198274687     -0.500000000    
          12          18  0.179430410     -0.217480943     -0.500000000    
          12          19  0.181313217     -0.177385658     -0.500000000    
          12          20  0.115751371     -0.110825486     -0.500000000    
          12          21   2.00902410E-02  -5.46569861E-02 -0.500000000    
          12          22  -5.19886576E-02  -3.68342996E-02 -0.500000000    
          12          23  -3.66179273E-02  -4.09142897E-02 -0.500000000    
          12          24  -9.20788944E-02  -5.01627661E-02 -0.500000000    
          12          25  -5.89977577E-02  -5.59389442E-02 -0.500000000    
          12          26   2.57902835E-02  -6.37579486E-02 -0.500000000    
          12          27  0.100589924      -6.58753961E-02 -0.500000000    
          12          28  0.153992504      -6.37042671E-02 -0.500000000    
          12          29  -1.27017684E-02  -6.22747913E-02 -0.500000000    
          12          30 -0.134291902      -6.04647845E-02 -0.500000000    
          12          31   4.15112413E-02  -8.10398608E-02 -0.500000000    
          12          32  0.201777562      -9.64093730E-02 -0.500000000    
          12          33  0.284158409     -0.120332152     -0.500000000    
          13           1  0.132388636      -8.73978660E-02 -0.500000000    
          13           2   1.53345456E-02  -7.37703666E-02 -0.500000000    
          13           3 -0.117371298      -6.73917681E-02 -0.500000000    
          13           4   9.20020696E-03  -8.14652145E-02 -0.500000000    
          13           5  0.139142498      -8.11367854E-02 -0.500000000    
          13           6   8.16518068E-02  -6.12291545E-02 -0.500000000    
          13           7  -5.33035584E-03  -4.57538553E-02 -0.500000000    
          13           8  -5.79094216E-02  -3.14960703E-02 -0.500000000    
          13           9  -1.10399788E-02  -3.50347981E-02 -0.500000000    
          13          10   2.42422819E-02  -4.47719656E-02 -0.500000000    
          13          11   8.86365399E-03  -4.65837605E-02 -0.500000000    
          13          12  -4.72985068E-03  -4.47959267E-02 -0.500000000    
          13          13   1.18405819E-02  -6.73129410E-02 -0.500000000    
          13          14   6.81787357E-02 -0.117878720     -0.500000000    
          13          15   8.61969516E-02 -0.195821628     -0.500000000    
          13          16  0.109664842     -0.216828361     -0.500000000    
          13          17  0.148596257     -0.226172730     -0.500000000    
          13          18  0.155128509     -0.247555494     -0.500000000    
          13          19  0.101699166     -0.203407511     -0.500000000    
          13          20   4.80191559E-02 -0.134175345     -0.500000000    
          13          21  -2.39453465E-02  -9.11190808E-02 -0.500000000    
          13          22  -5.63734695E-02  -6.93020448E-02 -0.500000000    
          13          23  -8.83555934E-02  -7.12520480E-02 -0.500000000    
          13          24  -3.01781017E-03  -8.13871473E-02 -0.500000000    
          13          25  -6.22061454E-02  -8.55908990E-02 -0.500000000    
          13          26  -9.83096585E-02  -7.78203979E-02 -0.500000000    
          13          27  -7.31556863E-03  -6.49359077E-02 -0.500000000    
          13          28  0.205266595      -6.21753782E-02 -0.500000000    
          13          29  0.172717929      -7.30092153E-02 -0.500000000    
          13          30   2.96019316E-02  -7.57239833E-02 -0.500000000    
          13          31   4.36275899E-02  -8.44746307E-02 -0.500000000    
          13          32  0.222152516     -0.106335163     -0.500000000    
          13          33  0.349706620     -0.117689945     -0.500000000    
          14           1  0.279105425      -9.40966830E-02 -0.500000000    
          14           2   2.81427745E-02  -8.41706023E-02 -0.500000000    
          14           3  -4.59710211E-02  -8.01980421E-02 -0.500000000    
          14           4  0.126863733      -9.30525288E-02 -0.500000000    
          14           5  0.242419392      -8.13633054E-02 -0.500000000    
          14           6  0.136737764      -5.70366010E-02 -0.500000000    
          14           7   3.41229551E-02  -3.76517475E-02 -0.500000000    
          14           8   1.24014867E-02  -3.14910263E-02 -0.500000000    
          14           9  0.186669990      -4.64437716E-02 -0.500000000    
          14          10  0.151886478      -6.82319179E-02 -0.500000000    
          14          11   8.55886042E-02  -8.92909914E-02 -0.500000000    
          14          12   7.30437338E-02  -9.73452404E-02 -0.500000000    
          14          13   6.81960210E-02 -0.117882051     -0.500000000    
          14          14   8.27138200E-02 -0.152643651     -0.500000000    
          14          15   6.41258657E-02 -0.214269698     -0.500000000    
          14          16   3.52744535E-02 -0.228512436     -0.500000000    
          14          17   3.16081345E-02 -0.233172625     -0.500000000    
          14          18   3.97942439E-02 -0.243070006     -0.500000000    
          14          19   4.88442630E-02 -0.212973177     -0.500000000    
          14          20   6.01535402E-02 -0.169153452     -0.500000000    
          14          21   2.15768870E-02 -0.148816973     -0.500000000    
          14          22  -6.91779610E-03 -0.129052103     -0.500000000    
          14          23  -1.91592090E-02 -0.115406230     -0.500000000    
          14          24  0.199733555     -0.110593639     -0.500000000    
          14          25   8.18040073E-02  -9.74305123E-02 -0.500000000    
          14          26   5.78460321E-02  -8.84903446E-02 -0.500000000    
          14          27   3.22017260E-02  -7.13848099E-02 -0.500000000    
          14          28  0.116923638      -6.08599149E-02 -0.500000000    
          14          29  0.231137872      -7.14422166E-02 -0.500000000    
          14          30   6.16708845E-02  -7.51598403E-02 -0.500000000    
          14          31  -2.65971422E-02  -7.85056576E-02 -0.500000000    
          14          32  0.168998390      -9.60059762E-02 -0.500000000    
          14          33  0.278457612      -9.50920954E-02 -0.500000000    
          15           1  0.162792921      -7.54327551E-02 -0.500000000    
          15           2   6.04345948E-02  -7.67889842E-02 -0.500000000    
          15           3   3.38553749E-02  -8.05831552E-02 -0.500000000    
          15           4  0.160208941      -8.84746760E-02 -0.500000000    
          15           5  0.167323798      -7.59226754E-02 -0.500000000    
          15           6  0.107964061      -6.12535067E-02 -0.500000000    
          15           7   3.11505888E-02  -5.05112633E-02 -0.500000000    
          15           8   8.02742094E-02  -4.73993197E-02 -0.500000000    
          15           9  0.205601022      -5.61262816E-02 -0.500000000    
          15          10  0.229743347      -8.41744095E-02 -0.500000000    
          15          11  0.118169367     -0.123994134     -0.500000000    
          15          12  0.135399744     -0.163412407     -0.500000000    
          15          13   8.62260759E-02 -0.195828736     -0.500000000    
          15          14   6.41453564E-02 -0.214273974     -0.500000000    
          15          15   6.03056960E-02 -0.224637702     -0.500000000    
          15          16   4.07466851E-02 -0.220731035     -0.500000000    
          15          17   2.82340404E-02 -0.216894194     -0.500000000    
          15          18   2.85120346E-02 -0.215361372     -0.500000000    
          15          19   3.05184498E-02 -0.223419651     -0.500000000    
          15          20   5.23750596E-02 -0.227180898     -0.500000000    
          15          21   5.87344505E-02 -0.221952900     -0.500000000    
          15          22   4.37604487E-02 -0.193389565     -0.500000000    
          15          23   7.92334676E-02 -0.158116177     -0.500000000    
          15          24  0.190233871     -0.132992670     -0.500000000    
          15          25  0.111507870     -0.112361588     -0.500000000    
          15          26  0.115275927      -9.94262770E-02 -0.500000000    
          15          27   6.30727112E-02  -7.72271901E-02 -0.500000000    
          15          28   3.32483426E-02  -5.91361038E-02 -0.500000000    
          15          29  0.170715898      -6.31110370E-02 -0.500000000    
          15          30   2.16998067E-02  -7.34149143E-02 -0.500000000    
          15          31  -4.47890833E-02  -7.20761418E-02 -0.500000000    
          15          32  -9.49721225E-03  -7.20939413E-02 -0.500000000    
          15          33   1.58452429E-04  -6.55515194E-02 -0.500000000    
          16           1   8.80269706E-02 -0.100871317     -0.500000000    
          16           2  0.169249713     -0.118901782     -0.500000000    
          16           3  0.154618233     -0.131215900     -0.500000000    
          16           4   6.30519837E-02 -0.119969726     -0.500000000    
          16           5   4.29366119E-02 -0.110671595     -0.500000000    
          16           6   4.56164926E-02 -0.111493774     -0.500000000    
          16           7   1.57580338E-02 -0.103752963     -0.500000000    
          16           8   9.45600197E-02  -9.53016803E-02 -0.500000000    
          16           9  0.152134985      -9.40043852E-02 -0.500000000    
          16          10  0.231386200     -0.109956220     -0.500000000    
          16          11  0.208932415     -0.144211650     -0.500000000    
          16          12  0.154290155     -0.188501224     -0.500000000    
          16          13  0.109675325     -0.216841817     -0.500000000    
          16          14   3.53022590E-02 -0.228520185     -0.500000000    
          16          15   4.07479890E-02 -0.220732197     -0.500000000    
          16          16   3.05623170E-02 -0.240507096     -0.500000000    
          16          17   8.77321046E-03 -0.246034339     -0.500000000    
          16          18   1.59691018E-03 -0.214105606     -0.500000000    
          16          19  -2.02046745E-02 -0.219419584     -0.500000000    
          16          20   1.76262502E-02 -0.239421681     -0.500000000    
          16          21   6.64347783E-02 -0.240387321     -0.500000000    
          16          22  0.114664786     -0.217217460     -0.500000000    
          16          23  0.169754401     -0.183231965     -0.500000000    
          16          24   9.18249637E-02 -0.158131212     -0.500000000    
          16          25  0.134379908     -0.150324970     -0.500000000    
          16          26  0.148885101     -0.138014257     -0.500000000    
          16          27   7.65810236E-02 -0.113498144     -0.500000000    
          16          28   6.56006020E-03  -8.79663005E-02 -0.500000000    
          16          29   6.24162890E-02  -8.26267973E-02 -0.500000000    
          16          30   1.19279772E-02  -9.89607200E-02 -0.500000000    
          16          31   4.45438474E-02  -9.68257785E-02 -0.500000000    
          16          32   2.92256437E-02  -8.20093527E-02 -0.500000000    
          16          33  -1.34276655E-02  -7.67431632E-02 -0.500000000    
          17           1   5.12270704E-02 -0.130594641     -0.500000000    
          17           2  0.245972425     -0.154128551     -0.500000000    
          17           3  0.264496684     -0.167360201     -0.500000000    
          17           4  -1.52708916E-02 -0.138034552     -0.500000000    
          17           5   3.58788967E-02 -0.128829181     -0.500000000    
          17           6   3.72479334E-02 -0.140602484     -0.500000000    
          17           7   5.53319603E-02 -0.130290478     -0.500000000    
          17           8  0.143437400     -0.114189230     -0.500000000    
          17           9  0.179077208     -0.107334539     -0.500000000    
          17          10  0.274411142     -0.115974784     -0.500000000    
          17          11  0.340927958     -0.149224326     -0.500000000    
          17          12  0.157495022     -0.198296830     -0.500000000    
          17          13  0.148594856     -0.226189449     -0.500000000    
          17          14   3.16346250E-02 -0.233180687     -0.500000000    
          17          15   2.82247365E-02 -0.216893613     -0.500000000    
          17          16   8.76102317E-03 -0.246032670     -0.500000000    
          17          17  -2.51046829E-02 -0.254607648     -0.500000000    
          17          18  -4.35905755E-02 -0.207358852     -0.500000000    
          17          19  -7.94454962E-02 -0.211820796     -0.500000000    
          17          20  -6.10632868E-03 -0.242368624     -0.500000000    
          17          21   6.83952570E-02 -0.247936293     -0.500000000    
          17          22  0.174618870     -0.226087406     -0.500000000    
          17          23  0.244664386     -0.188796982     -0.500000000    
          17          24   7.26102591E-02 -0.163092509     -0.500000000    
          17          25  0.185781151     -0.159223661     -0.500000000    
          17          26  0.192997873     -0.146295086     -0.500000000    
          17          27   9.46694240E-02 -0.123229884     -0.500000000    
          17          28   2.36405060E-02  -9.43877175E-02 -0.500000000    
          17          29  -5.39193489E-03  -8.75692815E-02 -0.500000000    
          17          30   5.10311089E-02 -0.108927652     -0.500000000    
          17          31   3.96342389E-02 -0.112449981     -0.500000000    
          17          32   8.33282173E-02  -9.02281329E-02 -0.500000000    
          17          33  -2.16144528E-02  -8.72802809E-02 -0.500000000    
          18           1  -4.84851785E-02 -0.102783352     -0.500000000    
          18           2  0.132205933     -0.121259265     -0.500000000    
          18           3  0.121395111     -0.129419044     -0.500000000    
          18           4  -5.84329572E-03 -0.103053108     -0.500000000    
          18           5   1.14252437E-02  -9.44381133E-02 -0.500000000    
          18           6   7.51795396E-02 -0.105028927     -0.500000000    
          18           7  0.101368271      -9.55263153E-02 -0.500000000    
          18           8  0.184685618      -8.02886114E-02 -0.500000000    
          18           9  0.216877341      -8.15721378E-02 -0.500000000    
          18          10  0.343841821     -0.107143693     -0.500000000    
          18          11  0.366067410     -0.157500848     -0.500000000    
          18          12  0.179421157     -0.217505440     -0.500000000    
          18          13  0.155127928     -0.247571692     -0.500000000    
          18          14   3.98003384E-02 -0.243076190     -0.500000000    
          18          15   2.84786560E-02 -0.215358272     -0.500000000    
          18          16   1.56237907E-03 -0.214100748     -0.500000000    
          18          17  -4.36155200E-02 -0.207356319     -0.500000000    
          18          18  -5.29617555E-02 -0.180608153     -0.500000000    
          18          19  -8.97214487E-02 -0.205393866     -0.500000000    
          18          20  -1.32694552E-02 -0.249647796     -0.500000000    
          18          21   6.03667460E-02 -0.266023546     -0.500000000    
          18          22  0.159107074     -0.237325788     -0.500000000    
          18          23  0.253775775     -0.189967200     -0.500000000    
          18          24  0.105225004     -0.150564924     -0.500000000    
          18          25  0.197689012     -0.132859498     -0.500000000    
          18          26  0.187789127     -0.115289755     -0.500000000    
          18          27   9.82895941E-02  -9.10287350E-02 -0.500000000    
          18          28  -5.40652871E-03  -6.00986518E-02 -0.500000000    
          18          29  -3.62957232E-02  -5.21462522E-02 -0.500000000    
          18          30   5.84152248E-03  -7.41211027E-02 -0.500000000    
          18          31   4.01236676E-03  -7.91867301E-02 -0.500000000    
          18          32   7.48715363E-03  -6.14431761E-02 -0.500000000    
          18          33  -8.17901865E-02  -5.87686859E-02 -0.500000000    
          19           1  -2.87179574E-02 -0.110735193     -0.500000000    
          19           2  -4.54982407E-02 -0.115065828     -0.500000000    
          19           3  -3.17565277E-02 -0.117156826     -0.500000000    
          19           4   6.38422742E-02 -0.106741130     -0.500000000    
          19           5   5.18730693E-02  -9.44277197E-02 -0.500000000    
          19           6  0.147564232      -9.09747332E-02 -0.500000000    
          19           7  0.141599014      -7.45859221E-02 -0.500000000    
          19           8  0.186295778      -5.51077388E-02 -0.500000000    
          19           9  0.270637035      -5.47685288E-02 -0.500000000    
          19          10  0.381750196      -8.53624567E-02 -0.500000000    
          19          11  0.300330698     -0.133369535     -0.500000000    
          19          12  0.181323528     -0.177417770     -0.500000000    
          19          13  0.101714149     -0.203426808     -0.500000000    
          19          14   4.88411859E-02 -0.212980524     -0.500000000    
          19          15   3.04739308E-02 -0.223416835     -0.500000000    
          19          16  -2.02656053E-02 -0.219414145     -0.500000000    
          19          17  -7.95055702E-02 -0.211817533     -0.500000000    
          19          18  -8.97498205E-02 -0.205392048     -0.500000000    
          19          19  -7.96077624E-02 -0.208532363     -0.500000000    
          19          20  -2.01064581E-03 -0.217905402     -0.500000000    
          19          21   5.23916595E-02 -0.225361958     -0.500000000    
          19          22  0.110087745     -0.199232936     -0.500000000    
          19          23  0.189869642     -0.158803299     -0.500000000    
          19          24  0.204766735     -0.124802910     -0.500000000    
          19          25  0.183143675     -0.101744913     -0.500000000    
          19          26  0.160733789      -8.76235887E-02 -0.500000000    
          19          27  0.110575140      -6.75535798E-02 -0.500000000    
          19          28   3.69549021E-02  -4.49360050E-02 -0.500000000    
          19          29  0.108262636      -4.49144654E-02 -0.500000000    
          19          30   7.47684343E-03  -6.79377392E-02 -0.500000000    
          19          31  -2.54186932E-02  -7.28981271E-02 -0.500000000    
          19          32  -2.52383016E-02  -6.91577345E-02 -0.500000000    
          19          33  -3.23943123E-02  -6.77755624E-02 -0.500000000    
          20           1  0.119575776     -0.118834786     -0.500000000    
          20           2  -6.00850321E-02 -0.107511505     -0.500000000    
          20           3  -4.42077182E-02 -0.104874648     -0.500000000    
          20           4  0.129316464     -0.106225915     -0.500000000    
          20           5  0.146431938      -8.87700394E-02 -0.500000000    
          20           6   7.86580667E-02  -7.92243630E-02 -0.500000000    
          20           7   3.22493203E-02  -6.45794794E-02 -0.500000000    
          20           8   4.77452353E-02  -4.72789146E-02 -0.500000000    
          20           9  0.244800135      -4.82175685E-02 -0.500000000    
          20          10  0.247133747      -6.68757185E-02 -0.500000000    
          20          11  0.174301043      -9.55508724E-02 -0.500000000    
          20          12  0.115775272     -0.110862210     -0.500000000    
          20          13   4.80323434E-02 -0.134199977     -0.500000000    
          20          14   6.01299740E-02 -0.169165745     -0.500000000    
          20          15   5.23234308E-02 -0.227183968     -0.500000000    
          20          16   1.75790451E-02 -0.239419237     -0.500000000    
          20          17  -6.15139771E-03 -0.242365628     -0.500000000    
          20          18  -1.32967010E-02 -0.249645948     -0.500000000    
          20          19  -2.02550879E-03 -0.217904612     -0.500000000    
          20          20   2.54423581E-02 -0.176386341     -0.500000000    
          20          21   3.31095196E-02 -0.158532828     -0.500000000    
          20          22   4.37386222E-02 -0.136661187     -0.500000000    
          20          23   4.45596203E-02 -0.115374357     -0.500000000    
          20          24  0.201242268     -0.102937140     -0.500000000    
          20          25   7.02205151E-02  -8.60877559E-02 -0.500000000    
          20          26   3.70082483E-02  -7.69966170E-02 -0.500000000    
          20          27   2.43456829E-02  -6.13510348E-02 -0.500000000    
          20          28   4.30752039E-02  -5.77345379E-02 -0.500000000    
          20          29  0.224786490      -7.61325583E-02 -0.500000000    
          20          30   4.17445190E-02  -9.23856571E-02 -0.500000000    
          20          31  -9.89121124E-02  -9.08441320E-02 -0.500000000    
          20          32  -1.48331737E-02  -9.61041078E-02 -0.500000000    
          20          33   5.07110469E-02  -9.27920118E-02 -0.500000000    
          21           1  0.215077683     -0.130833402     -0.500000000    
          21           2   7.47249275E-02 -0.117162846     -0.500000000    
          21           3  -4.65398375E-03 -0.110938780     -0.500000000    
          21           4  0.204965219     -0.116530597     -0.500000000    
          21           5  0.325728536      -9.28210244E-02 -0.500000000    
          21           6  0.144281298      -6.43132776E-02 -0.500000000    
          21           7   9.22259167E-02  -4.30022255E-02 -0.500000000    
          21           8   8.24130550E-02  -2.78661251E-02 -0.500000000    
          21           9  0.215121239      -3.10709961E-02 -0.500000000    
          21          10  0.182935447      -3.76776755E-02 -0.500000000    
          21          11  0.103817455      -4.53730226E-02 -0.500000000    
          21          12   2.01184712E-02  -5.46913669E-02 -0.500000000    
          21          13  -2.39082240E-02  -9.11446437E-02 -0.500000000    
          21          14   2.15687528E-02 -0.148831129     -0.500000000    
          21          15   5.86923771E-02 -0.221960619     -0.500000000    
          21          16   6.63996488E-02 -0.240390673     -0.500000000    
          21          17   6.83691427E-02 -0.247939289     -0.500000000    
          21          18   6.03522174E-02 -0.266025931     -0.500000000    
          21          19   5.23839779E-02 -0.225359961     -0.500000000    
          21          20   3.31205316E-02 -0.158529490     -0.500000000    
          21          21   7.66428653E-03 -0.112025850     -0.500000000    
          21          22  -5.38205775E-03  -7.84914792E-02 -0.500000000    
          21          23  -4.00735252E-03  -6.23219162E-02 -0.500000000    
          21          24  0.132677302      -5.40297702E-02 -0.500000000    
          21          25   6.70065358E-02  -5.64042255E-02 -0.500000000    
          21          26   1.44177713E-02  -6.24303930E-02 -0.500000000    
          21          27  -5.75243589E-03  -6.42362908E-02 -0.500000000    
          21          28   8.71772468E-02  -7.52072781E-02 -0.500000000    
          21          29  0.145276979      -9.97952819E-02 -0.500000000    
          21          30  -3.53089683E-02 -0.110795118     -0.500000000    
          21          31 -0.150741622     -0.105381474     -0.500000000    
          21          32  -3.02724373E-02 -0.119189769     -0.500000000    
          21          33   8.14250261E-02 -0.127260894     -0.500000000    
          22           1  0.215172350     -0.125862122     -0.500000000    
          22           2   5.29314019E-02 -0.113264963     -0.500000000    
          22           3   1.95558947E-02 -0.103583083     -0.500000000    
          22           4  0.120208427     -0.104370706     -0.500000000    
          22           5  0.241077363      -8.45013112E-02 -0.500000000    
          22           6   9.91563424E-02  -5.06590158E-02 -0.500000000    
          22           7  0.135890231      -2.38392577E-02 -0.500000000    
          22           8  0.177311778      -4.81823273E-03 -0.500000000    
          22           9  0.119069956      -7.50328763E-04 -0.500000000    
          22          10  0.121811099      -2.29474586E-02 -0.500000000    
          22          11   2.97905914E-02  -3.09500210E-02 -0.500000000    
          22          12  -5.19822128E-02  -3.68617997E-02 -0.500000000    
          22          13  -5.63405976E-02  -6.93254694E-02 -0.500000000    
          22          14  -6.89977547E-03 -0.129066035     -0.500000000    
          22          15   4.37556095E-02 -0.193397418     -0.500000000    
          22          16  0.114653900     -0.217220753     -0.500000000    
          22          17  0.174599513     -0.226090670     -0.500000000    
          22          18  0.159102663     -0.237330005     -0.500000000    
          22          19  0.110099152     -0.199231997     -0.500000000    
          22          20   4.37450409E-02 -0.136656925     -0.500000000    
          22          21  -5.40170539E-03  -7.84886777E-02 -0.500000000    
          22          22  -2.97476407E-02  -4.47953641E-02 -0.500000000    
          22          23   4.90717031E-03  -2.96278466E-02 -0.500000000    
          22          24   6.43650293E-02  -2.88997982E-02 -0.500000000    
          22          25  0.101617299      -4.35735285E-02 -0.500000000    
          22          26   4.38708477E-02  -5.20437472E-02 -0.500000000    
          22          27  -7.61261508E-02  -5.90578578E-02 -0.500000000    
          22          28   9.33287889E-02  -7.23022744E-02 -0.500000000    
          22          29   4.83279601E-02  -9.61828008E-02 -0.500000000    
          22          30 -0.131692305     -0.108371846     -0.500000000    
          22          31 -0.119418852     -0.117675528     -0.500000000    
          22          32   1.91335205E-03 -0.132110804     -0.500000000    
          22          33  0.118286885     -0.156129017     -0.500000000    
          23           1  -1.27675384E-03  -8.79107639E-02 -0.500000000    
          23           2  -8.51060227E-02  -8.01351815E-02 -0.500000000    
          23           3   6.87655434E-02  -7.88256153E-02 -0.500000000    
          23           4  0.176960692      -7.99611211E-02 -0.500000000    
          23           5  0.199940681      -7.43348822E-02 -0.500000000    
          23           6  0.101908602      -4.75313887E-02 -0.500000000    
          23           7  0.162858114      -2.50016153E-02 -0.500000000    
          23           8  0.268796027      -1.83204170E-02 -0.500000000    
          23           9  0.247575074      -2.02153623E-02 -0.500000000    
          23          10  0.193442985      -2.40610167E-02 -0.500000000    
          23          11   5.65363355E-02  -2.75532342E-02 -0.500000000    
          23          12  -3.66594642E-02  -4.09321412E-02 -0.500000000    
          23          13  -8.83511230E-02  -7.12753013E-02 -0.500000000    
          23          14  -1.91493575E-02 -0.115419120     -0.500000000    
          23          15   7.92295337E-02 -0.158119380     -0.500000000    
          23          16  0.169770688     -0.183230922     -0.500000000    
          23          17  0.244674653     -0.188797727     -0.500000000    
          23          18  0.253781676     -0.189970076     -0.500000000    
          23          19  0.189879313     -0.158802256     -0.500000000    
          23          20   4.45544049E-02 -0.115371205     -0.500000000    
          23          21  -4.03291266E-03  -6.23183809E-02 -0.500000000    
          23          22   4.88557434E-03  -2.96228677E-02 -0.500000000    
          23          23  0.108180389      -2.59734392E-02 -0.500000000    
          23          24  0.145157233      -4.66153212E-02 -0.500000000    
          23          25  0.119751349      -5.88331856E-02 -0.500000000    
          23          26   9.77949426E-02  -6.69055581E-02 -0.500000000    
          23          27   5.36093228E-02  -6.37289807E-02 -0.500000000    
          23          28  0.113539144      -7.10633621E-02 -0.500000000    
          23          29   5.35005378E-03  -8.83828253E-02 -0.500000000    
          23          30  -7.34243095E-02  -8.63094479E-02 -0.500000000    
          23          31  -5.80902584E-02  -9.72988084E-02 -0.500000000    
          23          32  -1.82338804E-02 -0.100911878     -0.500000000    
          23          33   2.90900990E-02 -0.118229583     -0.500000000    
          24           1   4.93547786E-03  -4.21029665E-02 -0.500000000    
          24           2   1.08998120E-02  -4.67594527E-02 -0.500000000    
          24           3  0.203790724      -4.64862995E-02 -0.500000000    
          24           4  0.348392963      -5.42149432E-02 -0.500000000    
          24           5  0.309950620      -5.56693599E-02 -0.500000000    
          24           6  0.175586507      -4.83821742E-02 -0.500000000    
          24           7   7.30379522E-02  -4.40235175E-02 -0.500000000    
          24           8  0.288329452      -4.16782685E-02 -0.500000000    
          24           9  0.388558835      -4.90588434E-02 -0.500000000    
          24          10  0.277042627      -4.15921658E-02 -0.500000000    
          24          11  -2.01748908E-02  -3.12473811E-02 -0.500000000    
          24          12  -9.21150744E-02  -5.01762703E-02 -0.500000000    
          24          13  -3.00522731E-03  -8.14133435E-02 -0.500000000    
          24          14  0.199748889     -0.110610023     -0.500000000    
          24          15  0.190223917     -0.132993579     -0.500000000    
          24          16   9.18201506E-02 -0.158125445     -0.500000000    
          24          17   7.26166815E-02 -0.163088873     -0.500000000    
          24          18  0.105239518     -0.150563940     -0.500000000    
          24          19  0.204782963     -0.124798842     -0.500000000    
          24          20  0.201222926     -0.102931976     -0.500000000    
          24          21  0.132617891      -5.40241413E-02 -0.500000000    
          24          22   6.42952099E-02  -2.88931597E-02 -0.500000000    
          24          23  0.145123526      -4.66148145E-02 -0.500000000    
          24          24  0.306950063      -7.06575066E-02 -0.500000000    
          24          25  0.311525792      -8.26324672E-02 -0.500000000    
          24          26  0.214466289      -7.84407780E-02 -0.500000000    
          24          27  0.214247301      -6.12201504E-02 -0.500000000    
          24          28  0.222995162      -5.33091016E-02 -0.500000000    
          24          29  0.181356981      -5.26062883E-02 -0.500000000    
          24          30  0.171922356      -5.25559075E-02 -0.500000000    
          24          31  0.168106422      -5.94175160E-02 -0.500000000    
          24          32   7.69378617E-02  -6.77084401E-02 -0.500000000    
          24          33   4.05732319E-02  -6.74367845E-02 -0.500000000    
          25           1  0.330949455      -2.54080463E-02 -0.500000000    
          25           2  0.322898000      -2.93672457E-02 -0.500000000    
          25           3  0.354741275      -2.08903980E-02 -0.500000000    
          25           4  0.376721293      -1.53650865E-02 -0.500000000    
          25           5  0.409770876      -2.50882767E-02 -0.500000000    
          25           6  0.144351229      -3.57775688E-02 -0.500000000    
          25           7  -2.90882364E-02  -5.06422296E-02 -0.500000000    
          25           8  0.149058402      -6.08528890E-02 -0.500000000    
          25           9  0.300853968      -6.82466701E-02 -0.500000000    
          25          10  0.171480656      -5.76573052E-02 -0.500000000    
          25          11   3.53576280E-02  -4.26606126E-02 -0.500000000    
          25          12  -5.90417050E-02  -5.59606999E-02 -0.500000000    
          25          13  -6.22157566E-02  -8.56182128E-02 -0.500000000    
          25          14   8.18603486E-02  -9.74539220E-02 -0.500000000    
          25          15  0.111515626     -0.112366945     -0.500000000    
          25          16  0.134372756     -0.150319859     -0.500000000    
          25          17  0.185774490     -0.159215957     -0.500000000    
          25          18  0.197670549     -0.132851332     -0.500000000    
          25          19  0.183118984     -0.101734653     -0.500000000    
          25          20   7.01928586E-02  -8.60809311E-02 -0.500000000    
          25          21   6.69705123E-02  -5.63991219E-02 -0.500000000    
          25          22  0.101585910      -4.35717441E-02 -0.500000000    
          25          23  0.119752996      -5.88391423E-02 -0.500000000    
          25          24  0.311580092      -8.26367140E-02 -0.500000000    
          25          25  0.342192858      -8.71644840E-02 -0.500000000    
          25          26  0.185092568      -7.29009658E-02 -0.500000000    
          25          27  0.310486376      -5.26268557E-02 -0.500000000    
          25          28  0.368510991      -3.98578383E-02 -0.500000000    
          25          29  0.401448071      -4.01879326E-02 -0.500000000    
          25          30  0.246709481      -3.90447192E-02 -0.500000000    
          25          31  0.192724720      -5.02998009E-02 -0.500000000    
          25          32  0.106569327      -5.79694472E-02 -0.500000000    
          25          33   8.84280801E-02  -5.31723090E-02 -0.500000000    
          26           1  0.280158520      -6.76333159E-02 -0.500000000    
          26           2  0.249363050      -6.17841296E-02 -0.500000000    
          26           3  0.304404795      -5.08828722E-02 -0.500000000    
          26           4  0.306627363      -1.62553210E-02 -0.500000000    
          26           5  0.343969792      -1.95254502E-03 -0.500000000    
          26           6  0.219407395      -1.03460047E-02 -0.500000000    
          26           7   1.22498525E-02  -3.42254303E-02 -0.500000000    
          26           8  0.151364625      -4.91867661E-02 -0.500000000    
          26           9  0.200277552      -6.13203086E-02 -0.500000000    
          26          10  0.185957521      -6.63418993E-02 -0.500000000    
          26          11   5.81461787E-02  -5.90563565E-02 -0.500000000    
          26          12   2.56907027E-02  -6.37824684E-02 -0.500000000    
          26          13  -9.83490646E-02  -7.78425485E-02 -0.500000000    
          26          14   5.78522570E-02  -8.85137990E-02 -0.500000000    
          26          15  0.115290679      -9.94357020E-02 -0.500000000    
          26          16  0.148915559     -0.138012111     -0.500000000    
          26          17  0.193003744     -0.146287322     -0.500000000    
          26          18  0.187776089     -0.115277834     -0.500000000    
          26          19  0.160724550      -8.76119733E-02 -0.500000000    
          26          20   3.70031744E-02  -7.69891068E-02 -0.500000000    
          26          21   1.44159216E-02  -6.24237247E-02 -0.500000000    
          26          22   4.39022221E-02  -5.20433411E-02 -0.500000000    
          26          23   9.78272259E-02  -6.69100955E-02 -0.500000000    
          26          24  0.214511707      -7.84409791E-02 -0.500000000    
          26          25  0.185068518      -7.29001686E-02 -0.500000000    
          26          26   3.83833721E-02  -5.92537336E-02 -0.500000000    
          26          27  0.229167178      -3.99265215E-02 -0.500000000    
          26          28  0.354125977      -2.67302226E-02 -0.500000000    
          26          29  0.261474043      -2.06229370E-02 -0.500000000    
          26          30   3.88131570E-03  -3.05163320E-02 -0.500000000    
          26          31   4.48715687E-03  -5.27973473E-02 -0.500000000    
          26          32  0.131717488      -6.27176389E-02 -0.500000000    
          26          33  0.230804175      -7.12909698E-02 -0.500000000    
          27           1  0.114871420     -0.124669790     -0.500000000    
          27           2  0.188827530     -0.106387444     -0.500000000    
          27           3  0.210361153      -8.26522708E-02 -0.500000000    
          27           4  0.122102372      -4.52130735E-02 -0.500000000    
          27           5  0.151362151      -7.80337863E-03 -0.500000000    
          27           6  0.158610940       5.71354060E-03 -0.500000000    
          27           7  0.121246852       2.67097261E-03 -0.500000000    
          27           8  0.174393952      -1.27516976E-02 -0.500000000    
          27           9  0.259052068      -3.09554767E-02 -0.500000000    
          27          10  0.195806086      -4.56431098E-02 -0.500000000    
          27          11  0.127109617      -5.49748912E-02 -0.500000000    
          27          12  0.100387976      -6.58897087E-02 -0.500000000    
          27          13  -7.35294353E-03  -6.49529397E-02 -0.500000000    
          27          14   3.21706086E-02  -7.13992193E-02 -0.500000000    
          27          15   6.30589575E-02  -7.72341266E-02 -0.500000000    
          27          16   7.66003653E-02 -0.113497019     -0.500000000    
          27          17   9.47107077E-02 -0.123229414     -0.500000000    
          27          18   9.83091071E-02  -9.10236686E-02 -0.500000000    
          27          19  0.110594854      -6.75441027E-02 -0.500000000    
          27          20   2.43687611E-02  -6.13394529E-02 -0.500000000    
          27          21  -5.72693814E-03  -6.42232746E-02 -0.500000000    
          27          22  -7.61388466E-02  -5.90459295E-02 -0.500000000    
          27          23   5.35312369E-02  -6.37175813E-02 -0.500000000    
          27          24  0.214178905      -6.12128228E-02 -0.500000000    
          27          25  0.310437053      -5.26338033E-02 -0.500000000    
          27          26  0.229164407      -3.99338491E-02 -0.500000000    
          27          27  0.277841538      -1.48324184E-02 -0.500000000    
          27          28  0.352583438       3.81827820E-03 -0.500000000    
          27          29  0.360448837      -4.91069572E-04 -0.500000000    
          27          30  0.216779247      -5.02477661E-02 -0.500000000    
          27          31  0.208413646      -8.90596285E-02 -0.500000000    
          27          32  0.403703928     -0.117659941     -0.500000000    
          27          33  0.515961230     -0.137812376     -0.500000000    
          28           1  0.107238613     -0.192305192     -0.500000000    
          28           2   3.39209326E-02 -0.160876870     -0.500000000    
          28           3  -6.09480590E-02 -0.112595938     -0.500000000    
          28           4  -7.22968057E-02  -5.85419573E-02 -0.500000000    
          28           5  -4.49018106E-02  -2.80456096E-02 -0.500000000    
          28           6  0.170807347       1.50597636E-02 -0.500000000    
          28           7  0.193635523       4.23583090E-02 -0.500000000    
          28           8  0.146557972       2.94415373E-02 -0.500000000    
          28           9  0.123625413       9.32907686E-03 -0.500000000    
          28          10  -1.68834887E-02  -2.23692674E-02 -0.500000000    
          28          11   4.87751402E-02  -4.83780764E-02 -0.500000000    
          28          12  0.153826520      -6.37152791E-02 -0.500000000    
          28          13  0.205268323      -6.21918850E-02 -0.500000000    
          28          14  0.116899684      -6.08624890E-02 -0.500000000    
          28          15   3.32058072E-02  -5.91340624E-02 -0.500000000    
          28          16   6.55857334E-03  -8.79628509E-02 -0.500000000    
          28          17   2.36534048E-02  -9.43890661E-02 -0.500000000    
          28          18  -5.40249189E-03  -6.00979552E-02 -0.500000000    
          28          19   3.69501337E-02  -4.49291021E-02 -0.500000000    
          28          20   4.30617668E-02  -5.77162020E-02 -0.500000000    
          28          21   8.71607140E-02  -7.51835033E-02 -0.500000000    
          28          22   9.32541639E-02  -7.22746924E-02 -0.500000000    
          28          23  0.113475442      -7.10378662E-02 -0.500000000    
          28          24  0.223034531      -5.33073694E-02 -0.500000000    
          28          25  0.368458003      -3.98800671E-02 -0.500000000    
          28          26  0.354044169      -2.67522894E-02 -0.500000000    
          28          27  0.352611631       3.79966595E-03 -0.500000000    
          28          28  0.451549560       3.20249237E-02 -0.500000000    
          28          29  0.443932176       1.41328312E-02 -0.500000000    
          28          30  0.208802581      -4.75045592E-02 -0.500000000    
          28          31  0.148587093     -0.111312434     -0.500000000    
          28          32  0.267633259     -0.155781463     -0.500000000    
          28          33  0.393579602     -0.179942325     -0.500000000    
          29           1  0.458464503     -0.216627792     -0.500000000    
          29           2  -9.99628082E-02 -0.186885163     -0.500000000    
          29           3 -0.201736942     -0.129576057     -0.500000000    
          29           4 -0.146259636      -8.12319592E-02 -0.500000000    
          29           5  -6.18350692E-03  -4.63890359E-02 -0.500000000    
          29           6  0.223173052      -5.70564112E-03 -0.500000000    
          29           7  0.222089723       4.35628593E-02 -0.500000000    
          29           8  0.141891882       5.34355603E-02 -0.500000000    
          29           9  0.117381096       3.20840105E-02 -0.500000000    
          29          10   3.51196676E-02  -2.00763694E-03 -0.500000000    
          29          11  -4.79921103E-02  -4.41763625E-02 -0.500000000    
          29          12  -1.28042288E-02  -6.22875132E-02 -0.500000000    
          29          13  0.172738418      -7.30236545E-02 -0.500000000    
          29          14  0.231157482      -7.14393854E-02 -0.500000000    
          29          15  0.170706630      -6.31010085E-02 -0.500000000    
          29          16   6.24215379E-02  -8.26178193E-02 -0.500000000    
          29          17  -5.39290858E-03  -8.75662342E-02 -0.500000000    
          29          18  -3.63138840E-02  -5.21447584E-02 -0.500000000    
          29          19  0.108246289      -4.49079089E-02 -0.500000000    
          29          20  0.224762321      -7.61111081E-02 -0.500000000    
          29          21  0.145268768      -9.97631028E-02 -0.500000000    
          29          22   4.82817404E-02  -9.61439461E-02 -0.500000000    
          29          23   5.33464644E-03  -8.83579329E-02 -0.500000000    
          29          24  0.181381211      -5.26215360E-02 -0.500000000    
          29          25  0.401324958      -4.02308404E-02 -0.500000000    
          29          26  0.261443555      -2.06693113E-02 -0.500000000    
          29          27  0.360730082      -5.10330021E-04 -0.500000000    
          29          28  0.444112837       1.41523667E-02 -0.500000000    
          29          29   4.45990078E-02   1.48595404E-03 -0.500000000    
          29          30   5.94795384E-02  -6.45366609E-02 -0.500000000    
          29          31  0.294833213     -0.130492523     -0.500000000    
          29          32  0.409907848     -0.177834198     -0.500000000    
          29          33  0.473190516     -0.202849522     -0.500000000    
          30           1  0.591178477     -0.227248043     -0.500000000    
          30           2   8.50976408E-02 -0.187007889     -0.500000000    
          30           3  -5.29006170E-03 -0.120233268     -0.500000000    
          30           4  -3.04009598E-02  -9.88011211E-02 -0.500000000    
          30           5   7.31348693E-02  -7.52554759E-02 -0.500000000    
          30           6   9.53685418E-02  -4.78544235E-02 -0.500000000    
          30           7   6.66086376E-02  -6.94926828E-03 -0.500000000    
          30           8   3.89321521E-02   2.92559471E-02 -0.500000000    
          30           9  0.133569628       2.34220866E-02 -0.500000000    
          30          10  0.130816862      -8.68525077E-03 -0.500000000    
          30          11  -2.36367490E-02  -4.20713909E-02 -0.500000000    
          30          12 -0.134308875      -6.04732744E-02 -0.500000000    
          30          13   2.96073649E-02  -7.57302642E-02 -0.500000000    
          30          14   6.17520623E-02  -7.51527846E-02 -0.500000000    
          30          15   2.17339806E-02  -7.33994395E-02 -0.500000000    
          30          16   1.19476449E-02  -9.89489853E-02 -0.500000000    
          30          17   5.10376021E-02 -0.108919822     -0.500000000    
          30          18   5.83521277E-03  -7.41170198E-02 -0.500000000    
          30          19   7.48582557E-03  -6.79301098E-02 -0.500000000    
          30          20   4.17721532E-02  -9.23611000E-02 -0.500000000    
          30          21  -3.52629721E-02 -0.110761523     -0.500000000    
          30          22 -0.131676346     -0.108334564     -0.500000000    
          30          23  -7.34062642E-02  -8.62942711E-02 -0.500000000    
          30          24  0.171894684      -5.25914319E-02 -0.500000000    
          30          25  0.246621266      -3.91060822E-02 -0.500000000    
          30          26   4.00099251E-03  -3.05606071E-02 -0.500000000    
          30          27  0.217288136      -5.02442829E-02 -0.500000000    
          30          28  0.208691061      -4.75016087E-02 -0.500000000    
          30          29   5.95631972E-02  -6.45537153E-02 -0.500000000    
          30          30   8.37959796E-02 -0.109880127     -0.500000000    
          30          31  0.370512784     -0.154006347     -0.500000000    
          30          32  0.660440922     -0.179170027     -0.500000000    
          30          33  0.817057729     -0.196696997     -0.500000000    
          31           1  0.455885291     -0.216087565     -0.500000000    
          31           2  0.156734005     -0.192439318     -0.500000000    
          31           3  0.116357617     -0.134222999     -0.500000000    
          31           4   6.43297508E-02 -0.101253681     -0.500000000    
          31           5   6.71678483E-02 -0.105795726     -0.500000000    
          31           6   5.66288363E-04  -8.22703168E-02 -0.500000000    
          31           7  -2.37045996E-02  -3.92338149E-02 -0.500000000    
          31           8   7.38095716E-02  -3.73035483E-03 -0.500000000    
          31           9  0.261383593      -2.12854007E-03 -0.500000000    
          31          10  0.183741495      -2.67030727E-02 -0.500000000    
          31          11   8.54712352E-02  -6.49816841E-02 -0.500000000    
          31          12   4.15325984E-02  -8.10371265E-02 -0.500000000    
          31          13   4.35903631E-02  -8.44649971E-02 -0.500000000    
          31          14  -2.65056118E-02  -7.84890503E-02 -0.500000000    
          31          15  -4.47184667E-02  -7.20573366E-02 -0.500000000    
          31          16   4.45468538E-02  -9.68126059E-02 -0.500000000    
          31          17   3.96242365E-02 -0.112440571     -0.500000000    
          31          18   4.03302349E-03  -7.91802034E-02 -0.500000000    
          31          19  -2.53476053E-02  -7.28863552E-02 -0.500000000    
          31          20  -9.88031328E-02  -9.08150971E-02 -0.500000000    
          31          21 -0.150641263     -0.105347976     -0.500000000    
          31          22 -0.119351700     -0.117648564     -0.500000000    
          31          23  -5.81160821E-02  -9.72948968E-02 -0.500000000    
          31          24  0.168062985      -5.94644807E-02 -0.500000000    
          31          25  0.192693740      -5.03574573E-02 -0.500000000    
          31          26   4.48087230E-03  -5.28369844E-02 -0.500000000    
          31          27  0.208719492      -8.90583694E-02 -0.500000000    
          31          28  0.148646474     -0.111339681     -0.500000000    
          31          29  0.295082510     -0.130516768     -0.500000000    
          31          30  0.370473236     -0.154019669     -0.500000000    
          31          31  0.558811128     -0.159409255     -0.500000000    
          31          32  0.752608180     -0.138758838     -0.500000000    
          31          33  0.828427017     -0.116628319     -0.500000000    
          32           1  0.254725158     -0.188948378     -0.500000000    
          32           2  0.135402367     -0.180495843     -0.500000000    
          32           3  0.218952835     -0.159791738     -0.500000000    
          32           4  0.121529177     -0.129425645     -0.500000000    
          32           5   8.06238875E-02 -0.130974561     -0.500000000    
          32           6   8.72414410E-02 -0.111550532     -0.500000000    
          32           7  0.114927590      -6.25085384E-02 -0.500000000    
          32           8  0.133454978      -2.46480554E-02 -0.500000000    
          32           9  0.201152354      -2.40502376E-02 -0.500000000    
          32          10  0.108584538      -5.03379442E-02 -0.500000000    
          32          11  0.110485651      -7.95922875E-02 -0.500000000    
          32          12  0.201799139      -9.63898227E-02 -0.500000000    
          32          13  0.222057849     -0.106302671     -0.500000000    
          32          14  0.169042826      -9.59752128E-02 -0.500000000    
          32          15  -9.42595489E-03  -7.20715448E-02 -0.500000000    
          32          16   2.92390846E-02  -8.19953978E-02 -0.500000000    
          32          17   8.33441317E-02  -9.02167708E-02 -0.500000000    
          32          18   7.53545202E-03  -6.14343882E-02 -0.500000000    
          32          19  -2.51465030E-02  -6.91419095E-02 -0.500000000    
          32          20  -1.47227049E-02  -9.60703567E-02 -0.500000000    
          32          21  -3.01988907E-02 -0.119154721     -0.500000000    
          32          22   1.98203069E-03 -0.132092863     -0.500000000    
          32          23  -1.82904359E-02 -0.100914791     -0.500000000    
          32          24   7.68782347E-02  -6.77484348E-02 -0.500000000    
          32          25  0.106480151      -5.80123328E-02 -0.500000000    
          32          26  0.131704465      -6.27606735E-02 -0.500000000    
          32          27  0.403795242     -0.117660411     -0.500000000    
          32          28  0.267375529     -0.155814186     -0.500000000    
          32          29  0.409985840     -0.177854225     -0.500000000    
          32          30  0.660569370     -0.179181173     -0.500000000    
          32          31  0.752618194     -0.138764769     -0.500000000    
          32          32  0.811224043      -9.85097662E-02 -0.500000000    
          32          33  0.748909235      -6.03643842E-02 -0.500000000    
          33           1   9.08663720E-02 -0.170445561     -0.500000000    
          33           2  0.124929398     -0.172206789     -0.500000000    
          33           3  0.276139170     -0.170429185     -0.500000000    
          33           4   8.42959359E-02 -0.152823642     -0.500000000    
          33           5   7.11241141E-02 -0.153628647     -0.500000000    
          33           6   8.88344422E-02 -0.128809676     -0.500000000    
          33           7  0.118033059      -8.10463503E-02 -0.500000000    
          33           8   8.73310938E-02  -3.59442532E-02 -0.500000000    
          33           9   9.90368649E-02  -2.16716342E-02 -0.500000000    
          33          10   6.83212653E-02  -5.31091206E-02 -0.500000000    
          33          11  0.105857588      -9.82308909E-02 -0.500000000    
          33          12  0.284093857     -0.120301522     -0.500000000    
          33          13  0.349556834     -0.117643096     -0.500000000    
          33          14  0.278500587      -9.50511917E-02 -0.500000000    
          33          15   1.76879577E-04  -6.55256435E-02 -0.500000000    
          33          16  -1.34332543E-02  -7.67296404E-02 -0.500000000    
          33          17  -2.15713754E-02  -8.72693136E-02 -0.500000000    
          33          18  -8.17157254E-02  -5.87587059E-02 -0.500000000    
          33          19  -3.23163271E-02  -6.77578524E-02 -0.500000000    
          33          20   5.07703014E-02  -9.27544087E-02 -0.500000000    
          33          21   8.14819932E-02 -0.127223551     -0.500000000    
          33          22  0.118340313     -0.156116188     -0.500000000    
          33          23   2.90290583E-02 -0.118233286     -0.500000000    
          33          24   4.04499657E-02  -6.74662217E-02 -0.500000000    
          33          25   8.82823244E-02  -5.32076508E-02 -0.500000000    
          33          26  0.230886504      -7.13355690E-02 -0.500000000    
          33          27  0.516032517     -0.137817472     -0.500000000    
          33          28  0.393012047     -0.179965183     -0.500000000    
          33          29  0.472992420     -0.202867180     -0.500000000    
          33          30  0.817127228     -0.196705490     -0.500000000    
          33          31  0.828545809     -0.116644450     -0.500000000    
          33          32  0.748960376      -6.03671968E-02 -0.500000000    
          33          33  0.848373592      -2.69185267E-02 -0.500000000    
