           1           1   1.11498177      0.153784588     -0.500000000    
           1           2  0.939549267      0.157129094     -0.500000000    
           1           3  0.670172513      0.170478985     -0.500000000    
           1           4  0.313620031      0.176488817     -0.500000000    
           1           5   7.52018243E-02  0.162582308     -0.500000000    
           1           6  -3.47368605E-02  0.129136235     -0.500000000    
           1           7 -0.105709895       9.78422686E-02 -0.500000000    
           1           8 -0.147710472       7.05095157E-02 -0.500000000    
           1           9 -0.134005740       3.58816050E-02 -0.500000000    
           1          10  -4.78540510E-02   1.14718322E-02 -0.500000000    
           1          11   4.27281447E-02   1.75306574E-02 -0.500000000    
           1          12  -5.10725603E-02   1.03580365E-02 -0.500000000    
           1          13   9.71203297E-03   3.89294960E-02 -0.500000000    
           1          14   3.01507604E-03   8.77975225E-02 -0.500000000    
           1          15   4.98129651E-02   9.06165987E-02 -0.500000000    
           1          16  0.126545951       7.51959011E-02 -0.500000000    
           1          17   1.81256291E-02   4.52180095E-02 -0.500000000    
           1          18 -0.100168191       4.53325249E-02 -0.500000000    
           1          19  -2.78805345E-02  0.100514904     -0.500000000    
           1          20  0.133292332      0.111820713     -0.500000000    
           1          21  0.248038217       7.82990754E-02 -0.500000000    
           1          22  0.101699293       4.48677465E-02 -0.500000000    
           1          23  0.142310485       2.64677648E-02 -0.500000000    
           1          24  0.189659998       2.55597346E-02 -0.500000000    
           1          25  0.269789398       6.21236116E-02 -0.500000000    
           1          26  0.414956808      0.104812175     -0.500000000    
           1          27  0.505597234      0.152193055     -0.500000000    
           1          28  0.457288325      0.210168064     -0.500000000    
           1          29  0.549677730      0.247098684     -0.500000000    
           1          30  0.747393727      0.260817885     -0.500000000    
           1          31  0.732661068      0.275949270     -0.500000000    
           1          32  0.284625679      0.235144228     -0.500000000    
           1          33   6.95276707E-02  0.219544828     -0.500000000    
           2           1  0.939264715      0.157172695     -0.500000000    
           2           2  0.605883420      0.165111899     -0.500000000    
           2           3  0.335998267      0.158767715     -0.500000000    
           2           4  0.202529550      0.160568222     -0.500000000    
           2           5   5.85824251E-04  0.148539498     -0.500000000    
           2           6   1.99509645E-03  0.114944041     -0.500000000    
           2           7  -9.70063135E-02   8.10623765E-02 -0.500000000    
           2           8  -7.98373222E-02   4.73951213E-02 -0.500000000    
           2           9  -9.21319611E-03   2.36505233E-02 -0.500000000    
           2          10  -2.40328871E-02   6.17853831E-03 -0.500000000    
           2          11   4.61035371E-02   9.96314175E-03 -0.500000000    
           2          12 -0.110824548       1.13224406E-02 -0.500000000    
           2          13  -7.87112936E-02   4.32993174E-02 -0.500000000    
           2          14  -9.76394210E-03   8.95290002E-02 -0.500000000    
           2          15   7.79549479E-02   8.84506777E-02 -0.500000000    
           2          16   4.19728979E-02   7.63482526E-02 -0.500000000    
           2          17 -0.111312144       5.13731912E-02 -0.500000000    
           2          18 -0.180290371       5.12066782E-02 -0.500000000    
           2          19  -6.64719939E-02   9.63497162E-02 -0.500000000    
           2          20   3.63761038E-02  0.102330983     -0.500000000    
           2          21   3.07154376E-02   7.61234164E-02 -0.500000000    
           2          22  -7.17606246E-02   3.80002968E-02 -0.500000000    
           2          23   9.38382074E-02   1.80512331E-02 -0.500000000    
           2          24  0.226975009       2.53307391E-02 -0.500000000    
           2          25  0.353821367       5.59424087E-02 -0.500000000    
           2          26  0.271041721       7.51598999E-02 -0.500000000    
           2          27   9.77467224E-02  0.102272473     -0.500000000    
           2          28  -7.45301135E-04  0.140448466     -0.500000000    
           2          29  0.168904543      0.191213697     -0.500000000    
           2          30  0.541722715      0.227356821     -0.500000000    
           2          31  0.451272309      0.230299935     -0.500000000    
           2          32  0.230956405      0.221347257     -0.500000000    
           2          33  0.117855392      0.214083031     -0.500000000    
           3           1  0.668988705      0.170503378     -0.500000000    
           3           2  0.335410744      0.158758074     -0.500000000    
           3           3   9.76548865E-02  0.147190168     -0.500000000    
           3           4  -4.23573181E-02  0.128255382     -0.500000000    
           3           5  -7.93102682E-02  0.103986122     -0.500000000    
           3           6 -0.125172421       8.03001374E-02 -0.500000000    
           3           7   1.96348112E-02   5.57837337E-02 -0.500000000    
           3           8  0.118672416       3.61020230E-02 -0.500000000    
           3           9   2.19169576E-02   9.14857257E-03 -0.500000000    
           3          10   1.53877530E-02  -8.08481965E-03 -0.500000000    
           3          11  -1.63403922E-03   1.91263203E-03 -0.500000000    
           3          12 -0.176643580       7.80847203E-03 -0.500000000    
           3          13 -0.146783784       3.60441804E-02 -0.500000000    
           3          14  -2.98961531E-02   8.27251226E-02 -0.500000000    
           3          15   8.60280246E-02   8.21973681E-02 -0.500000000    
           3          16   9.31291580E-02   7.63647780E-02 -0.500000000    
           3          17   2.44834777E-02   5.46434745E-02 -0.500000000    
           3          18  -1.71547085E-02   5.36434762E-02 -0.500000000    
           3          19   1.71694104E-02   9.17570516E-02 -0.500000000    
           3          20  -1.46780144E-02   8.78320783E-02 -0.500000000    
           3          21  -8.30857456E-02   6.14487790E-02 -0.500000000    
           3          22 -0.136896431       2.27544941E-02 -0.500000000    
           3          23   5.00025339E-02   6.88747829E-03 -0.500000000    
           3          24  0.215002790       1.21716848E-02 -0.500000000    
           3          25  0.369563550       3.92077193E-02 -0.500000000    
           3          26  0.397246480       5.87295070E-02 -0.500000000    
           3          27   2.44419537E-02   5.88319264E-02 -0.500000000    
           3          28 -0.190864354       7.89589509E-02 -0.500000000    
           3          29 -0.116978355      0.110675558     -0.500000000    
           3          30  0.125740141      0.155263826     -0.500000000    
           3          31  0.113401338      0.184488982     -0.500000000    
           3          32  0.149916187      0.203212112     -0.500000000    
           3          33  0.119462535      0.212640941     -0.500000000    
           4           1  0.312365919      0.176439002     -0.500000000    
           4           2  0.201937601      0.160523936     -0.500000000    
           4           3  -4.24450412E-02  0.128234893     -0.500000000    
           4           4   9.22551379E-02   8.20702389E-02 -0.500000000    
           4           5   1.93868764E-02   5.63642532E-02 -0.500000000    
           4           6 -0.105513215       3.45412567E-02 -0.500000000    
           4           7   7.46520758E-02   3.33013162E-02 -0.500000000    
           4           8  0.126239821       3.33964564E-02 -0.500000000    
           4           9   5.30617386E-02   1.73134245E-02 -0.500000000    
           4          10  -3.53033170E-02  -6.29547052E-03 -0.500000000    
           4          11   5.68680279E-02  -6.53624069E-03 -0.500000000    
           4          12 -0.129773811       1.14730350E-03 -0.500000000    
           4          13  -9.82713997E-02   2.44783591E-02 -0.500000000    
           4          14  -7.96494726E-03   6.08844422E-02 -0.500000000    
           4          15   9.56817642E-02   4.88115400E-02 -0.500000000    
           4          16  0.132114798       5.39010465E-02 -0.500000000    
           4          17   7.88011104E-02   4.41067815E-02 -0.500000000    
           4          18   4.38992605E-02   4.32661287E-02 -0.500000000    
           4          19   6.99577630E-02   6.71711564E-02 -0.500000000    
           4          20   6.24209009E-02   5.80002926E-02 -0.500000000    
           4          21   4.49659228E-02   4.12270240E-02 -0.500000000    
           4          22   4.39551994E-02   9.42642707E-03 -0.500000000    
           4          23   5.44922277E-02  -8.62368848E-03 -0.500000000    
           4          24  0.108410090       5.55959018E-03 -0.500000000    
           4          25  0.310069114       3.29979770E-02 -0.500000000    
           4          26  0.365724355       4.54269573E-02 -0.500000000    
           4          27  0.151998326       2.86263488E-02 -0.500000000    
           4          28  -7.13037699E-02   2.52928864E-02 -0.500000000    
           4          29  -4.93986867E-02   5.72195090E-02 -0.500000000    
           4          30  -3.47438417E-02   9.74221677E-02 -0.500000000    
           4          31  -1.22552961E-02  0.152959913     -0.500000000    
           4          32   9.03670788E-02  0.187990725     -0.500000000    
           4          33   7.60964528E-02  0.194796786     -0.500000000    
           5           1   7.50982091E-02  0.162490547     -0.500000000    
           5           2   3.90457455E-04  0.148472682     -0.500000000    
           5           3  -7.93793648E-02  0.103947893     -0.500000000    
           5           4   1.94112509E-02   5.63508719E-02 -0.500000000    
           5           5  0.155591831       2.88657323E-02 -0.500000000    
           5           6   6.21921308E-02   1.70952305E-02 -0.500000000    
           5           7  -1.17528699E-02   2.19777040E-02 -0.500000000    
           5           8   7.24243149E-02   2.76196040E-02 -0.500000000    
           5           9  0.130299568       3.00299227E-02 -0.500000000    
           5          10  0.171951324       1.72761101E-02 -0.500000000    
           5          11  0.204479307       2.13463558E-03 -0.500000000    
           5          12   9.72052366E-02  -3.18900519E-03 -0.500000000    
           5          13   7.23099262E-02  -3.90495174E-04 -0.500000000    
           5          14   3.48922238E-02   2.93002576E-02 -0.500000000    
           5          15   6.58950210E-02   1.86726600E-02 -0.500000000    
           5          16   7.72817880E-02   2.51230299E-02 -0.500000000    
           5          17   6.98648170E-02   1.59877464E-02 -0.500000000    
           5          18  -1.89352445E-02   1.46100055E-02 -0.500000000    
           5          19   2.22321376E-02   3.24854553E-02 -0.500000000    
           5          20   4.45678346E-02   1.63625963E-02 -0.500000000    
           5          21  0.170072690       7.18626752E-03 -0.500000000    
           5          22  0.272279769       2.72400794E-03 -0.500000000    
           5          23  0.138588220      -2.91414093E-03 -0.500000000    
           5          24  0.166233867       1.74518693E-02 -0.500000000    
           5          25  0.210152328       2.30280217E-02 -0.500000000    
           5          26  0.202887639       2.28273366E-02 -0.500000000    
           5          27  0.198418751       1.32720955E-02 -0.500000000    
           5          28  0.136402488      -7.61868665E-03 -0.500000000    
           5          29  -2.53567938E-02   1.00246733E-02 -0.500000000    
           5          30  -3.55016403E-02   5.68375178E-02 -0.500000000    
           5          31   1.38676940E-02  0.111573525     -0.500000000    
           5          32   5.51659353E-02  0.158789396     -0.500000000    
           5          33  0.232409328      0.163019672     -0.500000000    
           6           1  -3.42381597E-02  0.129035905     -0.500000000    
           6           2   2.18552700E-03  0.114868529     -0.500000000    
           6           3 -0.125167936       8.02474767E-02 -0.500000000    
           6           4 -0.105507143       3.45135145E-02 -0.500000000    
           6           5   6.22220412E-02   1.70866698E-02 -0.500000000    
           6           6  0.133884877       1.48548000E-02 -0.500000000    
           6           7   8.23603477E-03   2.16166042E-02 -0.500000000    
           6           8   7.11660087E-02   3.57120596E-02 -0.500000000    
           6           9  0.195971116       4.21025679E-02 -0.500000000    
           6          10  0.356093973       3.70364785E-02 -0.500000000    
           6          11  0.219744071       2.05146931E-02 -0.500000000    
           6          12  0.121617906       1.11640254E-02 -0.500000000    
           6          13   9.08273011E-02  -6.35515526E-03 -0.500000000    
           6          14  0.109437943       8.84202681E-03 -0.500000000    
           6          15   7.10937902E-02  -1.22387556E-03 -0.500000000    
           6          16  -1.30289942E-02  -4.47117956E-04 -0.500000000    
           6          17  -3.62037867E-02  -4.78021521E-03 -0.500000000    
           6          18 -0.191014081      -8.23797192E-03 -0.500000000    
           6          19  -3.14654745E-02   4.37306648E-04 -0.500000000    
           6          20   8.05511102E-02  -2.21224148E-02 -0.500000000    
           6          21  0.196054101      -1.64549369E-02 -0.500000000    
           6          22  0.283506393       7.50345830E-03 -0.500000000    
           6          23  0.165240183       1.09658074E-02 -0.500000000    
           6          24  0.138099998       1.34370923E-02 -0.500000000    
           6          25   6.71980828E-02   1.25534860E-02 -0.500000000    
           6          26   7.55902976E-02   8.80465657E-03 -0.500000000    
           6          27  0.191867754       6.08506240E-03 -0.500000000    
           6          28  0.137898624      -6.05768105E-03 -0.500000000    
           6          29  -1.49163380E-02  -1.10908346E-02 -0.500000000    
           6          30  -4.16504545E-03   2.28683036E-02 -0.500000000    
           6          31   3.99765708E-02   7.38671198E-02 -0.500000000    
           6          32   3.39239687E-02  0.109890610     -0.500000000    
           6          33   5.30768856E-02  0.127685189     -0.500000000    
           7           1 -0.105506077       9.77442414E-02 -0.500000000    
           7           2  -9.68964472E-02   8.09826031E-02 -0.500000000    
           7           3   1.96173787E-02   5.57276718E-02 -0.500000000    
           7           4   7.46278465E-02   3.32674123E-02 -0.500000000    
           7           5  -1.17298095E-02   2.19611153E-02 -0.500000000    
           7           6   8.25801119E-03   2.16086060E-02 -0.500000000    
           7           7  0.120044433       3.72905247E-02 -0.500000000    
           7           8  0.193176001       4.97391559E-02 -0.500000000    
           7           9  0.354184598       4.86438759E-02 -0.500000000    
           7          10  0.339233667       3.54556851E-02 -0.500000000    
           7          11  0.199218631       2.87935827E-02 -0.500000000    
           7          12   8.46126676E-02   1.53454132E-02 -0.500000000    
           7          13   5.07318303E-02  -2.23762146E-03 -0.500000000    
           7          14   2.24395432E-02   1.16440272E-02 -0.500000000    
           7          15   4.65206653E-02   9.40681063E-03 -0.500000000    
           7          16   3.67542431E-02  -6.88993372E-03 -0.500000000    
           7          17   5.84602915E-02  -1.40938349E-02 -0.500000000    
           7          18  -9.56701264E-02  -1.57135129E-02 -0.500000000    
           7          19  -3.62479314E-02  -5.67140942E-03 -0.500000000    
           7          20   1.76016241E-04  -2.74369810E-02 -0.500000000    
           7          21   7.64186829E-02  -2.42649727E-02 -0.500000000    
           7          22  0.163264155       6.04242645E-03 -0.500000000    
           7          23  0.103311107       1.10065285E-02 -0.500000000    
           7          24   3.09875794E-02   2.49794638E-03 -0.500000000    
           7          25  0.162676916       1.49921596E-03 -0.500000000    
           7          26  0.264533162      -1.96323218E-03 -0.500000000    
           7          27  0.191970959      -3.00509017E-03 -0.500000000    
           7          28   2.91552991E-02  -8.54011066E-03 -0.500000000    
           7          29   7.62467459E-02   9.74431983E-04 -0.500000000    
           7          30  0.225364476       2.35008039E-02 -0.500000000    
           7          31  0.140108109       4.62514721E-02 -0.500000000    
           7          32   1.37885287E-02   7.24135414E-02 -0.500000000    
           7          33   4.82070670E-02  0.104747571     -0.500000000    
           8           1 -0.147900984       7.04344437E-02 -0.500000000    
           8           2  -7.98991099E-02   4.73293513E-02 -0.500000000    
           8           3  0.118595965       3.60515825E-02 -0.500000000    
           8           4  0.126184359       3.33640948E-02 -0.500000000    
           8           5   7.24057555E-02   2.75999457E-02 -0.500000000    
           8           6   7.11483955E-02   3.56978364E-02 -0.500000000    
           8           7  0.193122551       4.97299768E-02 -0.500000000    
           8           8  0.409509450       5.85084669E-02 -0.500000000    
           8           9  0.377360493       4.43517491E-02 -0.500000000    
           8          10  0.180695549       2.17184070E-02 -0.500000000    
           8          11  0.215354919       2.09790282E-02 -0.500000000    
           8          12   7.79334456E-02  -1.86888152E-04 -0.500000000    
           8          13   9.56495665E-03  -2.58963294E-02 -0.500000000    
           8          14  -2.78787464E-02  -1.25319613E-02 -0.500000000    
           8          15  -8.76403321E-03   1.24188289E-02 -0.500000000    
           8          16   8.96088034E-02   2.75455061E-02 -0.500000000    
           8          17  0.257352322       5.46922274E-02 -0.500000000    
           8          18  0.148642793       4.77421805E-02 -0.500000000    
           8          19  0.102241859       1.96471419E-02 -0.500000000    
           8          20   3.74529436E-02  -2.77081262E-02 -0.500000000    
           8          21   6.69933558E-02  -4.43299785E-02 -0.500000000    
           8          22  0.177872106      -2.74620466E-02 -0.500000000    
           8          23  0.121824354      -1.58920158E-02 -0.500000000    
           8          24   4.30736057E-02  -1.13967592E-02 -0.500000000    
           8          25  0.162965402      -8.69524386E-03 -0.500000000    
           8          26  0.267020494      -5.52068744E-03 -0.500000000    
           8          27  0.212284476      -2.38588895E-03 -0.500000000    
           8          28  0.100685671      -6.43888628E-03 -0.500000000    
           8          29   8.39971900E-02   4.44787322E-03 -0.500000000    
           8          30  0.161755159       1.86024345E-02 -0.500000000    
           8          31  0.124861598       3.04457601E-02 -0.500000000    
           8          32  -3.89637612E-02   6.29439875E-02 -0.500000000    
           8          33  -3.61347795E-02   9.18952599E-02 -0.500000000    
           9           1 -0.134572327       3.58311646E-02 -0.500000000    
           9           2  -9.52521991E-03   2.36025918E-02 -0.500000000    
           9           3   2.16732323E-02   9.10579879E-03 -0.500000000    
           9           4   5.28949946E-02   1.72800459E-02 -0.500000000    
           9           5  0.130190715       3.00081093E-02 -0.500000000    
           9           6  0.195852548       4.20853980E-02 -0.500000000    
           9           7  0.354121864       4.86287698E-02 -0.500000000    
           9           8  0.377346456       4.43453565E-02 -0.500000000    
           9           9   7.72564858E-02   1.77619793E-02 -0.500000000    
           9          10   8.81165490E-02   6.08747732E-03 -0.500000000    
           9          11  0.167262793      -7.75027787E-03 -0.500000000    
           9          12  0.104959942      -3.22961509E-02 -0.500000000    
           9          13  -7.06701307E-04  -6.13761172E-02 -0.500000000    
           9          14   2.68277843E-02  -4.20702957E-02 -0.500000000    
           9          15   5.83809353E-02   1.47726070E-02 -0.500000000    
           9          16  0.155501470       7.64597282E-02 -0.500000000    
           9          17  0.298340350      0.134477302     -0.500000000    
           9          18  0.201926351      0.113645308     -0.500000000    
           9          19  0.221857771       5.27034774E-02 -0.500000000    
           9          20  0.190066874      -1.87521931E-02 -0.500000000    
           9          21  0.267705470      -5.12637533E-02 -0.500000000    
           9          22  0.365735739      -5.68977967E-02 -0.500000000    
           9          23  0.268990099      -4.46892306E-02 -0.500000000    
           9          24  0.132568821      -2.68523935E-02 -0.500000000    
           9          25  0.181520224      -6.12388551E-03 -0.500000000    
           9          26  0.229914933       5.63681097E-05 -0.500000000    
           9          27  0.220182359      -4.60187526E-04 -0.500000000    
           9          28  0.112862736      -8.75264686E-03 -0.500000000    
           9          29   4.01390456E-02  -9.39015951E-03 -0.500000000    
           9          30   1.01759452E-02  -1.02759628E-02 -0.500000000    
           9          31   7.46752545E-02   8.72604642E-03 -0.500000000    
           9          32   5.68269938E-02   3.58365811E-02 -0.500000000    
           9          33 -0.131969869       5.05032726E-02 -0.500000000    
          10           1  -4.83576618E-02   1.14331311E-02 -0.500000000    
          10           2  -2.44363807E-02   6.13852637E-03 -0.500000000    
          10           3   1.50400074E-02  -8.12014844E-03 -0.500000000    
          10           4  -3.55418622E-02  -6.31969096E-03 -0.500000000    
          10           5  0.171804354       1.72633361E-02 -0.500000000    
          10           6  0.355968624       3.70293893E-02 -0.500000000    
          10           7  0.339176118       3.54538485E-02 -0.500000000    
          10           8  0.180695072       2.17206944E-02 -0.500000000    
          10           9   8.81107450E-02   6.08350243E-03 -0.500000000    
          10          10  0.123044223      -7.57490797E-03 -0.500000000    
          10          11  0.193806857      -2.44128183E-02 -0.500000000    
          10          12  0.186881840      -4.72961329E-02 -0.500000000    
          10          13   5.05785644E-02  -7.28126988E-02 -0.500000000    
          10          14   1.32576451E-02  -5.42239025E-02 -0.500000000    
          10          15   5.52763157E-02   1.47977695E-02 -0.500000000    
          10          16  0.179696128       9.37946215E-02 -0.500000000    
          10          17  0.300133526      0.152582541     -0.500000000    
          10          18  0.215672702      0.115542784     -0.500000000    
          10          19  0.200799301       4.63670269E-02 -0.500000000    
          10          20   7.97085017E-02  -2.29845177E-02 -0.500000000    
          10          21  0.231396005      -4.91172150E-02 -0.500000000    
          10          22  0.354582459      -6.05585203E-02 -0.500000000    
          10          23  0.297202945      -5.25569916E-02 -0.500000000    
          10          24  0.136431873      -3.45949046E-02 -0.500000000    
          10          25  0.205529466       1.37500023E-03 -0.500000000    
          10          26  0.252132326       2.25143358E-02 -0.500000000    
          10          27  0.202692389       1.16987191E-02 -0.500000000    
          10          28   5.58356196E-02  -5.18539455E-03 -0.500000000    
          10          29  -9.07729864E-02  -2.18429510E-02 -0.500000000    
          10          30  -5.00826128E-02  -2.84479354E-02 -0.500000000    
          10          31   7.10331053E-02  -3.51943402E-03 -0.500000000    
          10          32   5.34822941E-02   2.06394400E-02 -0.500000000    
          10          33  -5.79452738E-02   3.45989987E-02 -0.500000000    
          11           1   4.25158404E-02   1.75109450E-02 -0.500000000    
          11           2   4.59002033E-02   9.94514860E-03 -0.500000000    
          11           3  -1.82392052E-03   1.90417946E-03 -0.500000000    
          11           4   5.68045452E-02  -6.53023599E-03 -0.500000000    
          11           5  0.204533160       2.15192069E-03 -0.500000000    
          11           6  0.219781578       2.05349643E-02 -0.500000000    
          11           7  0.199207276       2.88071800E-02 -0.500000000    
          11           8  0.215275213       2.09815856E-02 -0.500000000    
          11           9  0.167224839      -7.75551051E-03 -0.500000000    
          11          10  0.193832844      -2.44198665E-02 -0.500000000    
          11          11  0.110358894      -4.01585810E-02 -0.500000000    
          11          12  0.124641396      -5.19453324E-02 -0.500000000    
          11          13   9.03658047E-02  -5.80679625E-02 -0.500000000    
          11          14  -3.23897973E-03  -4.62915562E-02 -0.500000000    
          11          15   7.68075287E-02   2.53759418E-02 -0.500000000    
          11          16  0.156487316       9.34013948E-02 -0.500000000    
          11          17  0.155626833      0.123842575     -0.500000000    
          11          18  0.135159746       8.36179554E-02 -0.500000000    
          11          19  0.167385742       3.31140235E-02 -0.500000000    
          11          20   5.21401763E-02  -1.88317094E-02 -0.500000000    
          11          21  0.104363061      -4.11613621E-02 -0.500000000    
          11          22   6.06454946E-02  -5.65350279E-02 -0.500000000    
          11          23   6.41713887E-02  -5.69974259E-02 -0.500000000    
          11          24   5.08893840E-03  -4.26293053E-02 -0.500000000    
          11          25  0.107782185      -1.12137925E-02 -0.500000000    
          11          26  0.190357670       1.97861716E-02 -0.500000000    
          11          27  0.149674192       1.99436024E-02 -0.500000000    
          11          28  -1.14386808E-03   2.43548001E-03 -0.500000000    
          11          29  -6.53745830E-02  -1.79017354E-02 -0.500000000    
          11          30  -4.23861630E-02  -1.01989359E-02 -0.500000000    
          11          31   4.41354513E-02   1.19442847E-02 -0.500000000    
          11          32   9.96338576E-02   3.68363000E-02 -0.500000000    
          11          33   7.72562698E-02   5.78409880E-02 -0.500000000    
          12           1  -5.11152893E-02   1.03702275E-02 -0.500000000    
          12           2 -0.110917054       1.13361804E-02 -0.500000000    
          12           3 -0.176729724       7.82756414E-03 -0.500000000    
          12           4 -0.129719451       1.17544283E-03 -0.500000000    
          12           5   9.73268002E-02  -3.15999961E-03 -0.500000000    
          12           6  0.121697880       1.11855678E-02 -0.500000000    
          12           7   8.45985338E-02   1.53588736E-02 -0.500000000    
          12           8   7.78525770E-02  -1.77841925E-04 -0.500000000    
          12           9  0.104915299      -3.22922692E-02 -0.500000000    
          12          10  0.186848298      -4.73011918E-02 -0.500000000    
          12          11  0.124683291      -5.19519970E-02 -0.500000000    
          12          12  -1.71339139E-03  -3.16835977E-02 -0.500000000    
          12          13   9.38740745E-03  -1.46738514E-02 -0.500000000    
          12          14   4.27386304E-03  -5.75000700E-03 -0.500000000    
          12          15   7.11152852E-02   5.59395999E-02 -0.500000000    
          12          16  0.101962484      0.100751221     -0.500000000    
          12          17   7.98212811E-02  0.110179886     -0.500000000    
          12          18   8.29736590E-02   8.33411440E-02 -0.500000000    
          12          19   9.51654464E-02   4.15632278E-02 -0.500000000    
          12          20   8.44044909E-02   1.22458534E-02 -0.500000000    
          12          21  -5.30130565E-02  -7.62742991E-03 -0.500000000    
          12          22 -0.138303220      -3.81835252E-02 -0.500000000    
          12          23  -4.27640043E-02  -6.00586683E-02 -0.500000000    
          12          24  -1.39438100E-02  -5.38782142E-02 -0.500000000    
          12          25   9.23500117E-03  -2.46514902E-02 -0.500000000    
          12          26   3.68398838E-02   1.66888908E-03 -0.500000000    
          12          27   7.37510398E-02   6.63197832E-04 -0.500000000    
          12          28   5.78243025E-02  -8.79798178E-03 -0.500000000    
          12          29  -2.90495791E-02  -1.08003234E-02 -0.500000000    
          12          30 -0.114671871       1.48192616E-02 -0.500000000    
          12          31  -3.66999172E-02   3.34569551E-02 -0.500000000    
          12          32  -2.45087091E-02   6.12188652E-02 -0.500000000    
          12          33  -2.23233197E-02   7.77767301E-02 -0.500000000    
          13           1   9.85586271E-03   3.89300622E-02 -0.500000000    
          13           2  -7.86417499E-02   4.32974547E-02 -0.500000000    
          13           3 -0.146770954       3.60421613E-02 -0.500000000    
          13           4  -9.82485041E-02   2.44823433E-02 -0.500000000    
          13           5   7.23218918E-02  -3.84855492E-04 -0.500000000    
          13           6   9.08714309E-02  -6.34839106E-03 -0.500000000    
          13           7   5.07574417E-02  -2.22496362E-03 -0.500000000    
          13           8   9.55845229E-03  -2.58783530E-02 -0.500000000    
          13           9  -7.08490377E-04  -6.13606647E-02 -0.500000000    
          13          10   5.05249836E-02  -7.28074238E-02 -0.500000000    
          13          11   9.03412700E-02  -5.80673330E-02 -0.500000000    
          13          12   9.44493338E-03  -1.46715706E-02 -0.500000000    
          13          13 -0.100830935       1.51241198E-02 -0.500000000    
          13          14  -1.72679219E-02   4.89996001E-02 -0.500000000    
          13          15  -2.43056864E-02  0.101029553     -0.500000000    
          13          16   7.84055591E-02  0.137537032     -0.500000000    
          13          17  0.100634351      0.141733691     -0.500000000    
          13          18  0.107909061      0.132504493     -0.500000000    
          13          19   8.40070322E-02   8.11585933E-02 -0.500000000    
          13          20   9.92471701E-04   5.14861010E-02 -0.500000000    
          13          21 -0.123541795       2.96235457E-02 -0.500000000    
          13          22  -8.31463411E-02  -1.56390630E-02 -0.500000000    
          13          23  -8.37554410E-02  -4.81896885E-02 -0.500000000    
          13          24  -7.49213025E-02  -6.11031577E-02 -0.500000000    
          13          25  -8.43281001E-02  -4.21819724E-02 -0.500000000    
          13          26   6.00308999E-02  -5.89566864E-03 -0.500000000    
          13          27  0.116152160      -7.62518076E-03 -0.500000000    
          13          28  0.122335456      -2.09496282E-02 -0.500000000    
          13          29   9.60412901E-03  -8.53365287E-03 -0.500000000    
          13          30   1.50690433E-02   2.17695739E-02 -0.500000000    
          13          31  0.101175569       4.70257550E-02 -0.500000000    
          13          32   6.16105050E-02   7.36315772E-02 -0.500000000    
          13          33   9.72239971E-02   9.09202024E-02 -0.500000000    
          14           1   3.08275758E-03   8.77862647E-02 -0.500000000    
          14           2  -9.70435143E-03   8.95138010E-02 -0.500000000    
          14           3  -2.98593435E-02   8.27081278E-02 -0.500000000    
          14           4  -7.96246715E-03   6.08716570E-02 -0.500000000    
          14           5   3.48322056E-02   2.92920303E-02 -0.500000000    
          14           6  0.109395228       8.83557461E-03 -0.500000000    
          14           7   2.24306770E-02   1.16477143E-02 -0.500000000    
          14           8  -2.78550163E-02  -1.25180529E-02 -0.500000000    
          14           9   2.68170703E-02  -4.20561545E-02 -0.500000000    
          14          10   1.32255079E-02  -5.42157739E-02 -0.500000000    
          14          11  -3.27539258E-03  -4.62835953E-02 -0.500000000    
          14          12   4.25783359E-03  -5.74198365E-03 -0.500000000    
          14          13  -1.73057504E-02   4.90077734E-02 -0.500000000    
          14          14  0.164668351       9.81643647E-02 -0.500000000    
          14          15   5.22125661E-02  0.140472502     -0.500000000    
          14          16   3.71028972E-03  0.176276773     -0.500000000    
          14          17  -4.47945595E-02  0.179173067     -0.500000000    
          14          18  -4.40696105E-02  0.177222341     -0.500000000    
          14          19   6.69514909E-02  0.131216034     -0.500000000    
          14          20   8.43488872E-02   8.96008611E-02 -0.500000000    
          14          21  -9.25929565E-03   6.26591966E-02 -0.500000000    
          14          22   3.62516418E-02   1.69179458E-02 -0.500000000    
          14          23  -2.17124913E-02  -1.57944113E-02 -0.500000000    
          14          24   1.85825455E-03  -2.30018981E-02 -0.500000000    
          14          25  -3.24950926E-02  -1.64872650E-02 -0.500000000    
          14          26   5.25206216E-02   1.09954895E-02 -0.500000000    
          14          27  0.133297667       9.08100419E-03 -0.500000000    
          14          28  0.106228761      -4.45817178E-03 -0.500000000    
          14          29   5.26530109E-03   1.20778019E-02 -0.500000000    
          14          30   2.03549508E-02   3.21602635E-02 -0.500000000    
          14          31  0.109118596       6.26331717E-02 -0.500000000    
          14          32   8.83857682E-02   8.72992352E-02 -0.500000000    
          14          33  0.102807768      0.107394315     -0.500000000    
          15           1   4.98494655E-02   9.06215012E-02 -0.500000000    
          15           2   7.79900178E-02   8.84531736E-02 -0.500000000    
          15           3   8.60128105E-02   8.21951628E-02 -0.500000000    
          15           4   9.56406370E-02   4.88058515E-02 -0.500000000    
          15           5   6.58468902E-02   1.86665617E-02 -0.500000000    
          15           6   7.10054412E-02  -1.23087305E-03 -0.500000000    
          15           7   4.64923419E-02   9.40107461E-03 -0.500000000    
          15           8  -8.72470997E-03   1.24243842E-02 -0.500000000    
          15           9   5.83917722E-02   1.47804469E-02 -0.500000000    
          15          10   5.52588776E-02   1.48057444E-02 -0.500000000    
          15          11   7.67665729E-02   2.53869910E-02 -0.500000000    
          15          12   7.11105242E-02   5.59535027E-02 -0.500000000    
          15          13  -2.42816824E-02  0.101043582     -0.500000000    
          15          14   5.21523133E-02  0.140479535     -0.500000000    
          15          15   2.75086779E-02  0.165038139     -0.500000000    
          15          16   1.90607365E-03  0.183756948     -0.500000000    
          15          17   1.16860364E-02  0.186195686     -0.500000000    
          15          18   6.24662614E-04  0.186179802     -0.500000000    
          15          19   4.96524088E-02  0.168971449     -0.500000000    
          15          20   1.05848713E-02  0.133238524     -0.500000000    
          15          21   1.50843454E-03   9.26994532E-02 -0.500000000    
          15          22   7.32873455E-02   7.42409900E-02 -0.500000000    
          15          23  0.105502248       7.29328617E-02 -0.500000000    
          15          24  0.107996069       6.47195131E-02 -0.500000000    
          15          25   1.64694227E-02   4.54567149E-02 -0.500000000    
          15          26  -1.99444275E-02   3.96963879E-02 -0.500000000    
          15          27  0.139976174       2.32601054E-02 -0.500000000    
          15          28  0.109387346      -1.74649199E-03 -0.500000000    
          15          29   1.49930296E-02  -3.57561419E-03 -0.500000000    
          15          30   2.04948019E-02   5.13147796E-03 -0.500000000    
          15          31   6.36442155E-02   3.38586979E-02 -0.500000000    
          15          32   7.72223622E-03   5.68020903E-02 -0.500000000    
          15          33   3.78469191E-02   7.32068047E-02 -0.500000000    
          16           1  0.126532659       7.51830414E-02 -0.500000000    
          16           2   4.19698395E-02   7.63323754E-02 -0.500000000    
          16           3   9.30950046E-02   7.63467103E-02 -0.500000000    
          16           4  0.132095680       5.38851954E-02 -0.500000000    
          16           5   7.72659630E-02   2.51111947E-02 -0.500000000    
          16           6  -1.30927423E-02  -4.50072839E-04 -0.500000000    
          16           7   3.67094763E-02  -6.88867178E-03 -0.500000000    
          16           8   8.96314085E-02   2.75574923E-02 -0.500000000    
          16           9  0.155495226       7.64721707E-02 -0.500000000    
          16          10  0.179697618       9.38095376E-02 -0.500000000    
          16          11  0.156491190       9.34237391E-02 -0.500000000    
          16          12  0.101964436      0.100777715     -0.500000000    
          16          13   7.84712285E-02  0.137560159     -0.500000000    
          16          14   3.70812556E-03  0.176291540     -0.500000000    
          16          15   1.91955850E-03  0.183759764     -0.500000000    
          16          16  -3.59642021E-02  0.189194873     -0.500000000    
          16          17  -1.84024628E-02  0.194747165     -0.500000000    
          16          18  -1.97085515E-02  0.182170942     -0.500000000    
          16          19  -4.28862534E-02  0.183347344     -0.500000000    
          16          20  -3.32415802E-04  0.161882922     -0.500000000    
          16          21   6.53416067E-02  0.117945947     -0.500000000    
          16          22   6.89604431E-02  0.117436901     -0.500000000    
          16          23  0.138677761      0.145714134     -0.500000000    
          16          24  0.183685809      0.157046631     -0.500000000    
          16          25  0.168355152      0.117367670     -0.500000000    
          16          26   7.66091943E-02   5.05668633E-02 -0.500000000    
          16          27   3.55377272E-02   7.76529964E-03 -0.500000000    
          16          28   2.53701955E-03  -1.68701690E-02 -0.500000000    
          16          29  -6.80437088E-02  -3.30172069E-02 -0.500000000    
          16          30  -4.85362783E-02  -3.07511128E-02 -0.500000000    
          16          31  -3.43134925E-02  -1.24406116E-02 -0.500000000    
          16          32 -0.109129868       4.64957394E-03 -0.500000000    
          16          33  -2.17820797E-03   1.47337131E-02 -0.500000000    
          17           1   1.80000626E-02   4.52074185E-02 -0.500000000    
          17           2 -0.111511357       5.13570048E-02 -0.500000000    
          17           3   2.42651552E-02   5.46211302E-02 -0.500000000    
          17           4   7.86411539E-02   4.40820381E-02 -0.500000000    
          17           5   6.97658658E-02   1.59599595E-02 -0.500000000    
          17           6  -3.63347307E-02  -4.80373017E-03 -0.500000000    
          17           7   5.82486093E-02  -1.41122434E-02 -0.500000000    
          17           8  0.257274449       5.46872951E-02 -0.500000000    
          17           9  0.298339039      0.134502009     -0.500000000    
          17          10  0.300122142      0.152618676     -0.500000000    
          17          11  0.155626073      0.123875514     -0.500000000    
          17          12   7.98481852E-02  0.110210702     -0.500000000    
          17          13  0.100703239      0.141763508     -0.500000000    
          17          14  -4.47817966E-02  0.179191336     -0.500000000    
          17          15   1.16745532E-02  0.186197847     -0.500000000    
          17          16  -1.84056778E-02  0.194745332     -0.500000000    
          17          17  -3.82815823E-02  0.202152148     -0.500000000    
          17          18  -3.28926109E-02  0.178664267     -0.500000000    
          17          19 -0.117348939      0.178464606     -0.500000000    
          17          20  -4.01273649E-03  0.159112200     -0.500000000    
          17          21   7.52914101E-02  0.115374900     -0.500000000    
          17          22   3.26527692E-02  0.130050942     -0.500000000    
          17          23  0.132507935      0.178924456     -0.500000000    
          17          24  0.193092734      0.197058916     -0.500000000    
          17          25  0.225543216      0.148684114     -0.500000000    
          17          26  0.162307829       5.08489311E-02 -0.500000000    
          17          27  -2.16566399E-03   9.99976881E-04 -0.500000000    
          17          28   3.81861031E-02  -1.84619613E-02 -0.500000000    
          17          29   8.16846848E-04  -3.98325585E-02 -0.500000000    
          17          30  -2.21031718E-02  -3.78492847E-02 -0.500000000    
          17          31  -5.23473844E-02  -2.90784854E-02 -0.500000000    
          17          32 -0.170739040      -2.06970796E-02 -0.500000000    
          17          33  -1.29688866E-02  -1.68818347E-02 -0.500000000    
          18           1  -9.99687314E-02   4.53243777E-02 -0.500000000    
          18           2 -0.180142164       5.11992089E-02 -0.500000000    
          18           3  -1.70087852E-02   5.36362827E-02 -0.500000000    
          18           4   4.41109054E-02   4.32610475E-02 -0.500000000    
          18           5  -1.87241305E-02   1.46043105E-02 -0.500000000    
          18           6 -0.190991431      -8.23925156E-03 -0.500000000    
          18           7  -9.59817544E-02  -1.57190412E-02 -0.500000000    
          18           8  0.148346514       4.77167927E-02 -0.500000000    
          18           9  0.201894060      0.113648824     -0.500000000    
          18          10  0.215680867      0.115576752     -0.500000000    
          18          11  0.135129631       8.36608335E-02 -0.500000000    
          18          12   8.29929858E-02   8.33786875E-02 -0.500000000    
          18          13  0.107978851      0.132534727     -0.500000000    
          18          14  -4.40772250E-02  0.177236050     -0.500000000    
          18          15   5.74943784E-04  0.186175823     -0.500000000    
          18          16  -1.97361521E-02  0.182162598     -0.500000000    
          18          17  -3.29140089E-02  0.178659156     -0.500000000    
          18          18  -4.28861901E-02  0.171690479     -0.500000000    
          18          19 -0.139318764      0.175915331     -0.500000000    
          18          20  -5.00398539E-02  0.158841059     -0.500000000    
          18          21   4.43023555E-02  0.115303919     -0.500000000    
          18          22   6.61654323E-02  0.111187033     -0.500000000    
          18          23  0.159249023      0.132757306     -0.500000000    
          18          24  0.157473326      0.136057094     -0.500000000    
          18          25  0.137775406       9.29686576E-02 -0.500000000    
          18          26   5.31658158E-02   2.19031442E-02 -0.500000000    
          18          27  -4.78772148E-02  -8.79178569E-03 -0.500000000    
          18          28   1.36049651E-02  -1.84151772E-02 -0.500000000    
          18          29   3.35239805E-02  -2.85496451E-02 -0.500000000    
          18          30   6.17626235E-02  -1.94774009E-02 -0.500000000    
          18          31   2.82422639E-02  -5.80729777E-03 -0.500000000    
          18          32  -8.96386430E-02   5.99168614E-03 -0.500000000    
          18          33   6.11469336E-02   9.08565149E-03 -0.500000000    
          19           1  -2.77702175E-02  0.100500785     -0.500000000    
          19           2  -6.63291886E-02   9.63467136E-02 -0.500000000    
          19           3   1.72581822E-02   9.17664841E-02 -0.500000000    
          19           4   7.01164380E-02   6.71927705E-02 -0.500000000    
          19           5   2.25094110E-02   3.25119533E-02 -0.500000000    
          19           6  -3.11758164E-02   4.60730720E-04 -0.500000000    
          19           7  -3.61521915E-02  -5.65447239E-03 -0.500000000    
          19           8  0.101994470       1.96490847E-02 -0.500000000    
          19           9  0.221726611       5.27077392E-02 -0.500000000    
          19          10  0.200752407       4.63830940E-02 -0.500000000    
          19          11  0.167382479       3.31358574E-02 -0.500000000    
          19          12   9.51755196E-02   4.15983088E-02 -0.500000000    
          19          13   8.40849727E-02   8.11916366E-02 -0.500000000    
          19          14   6.69537261E-02  0.131230354     -0.500000000    
          19          15   4.96176071E-02  0.168964565     -0.500000000    
          19          16  -4.29452732E-02  0.183329046     -0.500000000    
          19          17 -0.117414244      0.178448081     -0.500000000    
          19          18 -0.139329270      0.175908864     -0.500000000    
          19          19  -8.32138360E-02  0.152017996     -0.500000000    
          19          20  -1.03222756E-02  0.118858799     -0.500000000    
          19          21   6.03658184E-02   7.88730755E-02 -0.500000000    
          19          22   9.11568031E-02   5.01115173E-02 -0.500000000    
          19          23  0.117756858       5.23575544E-02 -0.500000000    
          19          24  0.150546312       6.11664243E-02 -0.500000000    
          19          25  0.186828926       3.31363343E-02 -0.500000000    
          19          26   6.84454069E-02  -4.04231763E-03 -0.500000000    
          19          27   6.95164949E-02  -2.05034930E-02 -0.500000000    
          19          28   4.80161197E-02  -2.16474812E-02 -0.500000000    
          19          29   1.22519359E-02  -8.67111143E-03 -0.500000000    
          19          30   2.99661998E-02   1.45474998E-02 -0.500000000    
          19          31   7.10546784E-03   4.88626547E-02 -0.500000000    
          19          32  -9.18940157E-02   7.29899332E-02 -0.500000000    
          19          33  -3.54200639E-02   8.44166353E-02 -0.500000000    
          20           1  0.133367509      0.111822292     -0.500000000    
          20           2   3.64922658E-02  0.102337398     -0.500000000    
          20           3  -1.46567216E-02   8.78435373E-02 -0.500000000    
          20           4   6.24301173E-02   5.80219664E-02 -0.500000000    
          20           5   4.47832048E-02   1.63970590E-02 -0.500000000    
          20           6   8.09052363E-02  -2.20848583E-02 -0.500000000    
          20           7   5.01479022E-04  -2.73980852E-02 -0.500000000    
          20           8   3.73061337E-02  -2.76746955E-02 -0.500000000    
          20           9  0.189946994      -1.87362079E-02 -0.500000000    
          20          10   7.97648132E-02  -2.29543746E-02 -0.500000000    
          20          11   5.20720556E-02  -1.88128073E-02 -0.500000000    
          20          12   8.43768194E-02   1.22504337E-02 -0.500000000    
          20          13   1.09578762E-03   5.15032187E-02 -0.500000000    
          20          14   8.43696967E-02   8.96187499E-02 -0.500000000    
          20          15   1.05593549E-02  0.133233711     -0.500000000    
          20          16  -4.11930494E-04  0.161860362     -0.500000000    
          20          17  -4.09703190E-03  0.159091026     -0.500000000    
          20          18  -5.00794500E-02  0.158833385     -0.500000000    
          20          19  -1.03494544E-02  0.118859038     -0.500000000    
          20          20  -2.69731861E-02   7.57633448E-02 -0.500000000    
          20          21  -1.19552505E-03   3.59570198E-02 -0.500000000    
          20          22   2.62454879E-02   4.00847942E-03 -0.500000000    
          20          23   3.42833810E-02  -3.82885733E-03 -0.500000000    
          20          24  0.100186117      -1.25365835E-02 -0.500000000    
          20          25   5.62249832E-02  -3.06002907E-02 -0.500000000    
          20          26   8.36591236E-03  -3.45970169E-02 -0.500000000    
          20          27   7.14435875E-02  -3.99437398E-02 -0.500000000    
          20          28   6.87608272E-02  -4.23880182E-02 -0.500000000    
          20          29   6.19007945E-02  -1.09933773E-02 -0.500000000    
          20          30   6.44879416E-02   2.16166396E-02 -0.500000000    
          20          31   5.49555942E-02   6.19421303E-02 -0.500000000    
          20          32   3.30064483E-02   8.24299380E-02 -0.500000000    
          20          33   7.68047720E-02   9.50325876E-02 -0.500000000    
          21           1  0.248038098       7.83699378E-02 -0.500000000    
          21           2   3.06853764E-02   7.61811510E-02 -0.500000000    
          21           3  -8.31165835E-02   6.14966825E-02 -0.500000000    
          21           4   4.49452214E-02   4.12690304E-02 -0.500000000    
          21           5  0.170233011       7.22827716E-03 -0.500000000    
          21           6  0.196349442      -1.64097380E-02 -0.500000000    
          21           7   7.68275782E-02  -2.42083650E-02 -0.500000000    
          21           8   6.69379085E-02  -4.42707464E-02 -0.500000000    
          21           9  0.267491341      -5.12288101E-02 -0.500000000    
          21          10  0.231359243      -4.90766466E-02 -0.500000000    
          21          11  0.104452439      -4.11331765E-02 -0.500000000    
          21          12  -5.30512817E-02  -7.61841331E-03 -0.500000000    
          21          13 -0.123572327       2.96161342E-02 -0.500000000    
          21          14  -9.20503400E-03   6.26691133E-02 -0.500000000    
          21          15   1.47957099E-03   9.27024931E-02 -0.500000000    
          21          16   6.52894154E-02  0.117928095     -0.500000000    
          21          17   7.52534196E-02  0.115359232     -0.500000000    
          21          18   4.42893468E-02  0.115303867     -0.500000000    
          21          19   6.03533126E-02   7.88804516E-02 -0.500000000    
          21          20  -1.18959043E-03   3.59612927E-02 -0.500000000    
          21          21 -0.164056063       1.38244089E-02 -0.500000000    
          21          22  -2.31895074E-02  -1.50565421E-02 -0.500000000    
          21          23   4.33665365E-02  -2.74027418E-02 -0.500000000    
          21          24  0.147170901      -3.64604443E-02 -0.500000000    
          21          25   9.44761001E-03  -4.32222709E-02 -0.500000000    
          21          26   3.26980837E-02  -2.84818634E-02 -0.500000000    
          21          27   9.91329104E-02  -3.17305326E-02 -0.500000000    
          21          28  0.129058495      -4.56412137E-02 -0.500000000    
          21          29   6.68875054E-02  -2.44045239E-02 -0.500000000    
          21          30  -4.14978992E-03   1.19601153E-02 -0.500000000    
          21          31  -1.53859621E-02   4.63907644E-02 -0.500000000    
          21          32   9.62836295E-03   6.58872798E-02 -0.500000000    
          21          33  0.124080874       7.62658343E-02 -0.500000000    
          22           1  0.101680964       4.49480042E-02 -0.500000000    
          22           2  -7.19842091E-02   3.80737185E-02 -0.500000000    
          22           3 -0.137334138       2.28258930E-02 -0.500000000    
          22           4   4.36268710E-02   9.50415526E-03 -0.500000000    
          22           5  0.272288591       2.80411937E-03 -0.500000000    
          22           6  0.283770055       7.58516742E-03 -0.500000000    
          22           7  0.163772434       6.13163225E-03 -0.500000000    
          22           8  0.177876383      -2.73753442E-02 -0.500000000    
          22           9  0.365369558      -5.68471141E-02 -0.500000000    
          22          10  0.354418993      -6.05174191E-02 -0.500000000    
          22          11   6.07122220E-02  -5.65026514E-02 -0.500000000    
          22          12 -0.138243482      -3.81655358E-02 -0.500000000    
          22          13  -8.31715092E-02  -1.56285483E-02 -0.500000000    
          22          14   3.63068506E-02   1.69234853E-02 -0.500000000    
          22          15   7.32623786E-02   7.42573738E-02 -0.500000000    
          22          16   6.88996017E-02  0.117436983     -0.500000000    
          22          17   3.26474309E-02  0.130043253     -0.500000000    
          22          18   6.61998168E-02  0.111190781     -0.500000000    
          22          19   9.11684185E-02   5.01205660E-02 -0.500000000    
          22          20   2.62531694E-02   4.01494093E-03 -0.500000000    
          22          21  -2.32024062E-02  -1.50523251E-02 -0.500000000    
          22          22  -9.26707592E-03  -2.50051003E-02 -0.500000000    
          22          23   5.22974879E-02  -4.05211970E-02 -0.500000000    
          22          24  0.147994667      -5.53560965E-02 -0.500000000    
          22          25   4.99127880E-02  -4.70161401E-02 -0.500000000    
          22          26  0.120619461      -9.70545132E-03 -0.500000000    
          22          27  0.129199877       1.59940944E-04 -0.500000000    
          22          28   6.27030805E-02  -8.19417275E-03 -0.500000000    
          22          29  -1.10068545E-03  -2.17405474E-03 -0.500000000    
          22          30  -9.61731151E-02   2.65891179E-02 -0.500000000    
          22          31  -5.07093519E-02   4.74163815E-02 -0.500000000    
          22          32  -4.08484600E-02   7.01585859E-02 -0.500000000    
          22          33   2.46766452E-02   7.87595958E-02 -0.500000000    
          23           1  0.142149195       2.65196227E-02 -0.500000000    
          23           2   9.37656760E-02   1.81134529E-02 -0.500000000    
          23           3   4.99948934E-02   6.96638413E-03 -0.500000000    
          23           4   5.44236451E-02  -8.52140971E-03 -0.500000000    
          23           5  0.138515308      -2.80685280E-03 -0.500000000    
          23           6  0.165515840       1.10721132E-02 -0.500000000    
          23           7  0.103776902       1.11156832E-02 -0.500000000    
          23           8  0.121725664      -1.57984421E-02 -0.500000000    
          23           9  0.268635660      -4.46355008E-02 -0.500000000    
          23          10  0.297033668      -5.25193661E-02 -0.500000000    
          23          11   6.41142800E-02  -5.69743328E-02 -0.500000000    
          23          12  -4.27445397E-02  -6.00451976E-02 -0.500000000    
          23          13  -8.36798325E-02  -4.81733233E-02 -0.500000000    
          23          14  -2.17141621E-02  -1.57725569E-02 -0.500000000    
          23          15  0.105528891       7.29559138E-02 -0.500000000    
          23          16  0.138670743      0.145734176     -0.500000000    
          23          17  0.132474333      0.178924307     -0.500000000    
          23          18  0.159253091      0.132757425     -0.500000000    
          23          19  0.117761783       5.23572452E-02 -0.500000000    
          23          20   3.42557840E-02  -3.82728665E-03 -0.500000000    
          23          21   4.33185510E-02  -2.73965616E-02 -0.500000000    
          23          22   5.22809327E-02  -4.05181535E-02 -0.500000000    
          23          23  0.199759737      -5.54707982E-02 -0.500000000    
          23          24  0.212322533      -6.47155195E-02 -0.500000000    
          23          25  0.110781148      -4.81131151E-02 -0.500000000    
          23          26  0.179204330       3.79013317E-03 -0.500000000    
          23          27  0.276739806       3.68244909E-02 -0.500000000    
          23          28  0.214241013       3.71958390E-02 -0.500000000    
          23          29  0.135349587       1.67484097E-02 -0.500000000    
          23          30   6.79673404E-02   2.21803728E-02 -0.500000000    
          23          31   5.87247573E-02   3.43196616E-02 -0.500000000    
          23          32   4.31506447E-02   4.76058424E-02 -0.500000000    
          23          33   7.98102170E-02   5.52584007E-02 -0.500000000    
          24           1  0.189627096       2.56144088E-02 -0.500000000    
          24           2  0.227186590       2.53964365E-02 -0.500000000    
          24           3  0.215262383       1.22506907E-02 -0.500000000    
          24           4  0.108761087       5.66258607E-03 -0.500000000    
          24           5  0.166496605       1.75753720E-02 -0.500000000    
          24           6  0.138435036       1.35613400E-02 -0.500000000    
          24           7   3.15066427E-02   2.61997827E-03 -0.500000000    
          24           8   4.29135635E-02  -1.13106202E-02 -0.500000000    
          24           9  0.132262617      -2.68060043E-02 -0.500000000    
          24          10  0.136252269      -3.45606320E-02 -0.500000000    
          24          11   4.88943420E-03  -4.26156148E-02 -0.500000000    
          24          12  -1.40172513E-02  -5.38850352E-02 -0.500000000    
          24          13  -7.48973638E-02  -6.11005686E-02 -0.500000000    
          24          14   1.96786434E-03  -2.29806062E-02 -0.500000000    
          24          15  0.108015239       6.47434518E-02 -0.500000000    
          24          16  0.183724985      0.157070145     -0.500000000    
          24          17  0.193073735      0.197069079     -0.500000000    
          24          18  0.157443017      0.136055470     -0.500000000    
          24          19  0.150504559       6.11595884E-02 -0.500000000    
          24          20  0.100149319      -1.25387674E-02 -0.500000000    
          24          21  0.147145122      -3.64583619E-02 -0.500000000    
          24          22  0.148029491      -5.53651080E-02 -0.500000000    
          24          23  0.212373406      -6.47275299E-02 -0.500000000    
          24          24  0.160908639      -7.36085102E-02 -0.500000000    
          24          25   3.29341628E-02  -4.75010276E-02 -0.500000000    
          24          26  0.149124175       1.05845137E-02 -0.500000000    
          24          27  0.249340922       3.65926847E-02 -0.500000000    
          24          28  0.219091117       4.52719666E-02 -0.500000000    
          24          29   4.68362682E-02   3.57154720E-02 -0.500000000    
          24          30  -6.37957156E-02   2.94776447E-02 -0.500000000    
          24          31  -3.64721916E-03   4.85653803E-02 -0.500000000    
          24          32  -1.62283219E-02   6.41767532E-02 -0.500000000    
          24          33  -9.19249505E-02   7.23247379E-02 -0.500000000    
          25           1  0.269746810       6.22023456E-02 -0.500000000    
          25           2  0.354405373       5.60665689E-02 -0.500000000    
          25           3  0.370301455       3.93627621E-02 -0.500000000    
          25           4  0.310873538       3.31680514E-02 -0.500000000    
          25           5  0.210829467       2.31890734E-02 -0.500000000    
          25           6   6.76528364E-02   1.27047459E-02 -0.500000000    
          25           7  0.163260460       1.62672997E-03 -0.500000000    
          25           8  0.163088605      -8.60683713E-03 -0.500000000    
          25           9  0.181331187      -6.08514436E-03 -0.500000000    
          25          10  0.205440134       1.40309567E-03 -0.500000000    
          25          11  0.107551016      -1.11926263E-02 -0.500000000    
          25          12   9.06764623E-03  -2.46618800E-02 -0.500000000    
          25          13  -8.44148546E-02  -4.21980470E-02 -0.500000000    
          25          14  -3.24092396E-02  -1.64839625E-02 -0.500000000    
          25          15   1.65079553E-02   4.54756655E-02 -0.500000000    
          25          16  0.168377623      0.117378987     -0.500000000    
          25          17  0.225550830      0.148697108     -0.500000000    
          25          18  0.137766242       9.29682776E-02 -0.500000000    
          25          19  0.186805025       3.31336223E-02 -0.500000000    
          25          20   5.62161952E-02  -3.06059234E-02 -0.500000000    
          25          21   9.46019311E-03  -4.32401411E-02 -0.500000000    
          25          22   4.98960428E-02  -4.70465086E-02 -0.500000000    
          25          23  0.110747784      -4.81355339E-02 -0.500000000    
          25          24   3.29160467E-02  -4.75100093E-02 -0.500000000    
          25          25   5.96357286E-02  -1.74701586E-02 -0.500000000    
          25          26  0.142917350       1.89391449E-02 -0.500000000    
          25          27   4.95568961E-02   2.97113284E-02 -0.500000000    
          25          28  -4.80480492E-02   2.86569763E-02 -0.500000000    
          25          29   6.33261725E-02   2.73823068E-02 -0.500000000    
          25          30  0.103926748       3.73257510E-02 -0.500000000    
          25          31  0.142527729       5.96882589E-02 -0.500000000    
          25          32   9.83003527E-02   8.64764377E-02 -0.500000000    
          25          33  -3.80932316E-02   9.66233760E-02 -0.500000000    
          26           1  0.416077167      0.104968555     -0.500000000    
          26           2  0.272247523       7.53250122E-02 -0.500000000    
          26           3  0.398218155       5.88928871E-02 -0.500000000    
          26           4  0.366482973       4.56013456E-02 -0.500000000    
          26           5  0.203622252       2.30215322E-02 -0.500000000    
          26           6   7.62373433E-02   8.97901412E-03 -0.500000000    
          26           7  0.265034676      -1.83084805E-03 -0.500000000    
          26           8  0.267333210      -5.42869419E-03 -0.500000000    
          26           9  0.229852453       1.08224136E-04 -0.500000000    
          26          10  0.252209753       2.25329995E-02 -0.500000000    
          26          11  0.190324813       1.98031198E-02 -0.500000000    
          26          12   3.66753824E-02   1.66297331E-03 -0.500000000    
          26          13   5.98743074E-02  -5.91209158E-03 -0.500000000    
          26          14   5.25124669E-02   1.09957391E-02 -0.500000000    
          26          15  -1.98810734E-02   3.97084542E-02 -0.500000000    
          26          16   7.65621290E-02   5.05685583E-02 -0.500000000    
          26          17  0.162310094       5.08520454E-02 -0.500000000    
          26          18   5.31905927E-02   2.19023619E-02 -0.500000000    
          26          19   6.84687644E-02  -4.04231902E-03 -0.500000000    
          26          20   8.36017914E-03  -3.46097350E-02 -0.500000000    
          26          21   3.26495841E-02  -2.85173487E-02 -0.500000000    
          26          22  0.120600723      -9.74048860E-03 -0.500000000    
          26          23  0.179216847       3.76707735E-03 -0.500000000    
          26          24  0.149146795       1.05874343E-02 -0.500000000    
          26          25  0.142887056       1.89585071E-02 -0.500000000    
          26          26   9.61902887E-02   2.48680189E-02 -0.500000000    
          26          27  0.138577104       1.45508293E-02 -0.500000000    
          26          28  -6.80035278E-02   5.15530165E-03 -0.500000000    
          26          29   2.20719026E-03   4.35336260E-03 -0.500000000    
          26          30  0.108786717       2.20185425E-02 -0.500000000    
          26          31  0.163808316       5.54419793E-02 -0.500000000    
          26          32   6.55706823E-02   9.05060321E-02 -0.500000000    
          26          33   3.80137097E-03  0.112697132     -0.500000000    
          27           1  0.507557869      0.152381256     -0.500000000    
          27           2   9.91587192E-02  0.102455765     -0.500000000    
          27           3   2.52037421E-02   5.89909442E-02 -0.500000000    
          27           4  0.152465194       2.87521575E-02 -0.500000000    
          27           5  0.198594481       1.33776078E-02 -0.500000000    
          27           6  0.192379788       6.22903835E-03 -0.500000000    
          27           7  0.192338601      -2.88062985E-03 -0.500000000    
          27           8  0.212419018      -2.30040913E-03 -0.500000000    
          27           9  0.220192522      -3.96760588E-04 -0.500000000    
          27          10  0.202852875       1.17203211E-02 -0.500000000    
          27          11  0.149772018       1.99429244E-02 -0.500000000    
          27          12   7.35734552E-02   6.56274089E-04 -0.500000000    
          27          13  0.116002925      -7.62684457E-03 -0.500000000    
          27          14  0.133318350       9.09261126E-03 -0.500000000    
          27          15  0.140056595       2.32740212E-02 -0.500000000    
          27          16   3.54940593E-02   7.77061703E-03 -0.500000000    
          27          17  -2.18009856E-03   9.92197543E-04 -0.500000000    
          27          18  -4.78579067E-02  -8.79590400E-03 -0.500000000    
          27          19   6.95257485E-02  -2.05080211E-02 -0.500000000    
          27          20   7.14090168E-02  -3.99639085E-02 -0.500000000    
          27          21   9.90595147E-02  -3.17678936E-02 -0.500000000    
          27          22  0.129237339       1.32965986E-04 -0.500000000    
          27          23  0.276778013       3.68175358E-02 -0.500000000    
          27          24  0.249318466       3.66280004E-02 -0.500000000    
          27          25   4.93077710E-02   2.97333114E-02 -0.500000000    
          27          26  0.138756618       1.45522561E-02 -0.500000000    
          27          27  0.183569431       4.38138330E-03 -0.500000000    
          27          28   3.55056375E-02  -9.25915036E-03 -0.500000000    
          27          29  -8.77300724E-02  -9.43316799E-03 -0.500000000    
          27          30  -5.20482752E-03   2.02865880E-02 -0.500000000    
          27          31   1.11858863E-02   6.85425401E-02 -0.500000000    
          27          32  -1.67208835E-02  0.125675231     -0.500000000    
          27          33   2.52337288E-02  0.159379646     -0.500000000    
          28           1  0.459073603      0.210336730     -0.500000000    
          28           2   1.78419054E-04  0.140585780     -0.500000000    
          28           3 -0.190557241       7.90491179E-02 -0.500000000    
          28           4  -7.11472183E-02   2.53486168E-02 -0.500000000    
          28           5  0.136179864      -7.58402236E-03 -0.500000000    
          28           6  0.137656465      -6.03330461E-03 -0.500000000    
          28           7   2.91710533E-02  -8.45282897E-03 -0.500000000    
          28           8  0.100605495      -6.37038797E-03 -0.500000000    
          28           9  0.112786397      -8.69568158E-03 -0.500000000    
          28          10   5.60269840E-02  -5.15614962E-03 -0.500000000    
          28          11  -1.14491885E-03   2.41928385E-03 -0.500000000    
          28          12   5.76796494E-02  -8.80992785E-03 -0.500000000    
          28          13  0.122269332      -2.09441166E-02 -0.500000000    
          28          14  0.106317349      -4.43321606E-03 -0.500000000    
          28          15  0.109482281      -1.72213232E-03 -0.500000000    
          28          16   2.54562125E-03  -1.68540739E-02 -0.500000000    
          28          17   3.81253473E-02  -1.84721146E-02 -0.500000000    
          28          18   1.35738421E-02  -1.84230674E-02 -0.500000000    
          28          19   4.79790308E-02  -2.16598473E-02 -0.500000000    
          28          20   6.86693788E-02  -4.24170233E-02 -0.500000000    
          28          21  0.128962964      -4.56780270E-02 -0.500000000    
          28          22   6.27503693E-02  -8.20631627E-03 -0.500000000    
          28          23  0.214168221       3.72152701E-02 -0.500000000    
          28          24  0.218945354       4.53112647E-02 -0.500000000    
          28          25  -4.80505899E-02   2.86573786E-02 -0.500000000    
          28          26  -6.79930300E-02   5.17242355E-03 -0.500000000    
          28          27   3.56245600E-02  -9.24642384E-03 -0.500000000    
          28          28   8.74469429E-02  -8.44639540E-03 -0.500000000    
          28          29  -2.88214274E-02   1.31114200E-02 -0.500000000    
          28          30 -0.159409136       5.04795238E-02 -0.500000000    
          28          31 -0.191224143      0.114714675     -0.500000000    
          28          32  -3.32478359E-02  0.151328802     -0.500000000    
          28          33  0.266097665      0.173944995     -0.500000000    
          29           1  0.550161004      0.247131363     -0.500000000    
          29           2  0.169472754      0.191241771     -0.500000000    
          29           3 -0.117002800      0.110674955     -0.500000000    
          29           4  -4.98788171E-02   5.71837351E-02 -0.500000000    
          29           5  -2.58252770E-02   9.98082850E-03 -0.500000000    
          29           6  -1.54939312E-02  -1.11350631E-02 -0.500000000    
          29           7   7.61233941E-02   9.77698946E-04 -0.500000000    
          29           8   8.40607062E-02   4.49962402E-03 -0.500000000    
          29           9   4.00309190E-02  -9.33909323E-03 -0.500000000    
          29          10  -9.07093361E-02  -2.18163580E-02 -0.500000000    
          29          11  -6.54970556E-02  -1.79210044E-02 -0.500000000    
          29          12  -2.91257761E-02  -1.08210081E-02 -0.500000000    
          29          13   9.63513460E-03  -8.53096880E-03 -0.500000000    
          29          14   5.36755566E-03   1.21057080E-02 -0.500000000    
          29          15   1.50789311E-02  -3.54407541E-03 -0.500000000    
          29          16  -6.80009052E-02  -3.29928063E-02 -0.500000000    
          29          17   7.24963378E-04  -3.98379602E-02 -0.500000000    
          29          18   3.34466472E-02  -2.85604764E-02 -0.500000000    
          29          19   1.21887401E-02  -8.69173929E-03 -0.500000000    
          29          20   6.17903098E-02  -1.10324416E-02 -0.500000000    
          29          21   6.67595863E-02  -2.44414918E-02 -0.500000000    
          29          22  -1.10583520E-03  -2.17199000E-03 -0.500000000    
          29          23  0.135273755       1.67708807E-02 -0.500000000    
          29          24   4.66102175E-02   3.57425213E-02 -0.500000000    
          29          25   6.35001659E-02   2.73773503E-02 -0.500000000    
          29          26   2.17971206E-03   4.37141676E-03 -0.500000000    
          29          27  -8.75723213E-02  -9.41860024E-03 -0.500000000    
          29          28  -2.87505034E-02   1.31170927E-02 -0.500000000    
          29          29   1.94462948E-02   5.28584644E-02 -0.500000000    
          29          30  -5.61640002E-02  0.109492809     -0.500000000    
          29          31 -0.131684721      0.152613446     -0.500000000    
          29          32  -8.49942043E-02  0.190842628     -0.500000000    
          29          33  0.169099510      0.204894647     -0.500000000    
          30           1  0.746678591      0.260705143     -0.500000000    
          30           2  0.541022182      0.227230355     -0.500000000    
          30           3  0.125733480      0.155227646     -0.500000000    
          30           4  -3.47460210E-02   9.73599553E-02 -0.500000000    
          30           5  -3.54130082E-02   5.67515790E-02 -0.500000000    
          30           6  -4.30078804E-03   2.27798801E-02 -0.500000000    
          30           7  0.225351483       2.34323684E-02 -0.500000000    
          30           8  0.161925241       1.86248533E-02 -0.500000000    
          30           9   1.00420322E-02  -1.02309966E-02 -0.500000000    
          30          10  -5.01405820E-02  -2.84220167E-02 -0.500000000    
          30          11  -4.25221249E-02  -1.02143502E-02 -0.500000000    
          30          12 -0.114797227       1.47919711E-02 -0.500000000    
          30          13   1.51098082E-02   2.17640493E-02 -0.500000000    
          30          14   2.04581581E-02   3.21792029E-02 -0.500000000    
          30          15   2.05682926E-02   5.15581621E-03 -0.500000000    
          30          16  -4.84986678E-02  -3.07289083E-02 -0.500000000    
          30          17  -2.22210865E-02  -3.78495120E-02 -0.500000000    
          30          18   6.16556332E-02  -1.94903053E-02 -0.500000000    
          30          19   2.98852324E-02   1.45189045E-02 -0.500000000    
          30          20   6.44365922E-02   2.15678662E-02 -0.500000000    
          30          21  -4.23602387E-03   1.19242920E-02 -0.500000000    
          30          22  -9.61639136E-02   2.65885293E-02 -0.500000000    
          30          23   6.79610372E-02   2.21977197E-02 -0.500000000    
          30          24  -6.39880151E-02   2.94851586E-02 -0.500000000    
          30          25  0.103998035       3.73270698E-02 -0.500000000    
          30          26  0.108812764       2.20295265E-02 -0.500000000    
          30          27  -5.15648816E-03   2.02872641E-02 -0.500000000    
          30          28 -0.159150109       5.04714139E-02 -0.500000000    
          30          29  -5.60790636E-02  0.109484755     -0.500000000    
          30          30   7.42416829E-02  0.148711503     -0.500000000    
          30          31  -4.77243541E-03  0.191218242     -0.500000000    
          30          32 -0.114315771      0.214042008     -0.500000000    
          30          33  -4.27812301E-02  0.221550509     -0.500000000    
          31           1  0.732028782      0.275629967     -0.500000000    
          31           2  0.451215953      0.230096132     -0.500000000    
          31           3  0.114125572      0.184459254     -0.500000000    
          31           4  -1.12856552E-02  0.152927965     -0.500000000    
          31           5   1.46359839E-02  0.111481808     -0.500000000    
          31           6   4.02701758E-02   7.37441033E-02 -0.500000000    
          31           7  0.139955252       4.61134017E-02 -0.500000000    
          31           8  0.124831580       3.04273646E-02 -0.500000000    
          31           9   7.45397955E-02   8.76768306E-03 -0.500000000    
          31          10   7.09551647E-02  -3.49198887E-03 -0.500000000    
          31          11   4.40728776E-02   1.19348858E-02 -0.500000000    
          31          12  -3.67937833E-02   3.34319994E-02 -0.500000000    
          31          13  0.101185687       4.70111109E-02 -0.500000000    
          31          14  0.109184697       6.26338422E-02 -0.500000000    
          31          15   6.37025982E-02   3.38672362E-02 -0.500000000    
          31          16  -3.42682004E-02  -1.24290707E-02 -0.500000000    
          31          17  -5.24669252E-02  -2.90784817E-02 -0.500000000    
          31          18   2.81643271E-02  -5.82276564E-03 -0.500000000    
          31          19   7.05891894E-03   4.88314442E-02 -0.500000000    
          31          20   5.49781844E-02   6.18915521E-02 -0.500000000    
          31          21  -1.54047040E-02   4.63548340E-02 -0.500000000    
          31          22  -5.06510735E-02   4.74057682E-02 -0.500000000    
          31          23   5.86943142E-02   3.43303382E-02 -0.500000000    
          31          24  -3.84511263E-03   4.85661142E-02 -0.500000000    
          31          25  0.142538220       5.96918799E-02 -0.500000000    
          31          26  0.163961574       5.54452911E-02 -0.500000000    
          31          27   1.12566929E-02   6.85296655E-02 -0.500000000    
          31          28 -0.190932289      0.114682488     -0.500000000    
          31          29 -0.131354764      0.152581453     -0.500000000    
          31          30  -4.70962934E-03  0.191191837     -0.500000000    
          31          31  -8.43871851E-03  0.214481041     -0.500000000    
          31          32  -3.38526033E-02  0.212290376     -0.500000000    
          31          33  -2.22707130E-02  0.220961705     -0.500000000    
          32           1  0.284387022      0.234735191     -0.500000000    
          32           2  0.231361985      0.221130624     -0.500000000    
          32           3  0.150885165      0.203148812     -0.500000000    
          32           4   9.14348066E-02  0.187940568     -0.500000000    
          32           5   5.59470281E-02  0.158681914     -0.500000000    
          32           6   3.41204032E-02  0.109726124     -0.500000000    
          32           7   1.35161001E-02   7.22400621E-02 -0.500000000    
          32           8  -3.90777066E-02   6.29078299E-02 -0.500000000    
          32           9   5.67000210E-02   3.58766913E-02 -0.500000000    
          32          10   5.33782616E-02   2.06692070E-02 -0.500000000    
          32          11   9.97027084E-02   3.68364155E-02 -0.500000000    
          32          12  -2.45137140E-02   6.12034276E-02 -0.500000000    
          32          13   6.16051406E-02   7.36123621E-02 -0.500000000    
          32          14   8.83906409E-02   8.72815847E-02 -0.500000000    
          32          15   7.73320533E-03   5.67939803E-02 -0.500000000    
          32          16 -0.109094933       4.65002516E-03 -0.500000000    
          32          17 -0.170874014      -2.06986442E-02 -0.500000000    
          32          18  -8.96972641E-02   5.97625179E-03 -0.500000000    
          32          19  -9.19377953E-02   7.29640201E-02 -0.500000000    
          32          20   3.29658985E-02   8.23845416E-02 -0.500000000    
          32          21   9.56635922E-03   6.58485740E-02 -0.500000000    
          32          22  -4.08367515E-02   7.01365769E-02 -0.500000000    
          32          23   4.30333056E-02   4.76123132E-02 -0.500000000    
          32          24  -1.64277069E-02   6.41847029E-02 -0.500000000    
          32          25   9.83924717E-02   8.64841044E-02 -0.500000000    
          32          26   6.58565983E-02   9.05052572E-02 -0.500000000    
          32          27  -1.64392963E-02  0.125661775     -0.500000000    
          32          28  -3.27963382E-02  0.151302829     -0.500000000    
          32          29  -8.44711587E-02  0.190793484     -0.500000000    
          32          30 -0.113999359      0.213985071     -0.500000000    
          32          31  -3.37117389E-02  0.212264329     -0.500000000    
          32          32  -6.50934055E-02  0.199425071     -0.500000000    
          32          33   1.98685527E-02  0.193322361     -0.500000000    
          33           1   6.93452209E-02  0.219130695     -0.500000000    
          33           2  0.117985331      0.213815942     -0.500000000    
          33           3  0.120101646      0.212518826     -0.500000000    
          33           4   7.69678876E-02  0.194714099     -0.500000000    
          33           5  0.233258218      0.162909895     -0.500000000    
          33           6   5.35237826E-02  0.127536014     -0.500000000    
          33           7   4.79036644E-02  0.104591392     -0.500000000    
          33           8  -3.63175459E-02   9.18500647E-02 -0.500000000    
          33           9 -0.132146567       5.05453944E-02 -0.500000000    
          33          10  -5.81209436E-02   3.46341394E-02 -0.500000000    
          33          11   7.73927048E-02   5.78498207E-02 -0.500000000    
          33          12  -2.23142449E-02   7.77710229E-02 -0.500000000    
          33          13   9.71687660E-02   9.09013972E-02 -0.500000000    
          33          14  0.102751911      0.107367523     -0.500000000    
          33          15   3.77926938E-02   7.31867850E-02 -0.500000000    
          33          16  -2.16654735E-03   1.47264116E-02 -0.500000000    
          33          17  -1.31145641E-02  -1.68851763E-02 -0.500000000    
          33          18   6.10957444E-02   9.07224230E-03 -0.500000000    
          33          19  -3.54759879E-02   8.43969509E-02 -0.500000000    
          33          20   7.67038837E-02   9.49926600E-02 -0.500000000    
          33          21  0.123986453       7.62254968E-02 -0.500000000    
          33          22   2.46391147E-02   7.87311643E-02 -0.500000000    
          33          23   7.96101019E-02   5.52671440E-02 -0.500000000    
          33          24  -9.21749473E-02   7.23421648E-02 -0.500000000    
          33          25  -3.78770269E-02   9.66382921E-02 -0.500000000    
          33          26   4.14454099E-03  0.112695001     -0.500000000    
          33          27   2.57476028E-02  0.159378603     -0.500000000    
          33          28  0.266958833      0.173956990     -0.500000000    
          33          29  0.170068368      0.204886973     -0.500000000    
          33          30  -4.20259759E-02  0.221488968     -0.500000000    
          33          31  -2.21040975E-02  0.220909536     -0.500000000    
          33          32   1.93992909E-02  0.193310186     -0.500000000    
          33          33  0.190517977      0.160500973     -0.500000000    
