           1           1   1.09013319      0.155032054     -0.500000000    
           1           2  0.938754439      0.164483309     -0.500000000    
           1           3  0.666311741      0.175149336     -0.500000000    
           1           4  0.286738485      0.175297812     -0.500000000    
           1           5  0.102771699      0.156250298     -0.500000000    
           1           6   5.54585494E-02  0.124824047     -0.500000000    
           1           7  -9.76806432E-02   9.94368643E-02 -0.500000000    
           1           8 -0.175763905       7.18893632E-02 -0.500000000    
           1           9 -0.207390010       3.41498442E-02 -0.500000000    
           1          10  -9.27691609E-02   1.55376950E-02 -0.500000000    
           1          11   5.12209833E-02   1.87282115E-02 -0.500000000    
           1          12  -4.67887260E-02   7.90250674E-03 -0.500000000    
           1          13  -3.52834649E-02   5.18154800E-02 -0.500000000    
           1          14   1.49882045E-02  0.105617680     -0.500000000    
           1          15   5.35308160E-02  0.111149028     -0.500000000    
           1          16  0.117550462       9.35216993E-02 -0.500000000    
           1          17   3.40014286E-02   6.55614883E-02 -0.500000000    
           1          18  -9.71866325E-02   6.98032230E-02 -0.500000000    
           1          19   5.99022470E-02  0.112473451     -0.500000000    
           1          20  0.112680882      0.129113764     -0.500000000    
           1          21  0.142664149       7.85838440E-02 -0.500000000    
           1          22  0.101813227       5.06207384E-02 -0.500000000    
           1          23   9.68687534E-02   3.98473032E-02 -0.500000000    
           1          24  0.214484438       4.98701558E-02 -0.500000000    
           1          25  0.309640765       8.64556357E-02 -0.500000000    
           1          26  0.417743802      0.130363822     -0.500000000    
           1          27  0.479422659      0.171517968     -0.500000000    
           1          28  0.527862132      0.215264753     -0.500000000    
           1          29  0.556057811      0.243232742     -0.500000000    
           1          30  0.684543192      0.258326620     -0.500000000    
           1          31  0.767775714      0.282427341     -0.500000000    
           1          32  0.389502019      0.262926161     -0.500000000    
           1          33   8.57737809E-02  0.236466348     -0.500000000    
           2           1  0.938627481      0.164536789     -0.500000000    
           2           2  0.609794617      0.176416412     -0.500000000    
           2           3  0.311362267      0.163876578     -0.500000000    
           2           4  0.172578260      0.161205903     -0.500000000    
           2           5  -5.22066727E-02  0.138499856     -0.500000000    
           2           6   9.07361973E-04  0.108288571     -0.500000000    
           2           7  -6.13124520E-02   8.15873966E-02 -0.500000000    
           2           8  -2.08688043E-02   4.90830429E-02 -0.500000000    
           2           9  -1.32727027E-02   2.80986875E-02 -0.500000000    
           2          10  -5.83203509E-02   7.74025498E-03 -0.500000000    
           2          11   5.97424880E-02   8.24083854E-03 -0.500000000    
           2          12  -5.78980334E-02   7.98141677E-03 -0.500000000    
           2          13  -7.76618272E-02   5.15502878E-02 -0.500000000    
           2          14   3.45442817E-02   9.83504951E-02 -0.500000000    
           2          15   6.13291189E-02  0.100680426     -0.500000000    
           2          16   3.66063640E-02   8.81875679E-02 -0.500000000    
           2          17 -0.122454144       6.29479885E-02 -0.500000000    
           2          18 -0.177562132       6.68450147E-02 -0.500000000    
           2          19  -2.03114450E-02  0.102258347     -0.500000000    
           2          20   4.83362414E-02  0.115089796     -0.500000000    
           2          21  -1.41713191E-02   7.24593624E-02 -0.500000000    
           2          22  -3.26108113E-02   4.21068333E-02 -0.500000000    
           2          23   8.52953345E-02   2.98584066E-02 -0.500000000    
           2          24  0.249354780       4.42797579E-02 -0.500000000    
           2          25  0.360040337       7.90232494E-02 -0.500000000    
           2          26  0.292182088       9.62102115E-02 -0.500000000    
           2          27   5.84835336E-02  0.116257951     -0.500000000    
           2          28   6.47791848E-02  0.146908358     -0.500000000    
           2          29  0.264110953      0.195383936     -0.500000000    
           2          30  0.571413100      0.235792935     -0.500000000    
           2          31  0.584363580      0.253903747     -0.500000000    
           2          32  0.307393372      0.240240678     -0.500000000    
           2          33  0.129426375      0.230490595     -0.500000000    
           3           1  0.665205419      0.175185025     -0.500000000    
           3           2  0.310778916      0.163866282     -0.500000000    
           3           3   8.22293609E-02  0.149024069     -0.500000000    
           3           4  -6.47190586E-03  0.120479271     -0.500000000    
           3           5 -0.122540474       9.48676094E-02 -0.500000000    
           3           6 -0.125056222       7.19227716E-02 -0.500000000    
           3           7   5.12665808E-02   5.41507564E-02 -0.500000000    
           3           8  0.120603539       3.73069905E-02 -0.500000000    
           3           9   2.98526185E-03   1.41678248E-02 -0.500000000    
           3          10  -2.91983560E-02  -1.85305509E-03 -0.500000000    
           3          11   4.72975150E-03   1.16610690E-03 -0.500000000    
           3          12  -5.65355569E-02   2.61100288E-03 -0.500000000    
           3          13  -8.52384716E-02   4.44117859E-02 -0.500000000    
           3          14   2.92331111E-02   9.00658816E-02 -0.500000000    
           3          15   9.25435722E-02   8.95429999E-02 -0.500000000    
           3          16  0.108460188       7.91588426E-02 -0.500000000    
           3          17  -1.58421751E-02   5.35603687E-02 -0.500000000    
           3          18  -1.34229241E-02   5.53091876E-02 -0.500000000    
           3          19   5.48662394E-02   9.15694535E-02 -0.500000000    
           3          20   2.44850330E-02   9.88813788E-02 -0.500000000    
           3          21  -7.65742436E-02   5.75203709E-02 -0.500000000    
           3          22  -4.49851379E-02   2.19172351E-02 -0.500000000    
           3          23   7.17033520E-02   1.59624610E-02 -0.500000000    
           3          24  0.243468195       3.21963765E-02 -0.500000000    
           3          25  0.399399072       5.79997972E-02 -0.500000000    
           3          26  0.365089834       6.90446422E-02 -0.500000000    
           3          27   5.72683439E-02   6.62976429E-02 -0.500000000    
           3          28 -0.142650917       7.76273385E-02 -0.500000000    
           3          29  -8.24099556E-02  0.106221117     -0.500000000    
           3          30  0.172247335      0.156349629     -0.500000000    
           3          31  0.133983463      0.196596742     -0.500000000    
           3          32  0.145648241      0.212376118     -0.500000000    
           3          33  0.143261597      0.219218954     -0.500000000    
           4           1  0.285552531      0.175242394     -0.500000000    
           4           2  0.171999559      0.161155283     -0.500000000    
           4           3  -6.52323756E-03  0.120455571     -0.500000000    
           4           4  0.144132644       7.69260526E-02 -0.500000000    
           4           5   5.80171570E-02   4.99065220E-02 -0.500000000    
           4           6  -8.93767253E-02   3.36783528E-02 -0.500000000    
           4           7   1.52831431E-02   3.31410877E-02 -0.500000000    
           4           8  0.112779669       3.35952081E-02 -0.500000000    
           4           9   5.22621768E-03   2.03190502E-02 -0.500000000    
           4          10  -9.74688157E-02  -4.27679042E-04 -0.500000000    
           4          11   7.33330771E-02  -2.52359081E-03 -0.500000000    
           4          12  -8.21957514E-02   1.02282036E-03 -0.500000000    
           4          13 -0.108823150       3.46891433E-02 -0.500000000    
           4          14  -2.50613652E-02   6.62742630E-02 -0.500000000    
           4          15   6.64036050E-02   5.01446240E-02 -0.500000000    
           4          16  0.130685553       5.10774702E-02 -0.500000000    
           4          17   4.33042236E-02   3.61180231E-02 -0.500000000    
           4          18   6.11591563E-02   3.64472829E-02 -0.500000000    
           4          19  0.103939086       6.19734041E-02 -0.500000000    
           4          20   7.45100901E-02   6.06726855E-02 -0.500000000    
           4          21   3.49461585E-02   3.55963036E-02 -0.500000000    
           4          22   3.86420153E-02   7.52466219E-03 -0.500000000    
           4          23   4.26483490E-02   3.45564797E-03 -0.500000000    
           4          24  0.147045612       2.33351104E-02 -0.500000000    
           4          25  0.287726432       4.29722220E-02 -0.500000000    
           4          26  0.361424088       5.20286001E-02 -0.500000000    
           4          27  0.141683102       3.45227346E-02 -0.500000000    
           4          28  -2.51706019E-02   2.94725616E-02 -0.500000000    
           4          29  -5.89831807E-02   5.06761968E-02 -0.500000000    
           4          30  -1.76852904E-02   9.42088589E-02 -0.500000000    
           4          31   2.63635982E-02  0.147579983     -0.500000000    
           4          32   8.49617794E-02  0.187425673     -0.500000000    
           4          33  0.133016184      0.190575510     -0.500000000    
           5           1  0.102818608      0.156153902     -0.500000000    
           5           2  -5.22354543E-02  0.138424069     -0.500000000    
           5           3 -0.122501597       9.48271379E-02 -0.500000000    
           5           4   5.80420271E-02   4.98941503E-02 -0.500000000    
           5           5  0.188046396       2.79001296E-02 -0.500000000    
           5           6   8.30238983E-02   1.96261238E-02 -0.500000000    
           5           7  -6.01334050E-02   2.74910722E-02 -0.500000000    
           5           8   2.87134349E-02   3.16983275E-02 -0.500000000    
           5           9  0.104290150       3.85793783E-02 -0.500000000    
           5          10   9.33838636E-02   2.62854509E-02 -0.500000000    
           5          11  0.215697542       5.16200205E-03 -0.500000000    
           5          12   9.36145410E-02  -9.12828278E-03 -0.500000000    
           5          13   4.88975365E-03   6.45492226E-03 -0.500000000    
           5          14  -3.21430191E-02   3.78590077E-02 -0.500000000    
           5          15   7.30702979E-03   2.05215979E-02 -0.500000000    
           5          16  0.103686124       2.47794017E-02 -0.500000000    
           5          17   9.74486470E-02   8.55312683E-03 -0.500000000    
           5          18   1.58718489E-02   8.41913279E-03 -0.500000000    
           5          19   3.02862786E-02   3.01588904E-02 -0.500000000    
           5          20   4.05102298E-02   2.18654666E-02 -0.500000000    
           5          21  0.142283663       6.06783619E-03 -0.500000000    
           5          22  0.245926619      -4.59768716E-03 -0.500000000    
           5          23  0.115545228       4.31158161E-03 -0.500000000    
           5          24  0.205567569       2.90118065E-02 -0.500000000    
           5          25  0.253346026       3.27831842E-02 -0.500000000    
           5          26  0.280254006       3.61237116E-02 -0.500000000    
           5          27  0.268576860       1.97804235E-02 -0.500000000    
           5          28  0.103991657      -1.13440305E-03 -0.500000000    
           5          29  -4.13636453E-02   1.13991564E-02 -0.500000000    
           5          30 -0.104181945       5.22269011E-02 -0.500000000    
           5          31  -9.11289733E-03  0.103473194     -0.500000000    
           5          32  0.106058590      0.147353902     -0.500000000    
           5          33  0.252074808      0.161512598     -0.500000000    
           6           1   5.60999177E-02  0.124725744     -0.500000000    
           6           2   1.22962007E-03  0.108211741     -0.500000000    
           6           3 -0.124908179       7.18692020E-02 -0.500000000    
           6           4  -8.93015116E-02   3.36508416E-02 -0.500000000    
           6           5   8.30585584E-02   1.96186043E-02 -0.500000000    
           6           6  0.199429438       2.42247898E-02 -0.500000000    
           6           7   5.63815460E-02   3.15668806E-02 -0.500000000    
           6           8   4.59398963E-02   4.24531810E-02 -0.500000000    
           6           9  0.188168719       5.28803803E-02 -0.500000000    
           6          10  0.328900903       4.59116958E-02 -0.500000000    
           6          11  0.264630586       2.57019158E-02 -0.500000000    
           6          12  0.129995033       6.07417617E-03 -0.500000000    
           6          13   8.97002071E-02  -2.23449618E-03 -0.500000000    
           6          14   6.64368570E-02   1.53275579E-02 -0.500000000    
           6          15   4.09176201E-03   1.14818325E-03 -0.500000000    
           6          16   3.87089215E-02   1.07290344E-02 -0.500000000    
           6          17   3.83732989E-02   2.79400323E-04 -0.500000000    
           6          18 -0.158216208      -3.98492441E-04 -0.500000000    
           6          19  -4.95725833E-02   6.70755608E-03 -0.500000000    
           6          20   8.88766050E-02  -1.46997906E-02 -0.500000000    
           6          21  0.212545201      -1.50115164E-02 -0.500000000    
           6          22  0.290093362       5.93494670E-03 -0.500000000    
           6          23  0.181853801       1.76107325E-02 -0.500000000    
           6          24  0.182672888       2.53814384E-02 -0.500000000    
           6          25  0.146301076       2.07958687E-02 -0.500000000    
           6          26  0.208856240       2.13181674E-02 -0.500000000    
           6          27  0.296526194       2.00564098E-02 -0.500000000    
           6          28  0.117780462      -2.88059609E-03 -0.500000000    
           6          29 -0.139122576      -1.19510368E-02 -0.500000000    
           6          30  -8.28824192E-02   2.04667561E-02 -0.500000000    
           6          31  -5.70248812E-03   6.46333247E-02 -0.500000000    
           6          32   1.97782889E-02  0.101022571     -0.500000000    
           6          33  0.104032204      0.124479100     -0.500000000    
           7           1  -9.72003713E-02   9.93354842E-02 -0.500000000    
           7           2  -6.10236451E-02   8.15079287E-02 -0.500000000    
           7           3   5.13227917E-02   5.40924184E-02 -0.500000000    
           7           4   1.52644571E-02   3.31049263E-02 -0.500000000    
           7           5  -6.00823984E-02   2.74728332E-02 -0.500000000    
           7           6   5.64452633E-02   3.15581672E-02 -0.500000000    
           7           7  0.122959308       4.65011261E-02 -0.500000000    
           7           8  0.203113154       5.66451438E-02 -0.500000000    
           7           9  0.291006684       5.92876971E-02 -0.500000000    
           7          10  0.330483556       4.58263978E-02 -0.500000000    
           7          11  0.239442110       2.77222265E-02 -0.500000000    
           7          12  0.127959803       1.39656495E-02 -0.500000000    
           7          13   8.76939297E-02   5.91864483E-03 -0.500000000    
           7          14   7.01284334E-02   2.43184343E-02 -0.500000000    
           7          15   6.78893179E-02   1.48110697E-02 -0.500000000    
           7          16   6.17848560E-02   1.48947649E-02 -0.500000000    
           7          17   1.59332119E-02   2.62720371E-03 -0.500000000    
           7          18 -0.159881011       9.35437158E-04 -0.500000000    
           7          19   6.28518919E-03   8.52965377E-03 -0.500000000    
           7          20   8.97854567E-02  -9.00400896E-03 -0.500000000    
           7          21  0.137485608      -1.16159711E-02 -0.500000000    
           7          22  0.236318797       1.33133903E-02 -0.500000000    
           7          23  0.110148877       1.39752943E-02 -0.500000000    
           7          24   7.29989782E-02   1.08072953E-02 -0.500000000    
           7          25  0.195270330       2.58557545E-03 -0.500000000    
           7          26  0.319955677       2.86729680E-03 -0.500000000    
           7          27  0.236969411       1.07410820E-02 -0.500000000    
           7          28  -4.98101488E-03   4.09664493E-03 -0.500000000    
           7          29   6.44431869E-03   3.83689767E-03 -0.500000000    
           7          30  0.169556186       1.86345782E-02 -0.500000000    
           7          31  0.168696761       4.10739779E-02 -0.500000000    
           7          32  -1.18205789E-03   7.15199336E-02 -0.500000000    
           7          33  -1.11262118E-02  0.100553066     -0.500000000    
           8           1 -0.175617740       7.18069002E-02 -0.500000000    
           8           2  -2.07830817E-02   4.90142852E-02 -0.500000000    
           8           3  0.120584533       3.72556224E-02 -0.500000000    
           8           4  0.112742260       3.35624553E-02 -0.500000000    
           8           5   2.87254900E-02   3.16770934E-02 -0.500000000    
           8           6   4.59533073E-02   4.24365737E-02 -0.500000000    
           8           7  0.203071833       5.66349067E-02 -0.500000000    
           8           8  0.394053102       6.07535839E-02 -0.500000000    
           8           9  0.378931522       5.64551093E-02 -0.500000000    
           8          10  0.145890132       3.23712155E-02 -0.500000000    
           8          11  0.194044307       2.08378192E-02 -0.500000000    
           8          12  0.134898797       7.34357629E-03 -0.500000000    
           8          13   6.80418611E-02  -6.70713652E-03 -0.500000000    
           8          14   1.60105713E-02   1.54449483E-02 -0.500000000    
           8          15  -4.82069328E-04   2.67194267E-02 -0.500000000    
           8          16  0.128710404       5.39523177E-02 -0.500000000    
           8          17  0.318567663       7.40554184E-02 -0.500000000    
           8          18  0.153510422       5.98743409E-02 -0.500000000    
           8          19   9.50758681E-02   3.87938470E-02 -0.500000000    
           8          20   8.59359875E-02   3.59274680E-04 -0.500000000    
           8          21  0.123620048      -2.13074461E-02 -0.500000000    
           8          22  0.198526412      -1.14897927E-02 -0.500000000    
           8          23   4.14538905E-02  -4.88747377E-03 -0.500000000    
           8          24   8.23210459E-04  -5.38641540E-03 -0.500000000    
           8          25  0.148772955      -9.69130080E-03 -0.500000000    
           8          26  0.296940416      -6.28778385E-03 -0.500000000    
           8          27  0.254114419       5.02779335E-03 -0.500000000    
           8          28   7.89694488E-02   3.07482039E-03 -0.500000000    
           8          29   8.60583186E-02   1.09534496E-02 -0.500000000    
           8          30  0.174706727       2.12713517E-02 -0.500000000    
           8          31  0.180358723       3.39211933E-02 -0.500000000    
           8          32   4.96503562E-02   6.45971373E-02 -0.500000000    
           8          33  -2.83672363E-02   9.48259979E-02 -0.500000000    
           9           1 -0.207684875       3.40943523E-02 -0.500000000    
           9           2  -1.34469485E-02   2.80498136E-02 -0.500000000    
           9           3   2.80660950E-03   1.41276009E-02 -0.500000000    
           9           4   5.07332291E-03   2.02879030E-02 -0.500000000    
           9           5  0.104211465       3.85567434E-02 -0.500000000    
           9           6  0.188073039       5.28606400E-02 -0.500000000    
           9           7  0.290898353       5.92691042E-02 -0.500000000    
           9           8  0.378895700       5.64454496E-02 -0.500000000    
           9           9  0.135339528       3.67636494E-02 -0.500000000    
           9          10   4.14107926E-03   1.45375840E-02 -0.500000000    
           9          11  0.125291750       2.29603305E-04 -0.500000000    
           9          12  0.118214242      -2.44149435E-02 -0.500000000    
           9          13  -6.04531541E-03  -4.30282839E-02 -0.500000000    
           9          14  -1.22713242E-02  -1.33338561E-02 -0.500000000    
           9          15   6.13933317E-02   3.48021016E-02 -0.500000000    
           9          16  0.189154431      0.105140992     -0.500000000    
           9          17  0.368541092      0.161824510     -0.500000000    
           9          18  0.247198388      0.135644495     -0.500000000    
           9          19  0.242961392       8.18876699E-02 -0.500000000    
           9          20  0.227865875       1.07055940E-02 -0.500000000    
           9          21  0.297846168      -3.38303633E-02 -0.500000000    
           9          22  0.327807605      -4.34632413E-02 -0.500000000    
           9          23  0.160392582      -3.23444121E-02 -0.500000000    
           9          24   8.13432485E-02  -1.83560606E-02 -0.500000000    
           9          25  0.135402277      -8.85329302E-03 -0.500000000    
           9          26  0.207506508      -2.91190343E-03 -0.500000000    
           9          27  0.240539491       4.72077075E-03 -0.500000000    
           9          28  0.145786434       1.74161640E-03 -0.500000000    
           9          29   7.20897466E-02   2.27166200E-03 -0.500000000    
           9          30   1.85670909E-02  -6.67260378E-04 -0.500000000    
           9          31   5.95924035E-02   1.58118848E-02 -0.500000000    
           9          32   5.20583093E-02   3.95418741E-02 -0.500000000    
           9          33  -5.69254979E-02   5.62164970E-02 -0.500000000    
          10           1  -9.31815356E-02   1.54997809E-02 -0.500000000    
          10           2  -5.86306229E-02   7.70233618E-03 -0.500000000    
          10           3  -2.94893589E-02  -1.88614102E-03 -0.500000000    
          10           4  -9.77111608E-02  -4.52729524E-04 -0.500000000    
          10           5   9.32269692E-02   2.62685865E-02 -0.500000000    
          10           6  0.328761786       4.58981283E-02 -0.500000000    
          10           7  0.330382109       4.58172038E-02 -0.500000000    
          10           8  0.145859808       3.23691554E-02 -0.500000000    
          10           9   4.12191870E-03   1.45338820E-02 -0.500000000    
          10          10   1.05061699E-02  -7.75075052E-04 -0.500000000    
          10          11  0.126445398      -1.81787945E-02 -0.500000000    
          10          12  0.158046007      -4.65418734E-02 -0.500000000    
          10          13   6.00014627E-02  -5.83230332E-02 -0.500000000    
          10          14  -2.04877183E-03  -2.81917602E-02 -0.500000000    
          10          15   4.80660573E-02   3.57529931E-02 -0.500000000    
          10          16  0.172562644      0.116374590     -0.500000000    
          10          17  0.351302415      0.179164574     -0.500000000    
          10          18  0.235523373      0.146999285     -0.500000000    
          10          19  0.171255022       7.86716342E-02 -0.500000000    
          10          20  0.147084206       1.06873456E-02 -0.500000000    
          10          21  0.286285609      -3.24089117E-02 -0.500000000    
          10          22  0.351891398      -4.92013954E-02 -0.500000000    
          10          23  0.235212013      -4.39865626E-02 -0.500000000    
          10          24  0.118152507      -2.66825203E-02 -0.500000000    
          10          25  0.156552836       2.37193168E-03 -0.500000000    
          10          26  0.211560741       1.55938836E-02 -0.500000000    
          10          27  0.186321616       9.16645862E-03 -0.500000000    
          10          28   8.54152739E-02  -6.73720438E-04 -0.500000000    
          10          29  -7.09716976E-02  -1.46487504E-02 -0.500000000    
          10          30  -3.21306996E-02  -1.90010276E-02 -0.500000000    
          10          31   3.01987082E-02   2.80173752E-03 -0.500000000    
          10          32   4.82187569E-02   2.22838335E-02 -0.500000000    
          10          33   3.42622399E-03   3.95536497E-02 -0.500000000    
          11           1   5.09705469E-02   1.87054202E-02 -0.500000000    
          11           2   5.95260113E-02   8.21976177E-03 -0.500000000    
          11           3   4.53237724E-03   1.15331728E-03 -0.500000000    
          11           4   7.32149258E-02  -2.52345949E-03 -0.500000000    
          11           5  0.215729401       5.17209340E-03 -0.500000000    
          11           6  0.264647424       2.57159229E-02 -0.500000000    
          11           7  0.239437997       2.77346000E-02 -0.500000000    
          11           8  0.193992630       2.08417214E-02 -0.500000000    
          11           9  0.125233248       2.24042145E-04 -0.500000000    
          11          10  0.126467928      -1.81860272E-02 -0.500000000    
          11          11   6.73879087E-02  -3.68600935E-02 -0.500000000    
          11          12  0.100868404      -4.98626307E-02 -0.500000000    
          11          13  0.128701091      -4.98137772E-02 -0.500000000    
          11          14   1.39008872E-02  -2.38777697E-02 -0.500000000    
          11          15   5.70627451E-02   4.33750339E-02 -0.500000000    
          11          16  0.140625075      0.107318453     -0.500000000    
          11          17  0.186575562      0.143846050     -0.500000000    
          11          18  0.132827193      0.115703776     -0.500000000    
          11          19  0.149135441       6.19719140E-02 -0.500000000    
          11          20   9.07030031E-02   9.16785374E-03 -0.500000000    
          11          21  0.128724799      -2.67523937E-02 -0.500000000    
          11          22   9.61767361E-02  -4.30052914E-02 -0.500000000    
          11          23   6.86856881E-02  -4.82440367E-02 -0.500000000    
          11          24   7.68356677E-03  -3.56611535E-02 -0.500000000    
          11          25  0.125004500      -7.36497156E-03 -0.500000000    
          11          26  0.219438881       1.30402111E-02 -0.500000000    
          11          27  0.148172528       1.38074737E-02 -0.500000000    
          11          28  -1.49150807E-02  -3.47144622E-03 -0.500000000    
          11          29  -4.48236950E-02  -1.77181382E-02 -0.500000000    
          11          30   5.28432690E-02  -6.61785249E-03 -0.500000000    
          11          31  0.117485523       1.13087855E-02 -0.500000000    
          11          32  0.148054302       3.85542773E-02 -0.500000000    
          11          33  0.136510223       6.09126315E-02 -0.500000000    
          12           1  -4.69095707E-02   7.90851749E-03 -0.500000000    
          12           2  -5.80538809E-02   7.99104292E-03 -0.500000000    
          12           3  -5.66800162E-02   2.62681022E-03 -0.500000000    
          12           4  -8.22036117E-02   1.04842696E-03 -0.500000000    
          12           5   9.37458798E-02  -9.09979641E-03 -0.500000000    
          12           6  0.130101219       6.09615259E-03 -0.500000000    
          12           7  0.127966270       1.39795309E-02 -0.500000000    
          12           8  0.134833321       7.35284854E-03 -0.500000000    
          12           9  0.118160635      -2.44105868E-02 -0.500000000    
          12          10  0.158021569      -4.65455875E-02 -0.500000000    
          12          11  0.100895837      -4.98693511E-02 -0.500000000    
          12          12   1.25044556E-02  -2.61696484E-02 -0.500000000    
          12          13  0.124994941      -1.14067532E-02 -0.500000000    
          12          14   6.45986497E-02   1.16646774E-02 -0.500000000    
          12          15   8.93540084E-02   7.31343329E-02 -0.500000000    
          12          16  0.100414403      0.111094005     -0.500000000    
          12          17   7.04412386E-02  0.123614751     -0.500000000    
          12          18   4.31344472E-02  0.105787225     -0.500000000    
          12          19  0.112665236       6.93748221E-02 -0.500000000    
          12          20  0.121824123       2.53790785E-02 -0.500000000    
          12          21   4.30451240E-04   2.84201163E-03 -0.500000000    
          12          22  -5.02946302E-02  -2.25079674E-02 -0.500000000    
          12          23  -5.19558266E-02  -4.53168042E-02 -0.500000000    
          12          24  -3.63171771E-02  -4.63400818E-02 -0.500000000    
          12          25   6.43141270E-02  -1.83861852E-02 -0.500000000    
          12          26   8.71466771E-02   4.53541928E-04 -0.500000000    
          12          27   4.78908718E-02  -3.14032566E-03 -0.500000000    
          12          28   4.33847820E-03  -1.22785112E-02 -0.500000000    
          12          29  -9.91052985E-02  -8.54282733E-03 -0.500000000    
          12          30  -4.59751338E-02   1.21902190E-02 -0.500000000    
          12          31  -8.03073682E-03   2.94625293E-02 -0.500000000    
          12          32  -2.63321046E-02   5.95641993E-02 -0.500000000    
          12          33  -6.30749911E-02   8.13563019E-02 -0.500000000    
          13           1  -3.51571888E-02   5.18165454E-02 -0.500000000    
          13           2  -7.76096806E-02   5.15511930E-02 -0.500000000    
          13           3  -8.52419958E-02   4.44128662E-02 -0.500000000    
          13           4 -0.108796604       3.46944407E-02 -0.500000000    
          13           5   4.91554849E-03   6.45946944E-03 -0.500000000    
          13           6   8.97392407E-02  -2.23223306E-03 -0.500000000    
          13           7   8.77259001E-02   5.92602883E-03 -0.500000000    
          13           8   6.80387393E-02  -6.69153500E-03 -0.500000000    
          13           9  -6.04085252E-03  -4.30121459E-02 -0.500000000    
          13          10   5.99507689E-02  -5.83155602E-02 -0.500000000    
          13          11  0.128683701      -4.98109460E-02 -0.500000000    
          13          12  0.125082240      -1.14040989E-02 -0.500000000    
          13          13  -7.60660544E-02   1.79192983E-02 -0.500000000    
          13          14   1.21580996E-02   5.86029105E-02 -0.500000000    
          13          15   7.75040034E-03  0.119635083     -0.500000000    
          13          16   8.93087462E-02  0.143939584     -0.500000000    
          13          17  0.122048080      0.151076570     -0.500000000    
          13          18  0.108126044      0.142832741     -0.500000000    
          13          19  0.126707807      0.102260679     -0.500000000    
          13          20  -1.42706372E-02   5.84758632E-02 -0.500000000    
          13          21  -7.11282492E-02   3.58351134E-02 -0.500000000    
          13          22  -4.35029231E-02  -1.73416152E-03 -0.500000000    
          13          23  -4.14381288E-02  -2.89879106E-02 -0.500000000    
          13          24  -9.10891593E-02  -3.92211191E-02 -0.500000000    
          13          25  -1.56272110E-02  -2.02003028E-02 -0.500000000    
          13          26   8.26638713E-02   4.28264542E-03 -0.500000000    
          13          27  0.103658885      -4.40714927E-03 -0.500000000    
          13          28   5.16003780E-02  -1.65624339E-02 -0.500000000    
          13          29  -6.11551143E-02  -2.21608381E-04 -0.500000000    
          13          30   1.97559502E-02   2.53668539E-02 -0.500000000    
          13          31  0.103312962       5.21013439E-02 -0.500000000    
          13          32   5.24982587E-02   8.06633830E-02 -0.500000000    
          13          33   3.01295985E-02  0.106883332     -0.500000000    
          14           1   1.50407562E-02  0.105607040     -0.500000000    
          14           2   3.45806517E-02   9.83367190E-02 -0.500000000    
          14           3   2.92576142E-02   9.00495872E-02 -0.500000000    
          14           4  -2.50305459E-02   6.62605166E-02 -0.500000000    
          14           5  -3.21630463E-02   3.78477201E-02 -0.500000000    
          14           6   6.63884059E-02   1.53177716E-02 -0.500000000    
          14           7   7.01206401E-02   2.43164841E-02 -0.500000000    
          14           8   1.60272643E-02   1.54539198E-02 -0.500000000    
          14           9  -1.22597478E-02  -1.33199748E-02 -0.500000000    
          14          10  -2.08440935E-03  -2.81821806E-02 -0.500000000    
          14          11   1.38637070E-02  -2.38683466E-02 -0.500000000    
          14          12   6.45761564E-02   1.16749285E-02 -0.500000000    
          14          13   1.21697737E-02   5.86113706E-02 -0.500000000    
          14          14  0.170982882      0.106928006     -0.500000000    
          14          15   6.84965700E-02  0.151040554     -0.500000000    
          14          16  -2.81174760E-03  0.172474802     -0.500000000    
          14          17  -2.72467770E-02  0.178771809     -0.500000000    
          14          18  -1.65101085E-02  0.176090226     -0.500000000    
          14          19   8.59844610E-02  0.139330834     -0.500000000    
          14          20   1.83671676E-02   9.61773470E-02 -0.500000000    
          14          21   8.13629255E-02   7.78834745E-02 -0.500000000    
          14          22   4.50545177E-02   3.96983139E-02 -0.500000000    
          14          23  -5.71965910E-02   1.19583299E-02 -0.500000000    
          14          24  -4.23492119E-02   2.55529163E-03 -0.500000000    
          14          25  -4.72761281E-02   1.27557218E-02 -0.500000000    
          14          26  0.101987861       3.58989798E-02 -0.500000000    
          14          27  0.157058924       2.32241936E-02 -0.500000000    
          14          28   3.98210734E-02   9.36384220E-03 -0.500000000    
          14          29  -2.69964747E-02   2.28282083E-02 -0.500000000    
          14          30   2.64262818E-02   4.08469290E-02 -0.500000000    
          14          31  0.133826196       6.95169419E-02 -0.500000000    
          14          32  0.102585740      0.100411437     -0.500000000    
          14          33   9.54982415E-02  0.128523365     -0.500000000    
          15           1   5.35370223E-02  0.111148551     -0.500000000    
          15           2   6.13479279E-02  0.100679278     -0.500000000    
          15           3   9.25418958E-02   8.95395055E-02 -0.500000000    
          15           4   6.63845688E-02   5.01390584E-02 -0.500000000    
          15           5   7.27935974E-03   2.05158368E-02 -0.500000000    
          15           6   4.02509235E-03   1.14469056E-03 -0.500000000    
          15           7   6.78372830E-02   1.48062706E-02 -0.500000000    
          15           8  -4.50859312E-04   2.67236680E-02 -0.500000000    
          15           9   6.14103638E-02   3.48092280E-02 -0.500000000    
          15          10   4.80593555E-02   3.57612930E-02 -0.500000000    
          15          11   5.70306182E-02   4.33874130E-02 -0.500000000    
          15          12   8.93278793E-02   7.31488168E-02 -0.500000000    
          15          13   7.76170194E-03  0.119648948     -0.500000000    
          15          14   6.84287846E-02  0.151047975     -0.500000000    
          15          15   9.14831087E-02  0.171674982     -0.500000000    
          15          16  -3.92965972E-03  0.185830995     -0.500000000    
          15          17  -3.36595960E-02  0.188502058     -0.500000000    
          15          18   3.79370735E-03  0.186465040     -0.500000000    
          15          19   6.59297779E-02  0.169886723     -0.500000000    
          15          20   2.17526536E-02  0.141144961     -0.500000000    
          15          21   2.43353117E-02  0.112225525     -0.500000000    
          15          22   4.68829796E-02   9.93592292E-02 -0.500000000    
          15          23   7.00025633E-02   9.54673886E-02 -0.500000000    
          15          24   6.41764775E-02   8.74944106E-02 -0.500000000    
          15          25  -4.35629934E-02   7.01262727E-02 -0.500000000    
          15          26   7.28720203E-02   6.28517047E-02 -0.500000000    
          15          27  0.151312768       3.51249315E-02 -0.500000000    
          15          28   6.88992217E-02   6.29263557E-03 -0.500000000    
          15          29  -2.51780115E-02  -3.56270024E-03 -0.500000000    
          15          30  -1.71506479E-02   7.09820725E-03 -0.500000000    
          15          31   8.68990570E-02   3.44011709E-02 -0.500000000    
          15          32   3.40452977E-02   6.79391846E-02 -0.500000000    
          15          33   8.14069882E-02   9.11132917E-02 -0.500000000    
          16           1  0.117503956       9.35078263E-02 -0.500000000    
          16           2   3.65471020E-02   8.81696045E-02 -0.500000000    
          16           3  0.108380623       7.91365877E-02 -0.500000000    
          16           4  0.130639046       5.10546900E-02 -0.500000000    
          16           5  0.103685960       2.47607306E-02 -0.500000000    
          16           6   3.86773907E-02   1.07215531E-02 -0.500000000    
          16           7   6.17250204E-02   1.48967048E-02 -0.500000000    
          16           8  0.128744692       5.39648086E-02 -0.500000000    
          16           9  0.189148068      0.105156541     -0.500000000    
          16          10  0.172558621      0.116389856     -0.500000000    
          16          11  0.140635997      0.107339680     -0.500000000    
          16          12  0.100420773      0.111120902     -0.500000000    
          16          13   8.93702209E-02  0.143964738     -0.500000000    
          16          14  -2.79730093E-03  0.172491118     -0.500000000    
          16          15  -3.94662609E-03  0.185834065     -0.500000000    
          16          16  -4.76459637E-02  0.212302670     -0.500000000    
          16          17  -4.64917310E-02  0.219872653     -0.500000000    
          16          18  -8.89145210E-03  0.201141819     -0.500000000    
          16          19  -6.12332672E-02  0.181404099     -0.500000000    
          16          20   3.61027266E-03  0.162106797     -0.500000000    
          16          21   1.61473807E-02  0.121271446     -0.500000000    
          16          22   4.27550077E-02  0.127075613     -0.500000000    
          16          23  0.130401269      0.166841149     -0.500000000    
          16          24  0.197900951      0.187180400     -0.500000000    
          16          25  0.171398342      0.147396207     -0.500000000    
          16          26   8.01976696E-02   8.15037861E-02 -0.500000000    
          16          27   3.25500518E-02   3.26711051E-02 -0.500000000    
          16          28   4.84716967E-02  -4.62947926E-03 -0.500000000    
          16          29  -2.16703806E-02  -2.92517543E-02 -0.500000000    
          16          30  -7.11554289E-02  -2.72156298E-02 -0.500000000    
          16          31  -5.59886657E-02  -7.85078295E-03 -0.500000000    
          16          32 -0.123399802       1.79361124E-02 -0.500000000    
          16          33  -2.53337361E-02   3.38415727E-02 -0.500000000    
          17           1   3.40438038E-02   6.55643195E-02 -0.500000000    
          17           2 -0.122487172       6.29434586E-02 -0.500000000    
          17           3  -1.59673057E-02   5.35481498E-02 -0.500000000    
          17           4   4.32173051E-02   3.60991880E-02 -0.500000000    
          17           5   9.74026024E-02   8.52934737E-03 -0.500000000    
          17           6   3.82885933E-02   2.58359505E-04 -0.500000000    
          17           7   1.57175548E-02   2.60946527E-03 -0.500000000    
          17           8  0.318421364       7.40400180E-02 -0.500000000    
          17           9  0.368524492      0.161840543     -0.500000000    
          17          10  0.351285756      0.179200888     -0.500000000    
          17          11  0.186559528      0.143883616     -0.500000000    
          17          12   7.04639629E-02  0.123647586     -0.500000000    
          17          13  0.122117206      0.151107535     -0.500000000    
          17          14  -2.71987915E-02  0.178792536     -0.500000000    
          17          15  -3.36774401E-02  0.188504651     -0.500000000    
          17          16  -4.64817286E-02  0.219869688     -0.500000000    
          17          17 -0.102682605      0.227326170     -0.500000000    
          17          18  -6.24558963E-02  0.198394269     -0.500000000    
          17          19 -0.153600365      0.176395148     -0.500000000    
          17          20   7.71600241E-03  0.163229734     -0.500000000    
          17          21   1.49809255E-03  0.122396074     -0.500000000    
          17          22   1.08464947E-03  0.139881283     -0.500000000    
          17          23  0.147181273      0.200915530     -0.500000000    
          17          24  0.225293800      0.230273247     -0.500000000    
          17          25  0.301951736      0.180434063     -0.500000000    
          17          26  0.145122230       8.21080953E-02 -0.500000000    
          17          27   5.94810545E-02   2.95965895E-02 -0.500000000    
          17          28  0.116904922      -9.10959020E-03 -0.500000000    
          17          29   3.21940742E-02  -3.78299952E-02 -0.500000000    
          17          30  -4.67452258E-02  -3.99608091E-02 -0.500000000    
          17          31 -0.132104710      -2.69802287E-02 -0.500000000    
          17          32 -0.216610149      -1.21678440E-02 -0.500000000    
          17          33  -9.30736735E-02  -2.14252062E-03 -0.500000000    
          18           1  -9.69072357E-02   6.98027015E-02 -0.500000000    
          18           2 -0.177308530       6.68450147E-02 -0.500000000    
          18           3  -1.32343331E-02   5.53090274E-02 -0.500000000    
          18           4   6.14157021E-02   3.64451222E-02 -0.500000000    
          18           5   1.61678847E-02   8.41421168E-03 -0.500000000    
          18           6 -0.158008099      -3.99047945E-04 -0.500000000    
          18           7 -0.159987584       9.37651028E-04 -0.500000000    
          18           8  0.153139830       5.98539263E-02 -0.500000000    
          18           9  0.247070834      0.135636345     -0.500000000    
          18          10  0.235513434      0.147024527     -0.500000000    
          18          11  0.132791147      0.115746520     -0.500000000    
          18          12   4.31194156E-02  0.105828129     -0.500000000    
          18          13  0.108179361      0.142864689     -0.500000000    
          18          14  -1.64888017E-02  0.176105186     -0.500000000    
          18          15   3.73769039E-03  0.186461061     -0.500000000    
          18          16  -8.90893396E-03  0.201132774     -0.500000000    
          18          17  -6.24720827E-02  0.198389784     -0.500000000    
          18          18  -3.02636679E-02  0.182677090     -0.500000000    
          18          19 -0.118619591      0.170589805     -0.500000000    
          18          20  -6.05517533E-04  0.163086385     -0.500000000    
          18          21  -2.18375605E-02  0.126183227     -0.500000000    
          18          22   1.94001626E-02  0.125087976     -0.500000000    
          18          23  0.119642779      0.153625846     -0.500000000    
          18          24  0.137456104      0.163285092     -0.500000000    
          18          25  0.156692415      0.119558319     -0.500000000    
          18          26   1.55769810E-02   5.15691191E-02 -0.500000000    
          18          27  -2.23662239E-02   2.11481731E-02 -0.500000000    
          18          28   6.57153800E-02  -7.21937185E-03 -0.500000000    
          18          29   6.33171275E-02  -2.76603233E-02 -0.500000000    
          18          30   3.50488871E-02  -2.23802440E-02 -0.500000000    
          18          31  -2.87724566E-02  -2.91011296E-03 -0.500000000    
          18          32 -0.111480519       1.76687166E-02 -0.500000000    
          18          33  -1.76798385E-02   2.87905391E-02 -0.500000000    
          19           1   5.99895120E-02  0.112454258     -0.500000000    
          19           2  -2.01600455E-02  0.102249652     -0.500000000    
          19           3   5.49414270E-02   9.15723071E-02 -0.500000000    
          19           4  0.104032397       6.19882457E-02 -0.500000000    
          19           5   3.05072293E-02   3.01808845E-02 -0.500000000    
          19           6  -4.92668599E-02   6.73193019E-03 -0.500000000    
          19           7   6.49706833E-03   8.55167862E-03 -0.500000000    
          19           8   9.48941410E-02   3.88044566E-02 -0.500000000    
          19           9  0.242795810       8.18898007E-02 -0.500000000    
          19          10  0.171175450       7.86897764E-02 -0.500000000    
          19          11  0.149089634       6.19893484E-02 -0.500000000    
          19          12  0.112647839       6.94032088E-02 -0.500000000    
          19          13  0.126763731      0.102294020     -0.500000000    
          19          14   8.60135555E-02  0.139345914     -0.500000000    
          19          15   6.58966452E-02  0.169879258     -0.500000000    
          19          16  -6.12886511E-02  0.181382939     -0.500000000    
          19          17 -0.153693751      0.176375434     -0.500000000    
          19          18 -0.118642546      0.170581028     -0.500000000    
          19          19  -8.41057301E-02  0.149907187     -0.500000000    
          19          20   1.14093600E-02  0.124650143     -0.500000000    
          19          21   6.51318356E-02   8.99359062E-02 -0.500000000    
          19          22   7.29146302E-02   7.02288523E-02 -0.500000000    
          19          23   8.69583338E-02   8.15918371E-02 -0.500000000    
          19          24  0.164784297       9.24904644E-02 -0.500000000    
          19          25  0.164024636       6.05299994E-02 -0.500000000    
          19          26  0.104512900       2.46779453E-02 -0.500000000    
          19          27   6.00540377E-02   2.70926324E-03 -0.500000000    
          19          28   4.17504273E-02  -1.03678014E-02 -0.500000000    
          19          29   2.02690233E-02  -7.43812649E-03 -0.500000000    
          19          30   2.68489271E-02   1.67851690E-02 -0.500000000    
          19          31   2.32836977E-02   5.22232354E-02 -0.500000000    
          19          32  -7.59928674E-02   8.52386206E-02 -0.500000000    
          19          33  -1.13439383E-02  0.103612147     -0.500000000    
          20           1  0.112791955      0.129118785     -0.500000000    
          20           2   4.84561883E-02  0.115095809     -0.500000000    
          20           3   2.45235376E-02   9.88891870E-02 -0.500000000    
          20           4   7.44655505E-02   6.06857650E-02 -0.500000000    
          20           5   4.05957066E-02   2.18880437E-02 -0.500000000    
          20           6   8.91395509E-02  -1.46691464E-02 -0.500000000    
          20           7   9.01350528E-02  -8.96784198E-03 -0.500000000    
          20           8   8.59350339E-02   4.02695383E-04 -0.500000000    
          20           9  0.227663442       1.07273078E-02 -0.500000000    
          20          10  0.147095218       1.07177328E-02 -0.500000000    
          20          11   9.06661749E-02   9.19517968E-03 -0.500000000    
          20          12  0.121724539       2.53845509E-02 -0.500000000    
          20          13  -1.41977798E-02   5.84842227E-02 -0.500000000    
          20          14   1.84056424E-02   9.61914286E-02 -0.500000000    
          20          15   2.17409581E-02  0.141140044     -0.500000000    
          20          16   3.54174338E-03  0.162079558     -0.500000000    
          20          17   7.61450175E-03  0.163202450     -0.500000000    
          20          18  -6.48675137E-04  0.163075596     -0.500000000    
          20          19   1.13728559E-02  0.124648228     -0.500000000    
          20          20  -8.29232633E-02   6.68893903E-02 -0.500000000    
          20          21  -1.67357642E-02   3.36386263E-02 -0.500000000    
          20          22   2.55858246E-02   2.48853248E-02 -0.500000000    
          20          23   7.31537417E-02   3.00436355E-02 -0.500000000    
          20          24  0.118807741       2.34865174E-02 -0.500000000    
          20          25   2.92403009E-02   3.80756380E-03 -0.500000000    
          20          26   7.17130080E-02  -2.60811206E-03 -0.500000000    
          20          27   9.21430662E-02  -2.03433335E-02 -0.500000000    
          20          28  -9.17029381E-03  -3.11986804E-02 -0.500000000    
          20          29  -1.00718094E-02  -1.03388196E-02 -0.500000000    
          20          30   3.97902168E-03   2.20954474E-02 -0.500000000    
          20          31   3.86165492E-02   6.10559024E-02 -0.500000000    
          20          32  -2.33981479E-02   8.95383731E-02 -0.500000000    
          20          33   2.15436313E-02  0.108293854     -0.500000000    
          21           1  0.142561525       7.86618665E-02 -0.500000000    
          21           2  -1.43603953E-02   7.25213289E-02 -0.500000000    
          21           3  -7.67794326E-02   5.75703755E-02 -0.500000000    
          21           4   3.47849317E-02   3.56395356E-02 -0.500000000    
          21           5  0.142318517       6.10693777E-03 -0.500000000    
          21           6  0.212751836      -1.49705466E-02 -0.500000000    
          21           7  0.137899563      -1.15611311E-02 -0.500000000    
          21           8  0.123739995      -2.12343875E-02 -0.500000000    
          21           9  0.297568828      -3.37834582E-02 -0.500000000    
          21          10  0.286209166      -3.23633067E-02 -0.500000000    
          21          11  0.128775954      -2.67139301E-02 -0.500000000    
          21          12   4.62288968E-04   2.85932282E-03 -0.500000000    
          21          13  -7.12276921E-02   3.58282328E-02 -0.500000000    
          21          14   8.14057812E-02   7.78833404E-02 -0.500000000    
          21          15   2.43185777E-02  0.112229459     -0.500000000    
          21          16   1.60843227E-02  0.121251702     -0.500000000    
          21          17   1.44004740E-03  0.122374289     -0.500000000    
          21          18  -2.18528770E-02  0.126178622     -0.500000000    
          21          19   6.51311055E-02   8.99393857E-02 -0.500000000    
          21          20  -1.67351365E-02   3.36408690E-02 -0.500000000    
          21          21  -1.38275027E-02   2.32430696E-02 -0.500000000    
          21          22   2.55542174E-02   9.20546614E-03 -0.500000000    
          21          23   6.98607117E-02  -4.79929877E-04 -0.500000000    
          21          24  0.149351254      -1.35739530E-02 -0.500000000    
          21          25   3.21657658E-02  -1.83781963E-02 -0.500000000    
          21          26   9.28034559E-02  -1.20556131E-02 -0.500000000    
          21          27  0.118802160      -2.90482882E-02 -0.500000000    
          21          28   4.37308103E-02  -4.57127169E-02 -0.500000000    
          21          29  -7.17959106E-02  -2.68284343E-02 -0.500000000    
          21          30 -0.111435883       5.00374613E-03 -0.500000000    
          21          31  -5.31178527E-02   3.98272239E-02 -0.500000000    
          21          32  -5.61044551E-02   6.45092502E-02 -0.500000000    
          21          33   9.24410205E-03   8.60986263E-02 -0.500000000    
          22           1  0.101911798       5.06749339E-02 -0.500000000    
          22           2  -3.26935649E-02   4.21581417E-02 -0.500000000    
          22           3  -4.53452766E-02   2.19713524E-02 -0.500000000    
          22           4   3.81630175E-02   7.59294303E-03 -0.500000000    
          22           5  0.245819688      -4.52403119E-03 -0.500000000    
          22           6  0.290269405       6.01207651E-03 -0.500000000    
          22           7  0.236774415       1.34015437E-02 -0.500000000    
          22           8  0.198724076      -1.13908444E-02 -0.500000000    
          22           9  0.327435166      -4.33974937E-02 -0.500000000    
          22          10  0.351685554      -4.91507873E-02 -0.500000000    
          22          11   9.62124541E-02  -4.29657958E-02 -0.500000000    
          22          12  -5.02480194E-02  -2.24814229E-02 -0.500000000    
          22          13  -4.35003117E-02  -1.72066060E-03 -0.500000000    
          22          14   4.50810567E-02   3.97028327E-02 -0.500000000    
          22          15   4.68908548E-02   9.93744284E-02 -0.500000000    
          22          16   4.26962934E-02  0.127078056     -0.500000000    
          22          17   1.05725275E-03  0.139869690     -0.500000000    
          22          18   1.94269046E-02  0.125085637     -0.500000000    
          22          19   7.29386136E-02   7.02325851E-02 -0.500000000    
          22          20   2.55794469E-02   2.48898342E-02 -0.500000000    
          22          21   2.55549550E-02   9.21026338E-03 -0.500000000    
          22          22   6.62642047E-02   2.24447972E-03 -0.500000000    
          22          23   7.56573156E-02  -1.52384397E-02 -0.500000000    
          22          24   8.98618475E-02  -4.00076136E-02 -0.500000000    
          22          25   6.83659762E-02  -3.44694778E-02 -0.500000000    
          22          26  0.184840336      -2.88772350E-03 -0.500000000    
          22          27  0.182333410       5.04279044E-03 -0.500000000    
          22          28   8.91665518E-02  -2.76496517E-03 -0.500000000    
          22          29  -2.24995241E-02   1.17087713E-03 -0.500000000    
          22          30  -1.64297111E-02   2.38247756E-02 -0.500000000    
          22          31   9.89852101E-03   4.31591533E-02 -0.500000000    
          22          32  -4.04276066E-02   6.68858662E-02 -0.500000000    
          22          33  -1.44788986E-02   8.39690641E-02 -0.500000000    
          23           1   9.65988412E-02   3.98765020E-02 -0.500000000    
          23           2   8.51415023E-02   2.98979953E-02 -0.500000000    
          23           3   7.15862811E-02   1.60190910E-02 -0.500000000    
          23           4   4.25978377E-02   3.54013126E-03 -0.500000000    
          23           5  0.115375370       4.40795533E-03 -0.500000000    
          23           6  0.181965277       1.77087653E-02 -0.500000000    
          23           7  0.110558391       1.40812090E-02 -0.500000000    
          23           8   4.15247828E-02  -4.78517031E-03 -0.500000000    
          23           9  0.160001770      -3.22776213E-02 -0.500000000    
          23          10  0.235003158      -4.39375788E-02 -0.500000000    
          23          11   6.86305165E-02  -4.82112914E-02 -0.500000000    
          23          12  -5.19331992E-02  -4.53002006E-02 -0.500000000    
          23          13  -4.14071456E-02  -2.89711971E-02 -0.500000000    
          23          14  -5.71476370E-02   1.19847674E-02 -0.500000000    
          23          15   7.00231567E-02   9.54891816E-02 -0.500000000    
          23          16  0.130420968      0.166863009     -0.500000000    
          23          17  0.147153154      0.200918451     -0.500000000    
          23          18  0.119636551      0.153622374     -0.500000000    
          23          19   8.69642273E-02   8.15868452E-02 -0.500000000    
          23          20   7.31228814E-02   3.00441347E-02 -0.500000000    
          23          21   6.98297322E-02  -4.72023123E-04 -0.500000000    
          23          22   7.56698176E-02  -1.52364280E-02 -0.500000000    
          23          23  0.218178093      -3.99370939E-02 -0.500000000    
          23          24  0.143292487      -5.61672114E-02 -0.500000000    
          23          25   8.40449333E-02  -3.41834500E-02 -0.500000000    
          23          26  0.190177888       1.31954197E-02 -0.500000000    
          23          27  0.281019568       3.96409743E-02 -0.500000000    
          23          28  0.238667503       3.90654169E-02 -0.500000000    
          23          29  0.108467326       2.28965189E-02 -0.500000000    
          23          30   3.02760843E-02   2.97246799E-02 -0.500000000    
          23          31   3.97085622E-02   3.89467999E-02 -0.500000000    
          23          32   1.63729917E-02   5.80503903E-02 -0.500000000    
          23          33   4.93490174E-02   7.06117824E-02 -0.500000000    
          24           1  0.214314565       4.99045104E-02 -0.500000000    
          24           2  0.249439806       4.43356149E-02 -0.500000000    
          24           3  0.243612751       3.22687812E-02 -0.500000000    
          24           4  0.147225276       2.34230459E-02 -0.500000000    
          24           5  0.205799520       2.91195158E-02 -0.500000000    
          24           6  0.182795078       2.54955757E-02 -0.500000000    
          24           7   7.35292658E-02   1.09260334E-02 -0.500000000    
          24           8   8.86797905E-04  -5.28909452E-03 -0.500000000    
          24           9   8.10033455E-02  -1.83011740E-02 -0.500000000    
          24          10  0.117986582      -2.66401786E-02 -0.500000000    
          24          11   7.47210253E-03  -3.56326252E-02 -0.500000000    
          24          12  -3.64639647E-02  -4.63380143E-02 -0.500000000    
          24          13  -9.11090225E-02  -3.92191112E-02 -0.500000000    
          24          14  -4.22296226E-02   2.57243915E-03 -0.500000000    
          24          15   6.41991645E-02   8.75208378E-02 -0.500000000    
          24          16  0.197949886      0.187204272     -0.500000000    
          24          17  0.225292251      0.230291083     -0.500000000    
          24          18  0.137437224      0.163283810     -0.500000000    
          24          19  0.164750040       9.24833938E-02 -0.500000000    
          24          20  0.118779376       2.34845392E-02 -0.500000000    
          24          21  0.149356410      -1.35760494E-02 -0.500000000    
          24          22   8.99128988E-02  -4.00230922E-02 -0.500000000    
          24          23  0.143312544      -5.61819971E-02 -0.500000000    
          24          24   4.94840816E-02  -6.09593354E-02 -0.500000000    
          24          25  -2.67928187E-02  -2.89867260E-02 -0.500000000    
          24          26  0.131897643       1.96222123E-02 -0.500000000    
          24          27  0.241450161       4.21702452E-02 -0.500000000    
          24          28  0.165923461       5.04552908E-02 -0.500000000    
          24          29  -2.43913978E-02   4.14279215E-02 -0.500000000    
          24          30  -5.63082546E-02   4.35387418E-02 -0.500000000    
          24          31  -1.51275173E-02   6.13685735E-02 -0.500000000    
          24          32  -6.63175248E-03   7.63678625E-02 -0.500000000    
          24          33  -6.37220889E-02   9.13443193E-02 -0.500000000    
          25           1  0.309419453       8.65165591E-02 -0.500000000    
          25           2  0.360464007       7.91285336E-02 -0.500000000    
          25           3  0.399990559       5.81391081E-02 -0.500000000    
          25           4  0.288320750       4.31333482E-02 -0.500000000    
          25           5  0.253830492       3.29363681E-02 -0.500000000    
          25           6  0.146626726       2.09407415E-02 -0.500000000    
          25           7  0.195750892       2.71715852E-03 -0.500000000    
          25           8  0.149079174      -9.58970841E-03 -0.500000000    
          25           9  0.135226086      -8.80575459E-03 -0.500000000    
          25          10  0.156502634       2.40064203E-03 -0.500000000    
          25          11  0.124822915      -7.33421789E-03 -0.500000000    
          25          12   6.41423538E-02  -1.83851309E-02 -0.500000000    
          25          13  -1.57631617E-02  -2.02179085E-02 -0.500000000    
          25          14  -4.72847745E-02   1.27560273E-02 -0.500000000    
          25          15  -4.34956849E-02   7.01458752E-02 -0.500000000    
          25          16  0.171404138      0.147409886     -0.500000000    
          25          17  0.301979482      0.180452093     -0.500000000    
          25          18  0.156697199      0.119560078     -0.500000000    
          25          19  0.164028078       6.05272688E-02 -0.500000000    
          25          20   2.92320959E-02   3.79967736E-03 -0.500000000    
          25          21   3.21595930E-02  -1.84051711E-02 -0.500000000    
          25          22   6.83128983E-02  -3.45059782E-02 -0.500000000    
          25          23   8.39852691E-02  -3.42092589E-02 -0.500000000    
          25          24  -2.67856307E-02  -2.89953724E-02 -0.500000000    
          25          25   3.10766101E-02  -7.52632623E-04 -0.500000000    
          25          26  0.124370977       2.55893189E-02 -0.500000000    
          25          27  -8.25077854E-03   3.08892597E-02 -0.500000000    
          25          28  -1.80216413E-02   2.94624940E-02 -0.500000000    
          25          29   4.44419533E-02   2.92285997E-02 -0.500000000    
          25          30   8.03033933E-02   4.15855683E-02 -0.500000000    
          25          31  0.132833630       7.23956823E-02 -0.500000000    
          25          32   9.47250500E-02  0.100439824     -0.500000000    
          25          33   5.60241044E-02  0.115045927     -0.500000000    
          26           1  0.418915629      0.130502626     -0.500000000    
          26           2  0.293199271       9.63474810E-02 -0.500000000    
          26           3  0.365838468       6.91788495E-02 -0.500000000    
          26           4  0.361750603       5.21623492E-02 -0.500000000    
          26           5  0.280450404       3.62849273E-02 -0.500000000    
          26           6  0.209388673       2.14871727E-02 -0.500000000    
          26           7  0.320401639       3.00891465E-03 -0.500000000    
          26           8  0.297301024      -6.18624035E-03 -0.500000000    
          26           9  0.207510859      -2.84780283E-03 -0.500000000    
          26          10  0.211608931       1.56201394E-02 -0.500000000    
          26          11  0.219468638       1.30587090E-02 -0.500000000    
          26          12   8.70102867E-02   4.55575966E-04 -0.500000000    
          26          13   8.24500918E-02   4.26676823E-03 -0.500000000    
          26          14  0.101929054       3.58977504E-02 -0.500000000    
          26          15   7.29332492E-02   6.28630519E-02 -0.500000000    
          26          16   8.01585242E-02   8.15133676E-02 -0.500000000    
          26          17  0.145128384       8.21118504E-02 -0.500000000    
          26          18   1.56066995E-02   5.15685678E-02 -0.500000000    
          26          19  0.104549251       2.46731825E-02 -0.500000000    
          26          20   7.16888383E-02  -2.62830593E-03 -0.500000000    
          26          21   9.27309766E-02  -1.20962318E-02 -0.500000000    
          26          22  0.184814617      -2.92512868E-03 -0.500000000    
          26          23  0.190162122       1.31701110E-02 -0.500000000    
          26          24  0.131907046       1.96322165E-02 -0.500000000    
          26          25  0.124287717       2.56070588E-02 -0.500000000    
          26          26  0.180503756       2.42886432E-02 -0.500000000    
          26          27  0.331392467       1.94215793E-02 -0.500000000    
          26          28  -1.04567967E-03   1.26114665E-02 -0.500000000    
          26          29  -4.19447534E-02   1.05877388E-02 -0.500000000    
          26          30   7.94602633E-02   2.50542760E-02 -0.500000000    
          26          31  0.162161797       6.57615513E-02 -0.500000000    
          26          32  0.131604731      0.108715944     -0.500000000    
          26          33   3.29333842E-02  0.135085180     -0.500000000    
          27           1  0.481485873      0.171683669     -0.500000000    
          27           2   5.95790222E-02  0.116421901     -0.500000000    
          27           3   5.76831438E-02   6.64345995E-02 -0.500000000    
          27           4  0.141919985       3.46268602E-02 -0.500000000    
          27           5  0.268552542       1.98617186E-02 -0.500000000    
          27           6  0.296907157       2.01758016E-02 -0.500000000    
          27           7  0.237402722       1.08737946E-02 -0.500000000    
          27           8  0.254346311       5.12178987E-03 -0.500000000    
          27           9  0.240546286       4.79052495E-03 -0.500000000    
          27          10  0.186427221       9.20437369E-03 -0.500000000    
          27          11  0.148350507       1.38100069E-02 -0.500000000    
          27          12   4.77556773E-02  -3.14650638E-03 -0.500000000    
          27          13  0.103476211      -4.41187108E-03 -0.500000000    
          27          14  0.157044932       2.32339520E-02 -0.500000000    
          27          15  0.151366085       3.51394266E-02 -0.500000000    
          27          16   3.25480066E-02   3.26844193E-02 -0.500000000    
          27          17   5.94420545E-02   2.95875948E-02 -0.500000000    
          27          18  -2.23655142E-02   2.11407524E-02 -0.500000000    
          27          19   6.00530766E-02   2.69644521E-03 -0.500000000    
          27          20   9.20796096E-02  -2.03721523E-02 -0.500000000    
          27          21  0.118732989      -2.90870909E-02 -0.500000000    
          27          22  0.182370991       5.01734018E-03 -0.500000000    
          27          23  0.280993938       3.96424904E-02 -0.500000000    
          27          24  0.241370589       4.22062427E-02 -0.500000000    
          27          25  -8.43787193E-03   3.08953989E-02 -0.500000000    
          27          26  0.331543624       1.94282606E-02 -0.500000000    
          27          27  0.375495046       1.53731108E-02 -0.500000000    
          27          28  0.122694656       2.94403033E-03 -0.500000000    
          27          29  -3.71066406E-02   4.79375152E-03 -0.500000000    
          27          30  -3.89960594E-02   2.86069065E-02 -0.500000000    
          27          31   3.13385613E-02   7.36369267E-02 -0.500000000    
          27          32  -4.71748933E-02  0.134596303     -0.500000000    
          27          33   4.89600934E-02  0.165806785     -0.500000000    
          28           1  0.529785454      0.215406060     -0.500000000    
          28           2   6.56962916E-02  0.147040427     -0.500000000    
          28           3 -0.142225370       7.77072012E-02 -0.500000000    
          28           4  -2.48083305E-02   2.95213964E-02 -0.500000000    
          28           5  0.103996359      -1.09945436E-03 -0.500000000    
          28           6  0.117573470      -2.86834384E-03 -0.500000000    
          28           7  -4.90076933E-03   4.17082757E-03 -0.500000000    
          28           8   7.88993984E-02   3.14851780E-03 -0.500000000    
          28           9  0.145707652       1.80342107E-03 -0.500000000    
          28          10   8.55507776E-02  -6.28533831E-04 -0.500000000    
          28          11  -1.48161110E-02  -3.48075433E-03 -0.500000000    
          28          12   4.20375681E-03  -1.22939609E-02 -0.500000000    
          28          13   5.15140370E-02  -1.65635925E-02 -0.500000000    
          28          14   3.98596302E-02   9.38517507E-03 -0.500000000    
          28          15   6.89705238E-02   6.31924812E-03 -0.500000000    
          28          16   4.85380404E-02  -4.60878294E-03 -0.500000000    
          28          17  0.116810776      -9.12079774E-03 -0.500000000    
          28          18   6.56652376E-02  -7.23228604E-03 -0.500000000    
          28          19   4.17183116E-02  -1.03883585E-02 -0.500000000    
          28          20  -9.27394535E-03  -3.12337279E-02 -0.500000000    
          28          21   4.36564535E-02  -4.57446054E-02 -0.500000000    
          28          22   8.92091915E-02  -2.76821852E-03 -0.500000000    
          28          23  0.238563269       3.90935317E-02 -0.500000000    
          28          24  0.165721193       5.04890345E-02 -0.500000000    
          28          25  -1.78312007E-02   2.94591989E-02 -0.500000000    
          28          26  -9.81351361E-04   1.26261236E-02 -0.500000000    
          28          27  0.122811921       2.95730168E-03 -0.500000000    
          28          28  0.101946063       1.27714709E-03 -0.500000000    
          28          29  -4.73526306E-04   2.07280759E-02 -0.500000000    
          28          30  -5.15902340E-02   5.11452369E-02 -0.500000000    
          28          31 -0.172420233       9.87491682E-02 -0.500000000    
          28          32   4.78234375E-03  0.129495978     -0.500000000    
          28          33  0.332563430      0.170057699     -0.500000000    
          29           1  0.556909680      0.243270606     -0.500000000    
          29           2  0.264843524      0.195407733     -0.500000000    
          29           3  -8.19148868E-02  0.106231526     -0.500000000    
          29           4  -5.91041110E-02   5.06449752E-02 -0.500000000    
          29           5  -4.16565947E-02   1.13529647E-02 -0.500000000    
          29           6 -0.139617786      -1.19897928E-02 -0.500000000    
          29           7   6.12391206E-03   3.81737924E-03 -0.500000000    
          29           8   8.60962346E-02   1.09999012E-02 -0.500000000    
          29           9   7.20338598E-02   2.32652714E-03 -0.500000000    
          29          10  -7.09501058E-02  -1.46118701E-02 -0.500000000    
          29          11  -4.48729210E-02  -1.77289788E-02 -0.500000000    
          29          12  -9.92338732E-02  -8.56807455E-03 -0.500000000    
          29          13  -6.11798093E-02  -2.27527111E-04 -0.500000000    
          29          14  -2.69400086E-02   2.28515435E-02 -0.500000000    
          29          15  -2.50752177E-02  -3.52953328E-03 -0.500000000    
          29          16  -2.15672068E-02  -2.92269550E-02 -0.500000000    
          29          17   3.21010910E-02  -3.78357731E-02 -0.500000000    
          29          18   6.32580519E-02  -2.76766215E-02 -0.500000000    
          29          19   2.02177875E-02  -7.46613881E-03 -0.500000000    
          29          20  -1.01524200E-02  -1.03811594E-02 -0.500000000    
          29          21  -7.18787089E-02  -2.68526897E-02 -0.500000000    
          29          22  -2.25136448E-02   1.18256349E-03 -0.500000000    
          29          23  0.108386338       2.29276437E-02 -0.500000000    
          29          24  -2.45821364E-02   4.14420478E-02 -0.500000000    
          29          25   4.45183106E-02   2.92338673E-02 -0.500000000    
          29          26  -4.19121385E-02   1.06020691E-02 -0.500000000    
          29          27  -3.69132236E-02   4.80726128E-03 -0.500000000    
          29          28  -4.35552094E-04   2.07324270E-02 -0.500000000    
          29          29   7.69539410E-03   5.23356833E-02 -0.500000000    
          29          30  -5.38805760E-02   9.84341428E-02 -0.500000000    
          29          31  -7.92841315E-02  0.130963698     -0.500000000    
          29          32  -5.02218306E-02  0.167920932     -0.500000000    
          29          33  0.246377990      0.193648905     -0.500000000    
          30           1  0.684147656      0.258244783     -0.500000000    
          30           2  0.570666373      0.235665813     -0.500000000    
          30           3  0.172107667      0.156312928     -0.500000000    
          30           4  -1.77164711E-02   9.41604376E-02 -0.500000000    
          30           5 -0.104135558       5.21496907E-02 -0.500000000    
          30           6  -8.29937384E-02   2.03804299E-02 -0.500000000    
          30           7  0.169439837       1.85467899E-02 -0.500000000    
          30           8  0.174914747       2.12768130E-02 -0.500000000    
          30           9   1.85254235E-02  -6.23433851E-04 -0.500000000    
          30          10  -3.22206169E-02  -1.89710483E-02 -0.500000000    
          30          11   5.27625009E-02  -6.62291469E-03 -0.500000000    
          30          12  -4.61708456E-02   1.21590178E-02 -0.500000000    
          30          13   1.97260287E-02   2.53536403E-02 -0.500000000    
          30          14   2.65022684E-02   4.08615991E-02 -0.500000000    
          30          15  -1.70431975E-02   7.12418510E-03 -0.500000000    
          30          16  -7.10806102E-02  -2.71961801E-02 -0.500000000    
          30          17  -4.68527861E-02  -3.99607755E-02 -0.500000000    
          30          18   3.49656828E-02  -2.23984029E-02 -0.500000000    
          30          19   2.67761946E-02   1.67516619E-02 -0.500000000    
          30          20   3.96619365E-03   2.20457315E-02 -0.500000000    
          30          21 -0.111473538       4.98276856E-03 -0.500000000    
          30          22  -1.63820945E-02   2.38311999E-02 -0.500000000    
          30          23   3.01964954E-02   2.97509059E-02 -0.500000000    
          30          24  -5.63841537E-02   4.35306951E-02 -0.500000000    
          30          25   8.01964104E-02   4.15934250E-02 -0.500000000    
          30          26   7.94916451E-02   2.50591896E-02 -0.500000000    
          30          27  -3.88678275E-02   2.86041331E-02 -0.500000000    
          30          28  -5.13165295E-02   5.11382148E-02 -0.500000000    
          30          29  -5.37984483E-02   9.84252319E-02 -0.500000000    
          30          30   8.21161345E-02  0.138356254     -0.500000000    
          30          31  -8.54616426E-03  0.177162230     -0.500000000    
          30          32 -0.109673575      0.200367793     -0.500000000    
          30          33   4.79833260E-02  0.204499379     -0.500000000    
          31           1  0.767273784      0.282128870     -0.500000000    
          31           2  0.583947480      0.253656477     -0.500000000    
          31           3  0.134314358      0.196552262     -0.500000000    
          31           4   2.71018241E-02  0.147577316     -0.500000000    
          31           5  -8.32330994E-03  0.103407353     -0.500000000    
          31           6  -5.16150147E-03   6.45207539E-02 -0.500000000    
          31           7  0.168633536       4.09346558E-02 -0.500000000    
          31           8  0.180369586       3.38692144E-02 -0.500000000    
          31           9   5.94719723E-02   1.58461407E-02 -0.500000000    
          31          10   3.01243924E-02   2.83041410E-03 -0.500000000    
          31          11  0.117415838       1.13095883E-02 -0.500000000    
          31          12  -8.15944839E-03   2.94337738E-02 -0.500000000    
          31          13  0.103268810       5.20833507E-02 -0.500000000    
          31          14  0.133873522       6.95136264E-02 -0.500000000    
          31          15   8.69683325E-02   3.44108380E-02 -0.500000000    
          31          16  -5.59404902E-02  -7.84418918E-03 -0.500000000    
          31          17 -0.132211953      -2.69826092E-02 -0.500000000    
          31          18  -2.88512968E-02  -2.93196156E-03 -0.500000000    
          31          19   2.32485514E-02   5.21897450E-02 -0.500000000    
          31          20   3.86500768E-02   6.10054471E-02 -0.500000000    
          31          21  -5.30997775E-02   3.98027673E-02 -0.500000000    
          31          22   9.98263992E-03   4.31533903E-02 -0.500000000    
          31          23   3.95578854E-02   3.89654823E-02 -0.500000000    
          31          24  -1.51221175E-02   6.13544136E-02 -0.500000000    
          31          25  0.132745683       7.23988339E-02 -0.500000000    
          31          26  0.162285611       6.57589734E-02 -0.500000000    
          31          27   3.14444900E-02   7.36173913E-02 -0.500000000    
          31          28 -0.171975970       9.87217352E-02 -0.500000000    
          31          29  -7.88761079E-02  0.130933911     -0.500000000    
          31          30  -8.41278955E-03  0.177132353     -0.500000000    
          31          31  -4.25327644E-02  0.206586853     -0.500000000    
          31          32  -4.19955477E-02  0.208497286     -0.500000000    
          31          33  -4.16957960E-02  0.218886122     -0.500000000    
          32           1  0.389491975      0.262504190     -0.500000000    
          32           2  0.307863086      0.240000099     -0.500000000    
          32           3  0.146662742      0.212322310     -0.500000000    
          32           4   8.61427262E-02  0.187414840     -0.500000000    
          32           5  0.107069686      0.147287160     -0.500000000    
          32           6   2.03426573E-02  0.100878082     -0.500000000    
          32           7  -1.28763355E-03   7.13434219E-02 -0.500000000    
          32           8   4.95622829E-02   6.45188242E-02 -0.500000000    
          32           9   5.19377142E-02   3.95710059E-02 -0.500000000    
          32          10   4.81187515E-02   2.23161578E-02 -0.500000000    
          32          11  0.148070052       3.85631993E-02 -0.500000000    
          32          12  -2.63151936E-02   5.95466010E-02 -0.500000000    
          32          13   5.24764918E-02   8.06466490E-02 -0.500000000    
          32          14  0.102596961      0.100392297     -0.500000000    
          32          15   3.40619646E-02   6.79312050E-02 -0.500000000    
          32          16 -0.123357408       1.79295819E-02 -0.500000000    
          32          17 -0.216690525      -1.21768387E-02 -0.500000000    
          32          18 -0.111547068       1.76451448E-02 -0.500000000    
          32          19  -7.59926587E-02   8.52117464E-02 -0.500000000    
          32          20  -2.33853944E-02   8.94919485E-02 -0.500000000    
          32          21  -5.61239123E-02   6.44800738E-02 -0.500000000    
          32          22  -4.04055901E-02   6.68693632E-02 -0.500000000    
          32          23   1.61191300E-02   5.80671951E-02 -0.500000000    
          32          24  -6.49872562E-03   7.63569772E-02 -0.500000000    
          32          25   9.47303772E-02  0.100443818     -0.500000000    
          32          26  0.131831124      0.108712509     -0.500000000    
          32          27  -4.69176322E-02  0.134582266     -0.500000000    
          32          28   5.27230557E-03  0.129480928     -0.500000000    
          32          29  -4.95426245E-02  0.167890608     -0.500000000    
          32          30 -0.109106414      0.200319678     -0.500000000    
          32          31  -4.17488478E-02  0.208471313     -0.500000000    
          32          32  -7.04919249E-02  0.206971645     -0.500000000    
          32          33 -0.105377153      0.213513583     -0.500000000    
          33           1   8.58420953E-02  0.236018807     -0.500000000    
          33           2  0.129607424      0.230201423     -0.500000000    
          33           3  0.143862307      0.219098330     -0.500000000    
          33           4  0.133907259      0.190520704     -0.500000000    
          33           5  0.253000557      0.161425695     -0.500000000    
          33           6  0.104724787      0.124338955     -0.500000000    
          33           7  -1.11518297E-02  0.100396611     -0.500000000    
          33           8  -2.85496730E-02   9.47419107E-02 -0.500000000    
          33           9  -5.71155921E-02   5.62422089E-02 -0.500000000    
          33          10   3.23064346E-03   3.95933613E-02 -0.500000000    
          33          11  0.136562094       6.09284192E-02 -0.500000000    
          33          12  -6.30106851E-02   8.13481063E-02 -0.500000000    
          33          13   3.00962552E-02  0.106868811     -0.500000000    
          33          14   9.54745784E-02  0.128496245     -0.500000000    
          33          15   8.13551247E-02   9.10941735E-02 -0.500000000    
          33          16  -2.53329128E-02   3.38268429E-02 -0.500000000    
          33          17  -9.31846797E-02  -2.15565437E-03 -0.500000000    
          33          18  -1.77638233E-02   2.87691522E-02 -0.500000000    
          33          19  -1.13605261E-02  0.103593022     -0.500000000    
          33          20   2.15039738E-02  0.108251564     -0.500000000    
          33          21   9.15170461E-03   8.60664323E-02 -0.500000000    
          33          22  -1.45392604E-02   8.39470923E-02 -0.500000000    
          33          23   4.90150936E-02   7.06332475E-02 -0.500000000    
          33          24  -6.34765923E-02   9.13382918E-02 -0.500000000    
          33          25   5.61005138E-02  0.115054578     -0.500000000    
          33          26   3.31325643E-02  0.135083482     -0.500000000    
          33          27   4.94255945E-02  0.165818483     -0.500000000    
          33          28  0.333320826      0.170089021     -0.500000000    
          33          29  0.247211620      0.193673819     -0.500000000    
          33          30   4.88272645E-02  0.204464525     -0.500000000    
          33          31  -4.11958210E-02  0.218832761     -0.500000000    
          33          32 -0.105471425      0.213493049     -0.500000000    
          33          33  -3.35229337E-02  0.193171203     -0.500000000    
