           1           1 -0.181567326      0.120923102     -0.500000000    
           1           2 -0.195789680       6.08938448E-02 -0.500000000    
           1           3  -2.74246447E-02   1.54428063E-02 -0.500000000    
           1           4   7.29366913E-02  -5.43066766E-03 -0.500000000    
           1           5  0.181379065      -3.18236984E-02 -0.500000000    
           1           6  0.188431531      -3.90793718E-02 -0.500000000    
           1           7  0.258484572      -3.00442707E-02 -0.500000000    
           1           8  0.471943736       3.90833244E-03 -0.500000000    
           1           9  0.472823709       1.34039037E-02 -0.500000000    
           1          10  0.428249836       3.49290743E-02 -0.500000000    
           1          11  0.362857282       7.14644119E-02 -0.500000000    
           1          12  0.255070776       7.17726499E-02 -0.500000000    
           1          13  0.137550801       6.04175404E-02 -0.500000000    
           1          14  0.203850433       4.07284983E-02 -0.500000000    
           1          15  0.109786779       4.47314456E-02 -0.500000000    
           1          16  0.177200735       9.55842957E-02 -0.500000000    
           1          17  0.211822256      0.130898267     -0.500000000    
           1          18   1.39980521E-02  0.113042019     -0.500000000    
           1          19   9.08870995E-02   5.07198125E-02 -0.500000000    
           1          20  0.298518747       3.45300809E-02 -0.500000000    
           1          21  0.304224700       4.30230349E-02 -0.500000000    
           1          22  0.289507776      0.116768040     -0.500000000    
           1          23  0.129682228      0.163852006     -0.500000000    
           1          24  -9.42823663E-02  0.181774735     -0.500000000    
           1          25 -0.181690633      0.180638850     -0.500000000    
           1          26  -2.40572821E-02  0.157131881     -0.500000000    
           1          27  0.156766087      0.122392915     -0.500000000    
           1          28  0.235503763      0.108040601     -0.500000000    
           1          29  0.318614185      0.101808220     -0.500000000    
           1          30  0.333728999      0.115770571     -0.500000000    
           1          31  0.242522955      0.136756659     -0.500000000    
           1          32  0.402405232      0.184348270     -0.500000000    
           1          33  0.860045254      0.241741672     -0.500000000    
           2           1 -0.195268393       6.08410463E-02 -0.500000000    
           2           2 -0.141058132       2.57399213E-02 -0.500000000    
           2           3   1.96845885E-02   1.67882175E-03 -0.500000000    
           2           4  0.249472976      -2.17879284E-03 -0.500000000    
           2           5  0.274918616      -9.43643798E-04 -0.500000000    
           2           6  0.205580130      -1.46596134E-02 -0.500000000    
           2           7  0.235885322      -1.30555751E-02 -0.500000000    
           2           8  0.333054453       4.00015200E-03 -0.500000000    
           2           9  0.399785072       2.00627744E-02 -0.500000000    
           2          10  0.343907267       4.69149277E-02 -0.500000000    
           2          11  0.235130325       8.20756480E-02 -0.500000000    
           2          12  0.133321986       7.60314539E-02 -0.500000000    
           2          13   4.18838933E-02   5.54760061E-02 -0.500000000    
           2          14  0.146149427       2.94537786E-02 -0.500000000    
           2          15  0.116111569       3.35093960E-02 -0.500000000    
           2          16  0.127067700       7.39253610E-02 -0.500000000    
           2          17  0.147465125      0.103235431     -0.500000000    
           2          18   3.41841280E-02   8.78882706E-02 -0.500000000    
           2          19   7.48268515E-02   2.87072621E-02 -0.500000000    
           2          20  0.174643278       2.10358985E-02 -0.500000000    
           2          21   7.41125643E-02   3.85680199E-02 -0.500000000    
           2          22   7.65835494E-02  0.114509568     -0.500000000    
           2          23   2.52338275E-02  0.151421562     -0.500000000    
           2          24  -5.20616695E-02  0.163941622     -0.500000000    
           2          25   1.82634462E-02  0.163896024     -0.500000000    
           2          26  0.127338976      0.154710010     -0.500000000    
           2          27  0.229818493      0.140554398     -0.500000000    
           2          28  0.404411018      0.124325916     -0.500000000    
           2          29  0.511369586      0.116773508     -0.500000000    
           2          30  0.367959559       9.79235098E-02 -0.500000000    
           2          31  0.207762524       9.27356109E-02 -0.500000000    
           2          32  0.321821392      0.126118243     -0.500000000    
           2          33  0.623190105      0.194037154     -0.500000000    
           3           1  -2.70708594E-02   1.54234907E-02 -0.500000000    
           3           2   2.00729799E-02   1.68320199E-03 -0.500000000    
           3           3  0.168603316      -1.08689247E-02 -0.500000000    
           3           4  0.241121531       7.91410822E-03 -0.500000000    
           3           5  0.124391355       1.87426303E-02 -0.500000000    
           3           6  0.113284975       1.74558777E-02 -0.500000000    
           3           7  0.243685439       1.44556193E-02 -0.500000000    
           3           8  0.311556339       2.66490001E-02 -0.500000000    
           3           9  0.264272094       3.53744514E-02 -0.500000000    
           3          10  0.160819665       4.89919111E-02 -0.500000000    
           3          11  0.140971184       8.05844888E-02 -0.500000000    
           3          12   6.97101131E-02   7.26274922E-02 -0.500000000    
           3          13  -1.54618397E-02   4.60934266E-02 -0.500000000    
           3          14  0.178878784       1.81309395E-02 -0.500000000    
           3          15  0.185215518       2.32871212E-02 -0.500000000    
           3          16  0.165432408       5.54042608E-02 -0.500000000    
           3          17  0.158055574       7.75642619E-02 -0.500000000    
           3          18  0.112500973       6.17451854E-02 -0.500000000    
           3          19  0.131888509       1.24100577E-02 -0.500000000    
           3          20  0.135078654       1.04530677E-02 -0.500000000    
           3          21  -8.18841346E-03   3.58842760E-02 -0.500000000    
           3          22   6.70874584E-03  0.107817344     -0.500000000    
           3          23  -5.60320504E-02  0.124244466     -0.500000000    
           3          24  -3.44788358E-02  0.127428249     -0.500000000    
           3          25  0.118793525      0.146201000     -0.500000000    
           3          26  0.207302913      0.152884170     -0.500000000    
           3          27  0.354279637      0.150986344     -0.500000000    
           3          28  0.452773780      0.143269926     -0.500000000    
           3          29  0.536083341      0.121551678     -0.500000000    
           3          30  0.454997331       8.25178698E-02 -0.500000000    
           3          31  0.227498963       5.91107793E-02 -0.500000000    
           3          32  0.145739421       8.25345963E-02 -0.500000000    
           3          33  0.374136537      0.120551348     -0.500000000    
           4           1   7.33341500E-02  -5.39661665E-03 -0.500000000    
           4           2  0.250236750      -2.13954551E-03 -0.500000000    
           4           3  0.241438016       7.94549286E-03 -0.500000000    
           4           4  0.206321150       2.34292001E-02 -0.500000000    
           4           5  0.113202885       3.15973125E-02 -0.500000000    
           4           6   8.49729478E-02   4.13957648E-02 -0.500000000    
           4           7  0.117820941       4.72264960E-02 -0.500000000    
           4           8  0.249166459       5.54554164E-02 -0.500000000    
           4           9  0.221740261       4.23562899E-02 -0.500000000    
           4          10   6.19655885E-02   4.36842591E-02 -0.500000000    
           4          11   8.11223164E-02   7.26108104E-02 -0.500000000    
           4          12  0.126321822       6.52588010E-02 -0.500000000    
           4          13   7.28817210E-02   4.48020399E-02 -0.500000000    
           4          14  0.228044212       2.10386962E-02 -0.500000000    
           4          15  0.192592666       2.70149577E-02 -0.500000000    
           4          16  0.173272252       5.32677211E-02 -0.500000000    
           4          17  0.170374587       7.42061809E-02 -0.500000000    
           4          18  0.170360386       5.69937453E-02 -0.500000000    
           4          19  0.171926796       2.22143233E-02 -0.500000000    
           4          20  0.100726500       2.19418239E-02 -0.500000000    
           4          21   5.80743253E-02   4.56141867E-02 -0.500000000    
           4          22   8.32115114E-02   9.51728150E-02 -0.500000000    
           4          23   7.37558072E-03  0.100929171     -0.500000000    
           4          24  -3.75749618E-02  0.100321874     -0.500000000    
           4          25   9.74713489E-02  0.115508467     -0.500000000    
           4          26  0.118683390      0.131827116     -0.500000000    
           4          27  0.249669030      0.145487756     -0.500000000    
           4          28  0.513874233      0.150382176     -0.500000000    
           4          29  0.591262043      0.128927693     -0.500000000    
           4          30  0.506465435       8.96041468E-02 -0.500000000    
           4          31  0.295570731       6.10066690E-02 -0.500000000    
           4          32  0.156149104       5.38623556E-02 -0.500000000    
           4          33   6.67987093E-02   3.41942646E-02 -0.500000000    
           5           1  0.181740567      -3.17520238E-02 -0.500000000    
           5           2  0.275210470      -8.83036701E-04 -0.500000000    
           5           3  0.124416545       1.87722109E-02 -0.500000000    
           5           4  0.113159463       3.16022299E-02 -0.500000000    
           5           5  0.176659077       4.95008044E-02 -0.500000000    
           5           6   6.85960278E-02   5.48767671E-02 -0.500000000    
           5           7   3.91628779E-02   5.34868501E-02 -0.500000000    
           5           8  0.134122550       5.59980534E-02 -0.500000000    
           5           9  0.152796477       4.09236625E-02 -0.500000000    
           5          10  0.133685634       3.20349671E-02 -0.500000000    
           5          11  0.102136925       5.92353791E-02 -0.500000000    
           5          12  0.141730309       6.11936226E-02 -0.500000000    
           5          13  0.207301974       5.91349974E-02 -0.500000000    
           5          14  0.302387625       4.40914854E-02 -0.500000000    
           5          15  0.180056706       5.48855588E-02 -0.500000000    
           5          16  0.176898405       7.68004358E-02 -0.500000000    
           5          17  0.126205191       9.73788947E-02 -0.500000000    
           5          18   9.77276117E-02   8.75944421E-02 -0.500000000    
           5          19  0.141690239       6.22431003E-02 -0.500000000    
           5          20  0.142623067       5.15240729E-02 -0.500000000    
           5          21  0.183379143       6.57116845E-02 -0.500000000    
           5          22  0.153657854       9.27123874E-02 -0.500000000    
           5          23   9.20869336E-02   7.85548910E-02 -0.500000000    
           5          24   7.70471394E-02   7.64467493E-02 -0.500000000    
           5          25  -5.60830869E-02   9.18759406E-02 -0.500000000    
           5          26  -7.51351193E-02  0.100082695     -0.500000000    
           5          27  0.104529202      0.100474969     -0.500000000    
           5          28  0.375868112      0.110395886     -0.500000000    
           5          29  0.458389670      0.108724512     -0.500000000    
           5          30  0.351229727       7.88637325E-02 -0.500000000    
           5          31  0.195866153       5.04422486E-02 -0.500000000    
           5          32  0.122581363       1.68060269E-02 -0.500000000    
           5          33   4.46365587E-02  -1.83929335E-02 -0.500000000    
           6           1  0.188227028      -3.90117615E-02 -0.500000000    
           6           2  0.205362409      -1.46122500E-02 -0.500000000    
           6           3  0.113155946       1.74759179E-02 -0.500000000    
           6           4   8.49139839E-02   4.13983837E-02 -0.500000000    
           6           5   6.86112568E-02   5.48761226E-02 -0.500000000    
           6           6   4.50401865E-02   6.10009357E-02 -0.500000000    
           6           7  -3.86398025E-02   5.60752489E-02 -0.500000000    
           6           8  -4.51813489E-02   4.41457964E-02 -0.500000000    
           6           9   9.82597247E-02   2.59208586E-02 -0.500000000    
           6          10  0.127953574       2.39964109E-02 -0.500000000    
           6          11  0.129352629       5.66287227E-02 -0.500000000    
           6          12   5.17297909E-02   6.73721358E-02 -0.500000000    
           6          13  0.182949513       7.31752813E-02 -0.500000000    
           6          14  0.253383160       8.39967877E-02 -0.500000000    
           6          15   8.31896067E-02  0.105074972     -0.500000000    
           6          16  0.168902263      0.115366399     -0.500000000    
           6          17   8.62456709E-02  0.122391783     -0.500000000    
           6          18  0.106618576      0.130859047     -0.500000000    
           6          19  0.160907790      0.121644326     -0.500000000    
           6          20   9.69430730E-02   9.45992991E-02 -0.500000000    
           6          21   8.64379779E-02   8.87429416E-02 -0.500000000    
           6          22  0.122984089       9.59509984E-02 -0.500000000    
           6          23   9.10965502E-02   6.87468201E-02 -0.500000000    
           6          24   5.82175516E-02   6.55912161E-02 -0.500000000    
           6          25  -5.86646199E-02   6.58604279E-02 -0.500000000    
           6          26 -0.235056162       7.72648975E-02 -0.500000000    
           6          27   3.53938974E-02   8.23930204E-02 -0.500000000    
           6          28  0.231447339       8.19873810E-02 -0.500000000    
           6          29  0.342321008       7.93028846E-02 -0.500000000    
           6          30  0.310678393       6.41636997E-02 -0.500000000    
           6          31  0.166060090       2.85627134E-02 -0.500000000    
           6          32   6.15404919E-02  -9.87474062E-03 -0.500000000    
           6          33  0.132328331      -3.50584798E-02 -0.500000000    
           7           1  0.258199513      -2.99858451E-02 -0.500000000    
           7           2  0.235555008      -1.30039658E-02 -0.500000000    
           7           3  0.243532807       1.44815203E-02 -0.500000000    
           7           4  0.117800131       4.72322963E-02 -0.500000000    
           7           5   3.91888991E-02   5.34879193E-02 -0.500000000    
           7           6  -3.85836661E-02   5.60735837E-02 -0.500000000    
           7           7  -8.15070942E-02   5.42681664E-02 -0.500000000    
           7           8  -3.53067368E-02   4.40982617E-02 -0.500000000    
           7           9   6.37398362E-02   2.73253657E-02 -0.500000000    
           7          10   7.46835247E-02   1.77997071E-02 -0.500000000    
           7          11  -1.03869652E-02   5.88825047E-02 -0.500000000    
           7          12 -0.162607417       8.33740830E-02 -0.500000000    
           7          13   1.23477681E-02   9.17262658E-02 -0.500000000    
           7          14  0.171118394      0.119389579     -0.500000000    
           7          15   4.90617901E-02  0.135539338     -0.500000000    
           7          16  0.118106127      0.133385018     -0.500000000    
           7          17   3.97131890E-02  0.137102246     -0.500000000    
           7          18  0.138401374      0.159624949     -0.500000000    
           7          19  0.261947125      0.166905165     -0.500000000    
           7          20   6.18924052E-02  0.134779453     -0.500000000    
           7          21  -7.65443891E-02  0.115620986     -0.500000000    
           7          22  -4.01431359E-02  0.109535500     -0.500000000    
           7          23  -9.91597958E-03   6.52190596E-02 -0.500000000    
           7          24   6.56612664E-02   5.97755313E-02 -0.500000000    
           7          25   9.98505577E-03   6.58889487E-02 -0.500000000    
           7          26 -0.114159212       6.68141320E-02 -0.500000000    
           7          27  -4.23966721E-02   6.78245649E-02 -0.500000000    
           7          28   8.77582878E-02   6.49380237E-02 -0.500000000    
           7          29  0.224539116       7.36043528E-02 -0.500000000    
           7          30  0.294052035       6.02541976E-02 -0.500000000    
           7          31  0.229072362       2.54799556E-02 -0.500000000    
           7          32   6.32957146E-02  -5.60307689E-03 -0.500000000    
           7          33  0.118851945      -2.07749289E-02 -0.500000000    
           8           1  0.471992493       3.97086842E-03 -0.500000000    
           8           2  0.332854956       4.05351538E-03 -0.500000000    
           8           3  0.311415166       2.66804546E-02 -0.500000000    
           8           4  0.249176979       5.54666519E-02 -0.500000000    
           8           5  0.134172946       5.59988990E-02 -0.500000000    
           8           6  -4.51192372E-02   4.41435017E-02 -0.500000000    
           8           7  -3.52659896E-02   4.40978445E-02 -0.500000000    
           8           8   5.22234961E-02   3.84255797E-02 -0.500000000    
           8           9   7.55127668E-02   2.76120696E-02 -0.500000000    
           8          10   4.81669838E-03   2.70611737E-02 -0.500000000    
           8          11  -1.84246316E-03   6.95976764E-02 -0.500000000    
           8          12  -3.43887210E-02   9.61639285E-02 -0.500000000    
           8          13  -8.48069564E-02  0.105543040     -0.500000000    
           8          14   5.58185689E-02  0.149092004     -0.500000000    
           8          15   1.27985924E-02  0.153524652     -0.500000000    
           8          16   6.70878738E-02  0.129957020     -0.500000000    
           8          17   4.72736135E-02  0.127317771     -0.500000000    
           8          18  0.122508369      0.154591173     -0.500000000    
           8          19  0.180830047      0.184107900     -0.500000000    
           8          20  -6.67909682E-02  0.171981528     -0.500000000    
           8          21 -0.172214121      0.141937405     -0.500000000    
           8          22   1.50442282E-02  0.126465738     -0.500000000    
           8          23   3.97762433E-02   7.41365179E-02 -0.500000000    
           8          24   8.88079777E-02   5.87032698E-02 -0.500000000    
           8          25  0.119456239       6.39830902E-02 -0.500000000    
           8          26   8.61054286E-02   5.57168908E-02 -0.500000000    
           8          27  -7.42846401E-03   2.95481570E-02 -0.500000000    
           8          28   1.01264203E-02   3.71097624E-02 -0.500000000    
           8          29  0.170269564       6.19859137E-02 -0.500000000    
           8          30  0.281325936       5.92113808E-02 -0.500000000    
           8          31  0.237176523       3.62387337E-02 -0.500000000    
           8          32  0.179817989       1.15552768E-02 -0.500000000    
           8          33  0.163970828       1.11362357E-02 -0.500000000    
           9           1  0.473208427       1.34464111E-02 -0.500000000    
           9           2  0.399935871       2.00937148E-02 -0.500000000    
           9           3  0.264267266       3.53898518E-02 -0.500000000    
           9           4  0.221753791       4.23581600E-02 -0.500000000    
           9           5  0.152833343       4.09195721E-02 -0.500000000    
           9           6   9.82837826E-02   2.59199403E-02 -0.500000000    
           9           7   6.37679920E-02   2.73289159E-02 -0.500000000    
           9           8   7.55449906E-02   2.76168305E-02 -0.500000000    
           9           9   6.20699860E-02   2.63953023E-02 -0.500000000    
           9          10  -3.52709135E-03   4.18887846E-02 -0.500000000    
           9          11  0.117495313       9.43025053E-02 -0.500000000    
           9          12  0.188825130      0.125800341     -0.500000000    
           9          13   4.08038087E-02  0.134809449     -0.500000000    
           9          14   9.29190442E-02  0.173481360     -0.500000000    
           9          15   1.94607619E-02  0.162610859     -0.500000000    
           9          16  -1.63994953E-02  0.125449732     -0.500000000    
           9          17   3.81824933E-02  0.116107255     -0.500000000    
           9          18   6.42204061E-02  0.140013769     -0.500000000    
           9          19  -8.72346479E-03  0.173935100     -0.500000000    
           9          20  -7.32119307E-02  0.191477567     -0.500000000    
           9          21   1.26265688E-02  0.172356769     -0.500000000    
           9          22  0.178605825      0.153413251     -0.500000000    
           9          23  0.213346496       9.76083726E-02 -0.500000000    
           9          24  0.135001674       5.68254218E-02 -0.500000000    
           9          25   8.98030400E-02   4.32624891E-02 -0.500000000    
           9          26   7.77542964E-02   3.60596702E-02 -0.500000000    
           9          27   7.83043429E-02   1.83339491E-02 -0.500000000    
           9          28   1.13812611E-02   2.40687933E-02 -0.500000000    
           9          29   4.09123190E-02   4.23792787E-02 -0.500000000    
           9          30   4.60326113E-02   5.13135716E-02 -0.500000000    
           9          31   5.54210097E-02   4.88439240E-02 -0.500000000    
           9          32   6.54319227E-02   3.41187157E-02 -0.500000000    
           9          33   5.41941263E-02   2.28304788E-02 -0.500000000    
          10           1  0.428726852       3.49308476E-02 -0.500000000    
          10           2  0.344329000       4.69121635E-02 -0.500000000    
          10           3  0.161004171       4.89803180E-02 -0.500000000    
          10           4   6.20071478E-02   4.36668992E-02 -0.500000000    
          10           5  0.133719325       3.20178270E-02 -0.500000000    
          10           6  0.127998233       2.39843987E-02 -0.500000000    
          10           7   7.47132823E-02   1.77952014E-02 -0.500000000    
          10           8   4.92375297E-03   2.70610433E-02 -0.500000000    
          10           9  -3.46055627E-03   4.18907031E-02 -0.500000000    
          10          10  0.102614202       6.20143637E-02 -0.500000000    
          10          11  0.308225691      0.111140184     -0.500000000    
          10          12  0.192831725      0.143764853     -0.500000000    
          10          13  0.109440245      0.170723528     -0.500000000    
          10          14  0.143128663      0.197200149     -0.500000000    
          10          15  0.152360022      0.179331705     -0.500000000    
          10          16   4.42922823E-02  0.139649063     -0.500000000    
          10          17  -9.87469405E-02  0.108905762     -0.500000000    
          10          18  -6.74135834E-02  0.121872053     -0.500000000    
          10          19  -3.50251906E-02  0.160214886     -0.500000000    
          10          20   5.13117807E-03  0.204434037     -0.500000000    
          10          21   2.20400523E-02  0.206760913     -0.500000000    
          10          22  0.198557362      0.184810057     -0.500000000    
          10          23  0.247581288      0.122495323     -0.500000000    
          10          24  0.203774855       7.07141384E-02 -0.500000000    
          10          25  0.119363233       4.08969447E-02 -0.500000000    
          10          26   8.75583589E-02   1.90323014E-02 -0.500000000    
          10          27   7.31072947E-02   1.51507631E-02 -0.500000000    
          10          28   5.06081209E-02   2.95887403E-02 -0.500000000    
          10          29  -8.26600660E-03   4.02454622E-02 -0.500000000    
          10          30   9.89733078E-03   5.76175489E-02 -0.500000000    
          10          31  0.126106501       6.25519082E-02 -0.500000000    
          10          32  0.139388919       5.37730418E-02 -0.500000000    
          10          33   5.42262234E-02   2.93384511E-02 -0.500000000    
          11           1  0.363308489       7.14487061E-02 -0.500000000    
          11           2  0.235525459       8.20568576E-02 -0.500000000    
          11           3  0.141254023       8.05625767E-02 -0.500000000    
          11           4   8.13173577E-02   7.25854710E-02 -0.500000000    
          11           5  0.102270849       5.92052378E-02 -0.500000000    
          11           6  0.129455164       5.65971546E-02 -0.500000000    
          11           7  -1.03413621E-02   5.88565506E-02 -0.500000000    
          11           8  -1.80959981E-03   6.95797578E-02 -0.500000000    
          11           9  0.117507361       9.42946672E-02 -0.500000000    
          11          10  0.308226943      0.111137897     -0.500000000    
          11          11  0.285010576      0.127555579     -0.500000000    
          11          12  0.118019894      0.159779802     -0.500000000    
          11          13   7.49964565E-02  0.179058284     -0.500000000    
          11          14  0.105973698      0.179420024     -0.500000000    
          11          15   2.44170558E-02  0.167924628     -0.500000000    
          11          16   9.17610079E-02  0.148740605     -0.500000000    
          11          17   3.68898399E-02  0.118767917     -0.500000000    
          11          18   1.62900239E-02  0.126798525     -0.500000000    
          11          19   3.31461057E-02  0.164270133     -0.500000000    
          11          20  -3.11497948E-03  0.209516674     -0.500000000    
          11          21  -9.56776217E-02  0.223226741     -0.500000000    
          11          22   6.73685595E-02  0.202775612     -0.500000000    
          11          23  0.113543324      0.153862745     -0.500000000    
          11          24   9.30136293E-02  0.107059464     -0.500000000    
          11          25   9.25747231E-02   7.05391690E-02 -0.500000000    
          11          26   8.47944692E-02   4.24978733E-02 -0.500000000    
          11          27  0.103183784       4.50430289E-02 -0.500000000    
          11          28  0.115788624       5.10302633E-02 -0.500000000    
          11          29   5.76477349E-02   6.43047839E-02 -0.500000000    
          11          30   4.41959687E-02   7.50086233E-02 -0.500000000    
          11          31   9.31887776E-02   7.98940957E-02 -0.500000000    
          11          32  0.121503398       6.71366751E-02 -0.500000000    
          11          33  0.101779968       5.19330055E-02 -0.500000000    
          12           1  0.255427837       7.17545748E-02 -0.500000000    
          12           2  0.133590445       7.60118887E-02 -0.500000000    
          12           3   6.98819235E-02   7.26055875E-02 -0.500000000    
          12           4  0.126478255       6.52311072E-02 -0.500000000    
          12           5  0.141884521       6.11584038E-02 -0.500000000    
          12           6   5.18428646E-02   6.73317239E-02 -0.500000000    
          12           7 -0.162578821       8.33365768E-02 -0.500000000    
          12           8  -3.44576426E-02   9.61351618E-02 -0.500000000    
          12           9  0.188796505      0.125789106     -0.500000000    
          12          10  0.192875743      0.143766120     -0.500000000    
          12          11  0.118043780      0.159779891     -0.500000000    
          12          12  -3.25487964E-02  0.186169595     -0.500000000    
          12          13  -4.57784534E-02  0.181039244     -0.500000000    
          12          14   5.93950376E-02  0.150960758     -0.500000000    
          12          15   4.87161763E-02  0.132717878     -0.500000000    
          12          16  0.113593854      0.125446141     -0.500000000    
          12          17   4.77807820E-02  0.104041539     -0.500000000    
          12          18   1.43145286E-02  0.113028094     -0.500000000    
          12          19  0.199521735      0.160307780     -0.500000000    
          12          20  0.134571537      0.206055015     -0.500000000    
          12          21   1.36990892E-03  0.237493634     -0.500000000    
          12          22   4.12624590E-02  0.219536155     -0.500000000    
          12          23   9.82889682E-02  0.196122646     -0.500000000    
          12          24   5.99841736E-02  0.161035642     -0.500000000    
          12          25   1.51775684E-02  0.110349722     -0.500000000    
          12          26  -4.09045629E-03   7.32993409E-02 -0.500000000    
          12          27  0.123861872       6.81018978E-02 -0.500000000    
          12          28  0.219549850       5.71578294E-02 -0.500000000    
          12          29  0.170847237       6.23445846E-02 -0.500000000    
          12          30  0.112243675       6.48649037E-02 -0.500000000    
          12          31   6.25508279E-02   5.80758229E-02 -0.500000000    
          12          32   6.71567768E-02   4.08034623E-02 -0.500000000    
          12          33  0.157714576       2.25814357E-02 -0.500000000    
          13           1  0.137540281       6.03702515E-02 -0.500000000    
          13           2   4.18164320E-02   5.54297827E-02 -0.500000000    
          13           3  -1.55755915E-02   4.60495949E-02 -0.500000000    
          13           4   7.27497637E-02   4.47617322E-02 -0.500000000    
          13           5  0.207158849       5.90989254E-02 -0.500000000    
          13           6  0.182811663       7.31446445E-02 -0.500000000    
          13           7   1.22725777E-02   9.17081311E-02 -0.500000000    
          13           8  -8.48280117E-02  0.105538175     -0.500000000    
          13           9   4.07955274E-02  0.134812400     -0.500000000    
          13          10  0.109459542      0.170728505     -0.500000000    
          13          11   7.49995634E-02  0.179061010     -0.500000000    
          13          12  -4.57343869E-02  0.181043595     -0.500000000    
          13          13  -7.28365034E-02  0.151551664     -0.500000000    
          13          14   2.27161646E-02  0.109924287     -0.500000000    
          13          15  0.127009630       9.34798345E-02 -0.500000000    
          13          16   7.48191401E-02   9.97618362E-02 -0.500000000    
          13          17   8.10680464E-02  0.108620048     -0.500000000    
          13          18   6.73088878E-02  0.103548951     -0.500000000    
          13          19  0.167280942      0.127956778     -0.500000000    
          13          20   6.82177171E-02  0.156811699     -0.500000000    
          13          21   5.31157777E-02  0.200360000     -0.500000000    
          13          22  0.127669796      0.202491939     -0.500000000    
          13          23  0.261793822      0.209562793     -0.500000000    
          13          24  0.253505677      0.196340531     -0.500000000    
          13          25   3.51798609E-02  0.154545054     -0.500000000    
          13          26  -7.06983078E-03  0.111005008     -0.500000000    
          13          27  0.155629501       7.73960426E-02 -0.500000000    
          13          28  0.313087910       5.30405417E-02 -0.500000000    
          13          29  0.241568878       4.44048867E-02 -0.500000000    
          13          30   8.75673816E-02   3.76136787E-02 -0.500000000    
          13          31   3.28547396E-02   2.47332957E-02 -0.500000000    
          13          32   3.48558463E-02   4.56366455E-03 -0.500000000    
          13          33   9.90880728E-02  -1.31252753E-02 -0.500000000    
          14           1  0.203871384       4.06932496E-02 -0.500000000    
          14           2  0.146138906       2.94193234E-02 -0.500000000    
          14           3  0.178788647       1.81007739E-02 -0.500000000    
          14           4  0.227873862       2.10143290E-02 -0.500000000    
          14           5  0.302197456       4.40715924E-02 -0.500000000    
          14           6  0.253257364       8.39814171E-02 -0.500000000    
          14           7  0.171113908      0.119378321     -0.500000000    
          14           8   5.58501817E-02  0.149084613     -0.500000000    
          14           9   9.28985551E-02  0.173477262     -0.500000000    
          14          10  0.143093333      0.197205797     -0.500000000    
          14          11  0.105905749      0.179432079     -0.500000000    
          14          12   5.94070144E-02  0.150970191     -0.500000000    
          14          13   2.27461662E-02  0.109926119     -0.500000000    
          14          14   7.52147138E-02   7.84247816E-02 -0.500000000    
          14          15  0.181292802       6.71278089E-02 -0.500000000    
          14          16   2.02037562E-02   6.27301633E-02 -0.500000000    
          14          17   7.17991516E-02   8.24880674E-02 -0.500000000    
          14          18  0.152965486       7.46231973E-02 -0.500000000    
          14          19   7.14830756E-02   8.64271373E-02 -0.500000000    
          14          20   5.33880778E-02  0.101589046     -0.500000000    
          14          21  0.101402476      0.141704500     -0.500000000    
          14          22  0.178926453      0.161750689     -0.500000000    
          14          23  0.327294022      0.197090358     -0.500000000    
          14          24  0.251555115      0.204377890     -0.500000000    
          14          25   4.37014960E-02  0.174885377     -0.500000000    
          14          26  0.110293142      0.148142591     -0.500000000    
          14          27  0.229382902      0.116316743     -0.500000000    
          14          28  0.276924312       8.52113813E-02 -0.500000000    
          14          29  0.223212510       6.04335181E-02 -0.500000000    
          14          30  0.223981544       4.62665930E-02 -0.500000000    
          14          31  0.219791725       2.85110269E-02 -0.500000000    
          14          32  0.204263628       3.29080364E-03 -0.500000000    
          14          33  0.216636822      -1.45213781E-02 -0.500000000    
          15           1  0.109841123       4.47643809E-02 -0.500000000    
          15           2  0.116224311       3.35421972E-02 -0.500000000    
          15           3  0.185335189       2.33194288E-02 -0.500000000    
          15           4  0.192685440       2.70448811E-02 -0.500000000    
          15           5  0.180127233       5.49084805E-02 -0.500000000    
          15           6   8.32604393E-02  0.105086654     -0.500000000    
          15           7   4.91125248E-02  0.135533243     -0.500000000    
          15           8   1.28222816E-02  0.153499141     -0.500000000    
          15           9   1.93549804E-02  0.162577689     -0.500000000    
          15          10  0.152272299      0.179312035     -0.500000000    
          15          11   2.44312622E-02  0.167932034     -0.500000000    
          15          12   4.86694723E-02  0.132729158     -0.500000000    
          15          13  0.126949266       9.34830084E-02 -0.500000000    
          15          14  0.181286260       6.71246201E-02 -0.500000000    
          15          15  0.234914005       4.48415726E-02 -0.500000000    
          15          16  0.132581100       3.38313207E-02 -0.500000000    
          15          17   8.56924579E-02   3.68675627E-02 -0.500000000    
          15          18  0.166191816       4.16678004E-02 -0.500000000    
          15          19  0.147445425       5.91435954E-02 -0.500000000    
          15          20  0.160777375       8.00744668E-02 -0.500000000    
          15          21  0.228715420      0.103564501     -0.500000000    
          15          22  0.147369727      0.122978523     -0.500000000    
          15          23  0.236046240      0.149138495     -0.500000000    
          15          24  0.163199216      0.156413823     -0.500000000    
          15          25   1.49339158E-02  0.150844768     -0.500000000    
          15          26   1.95322391E-02  0.150397837     -0.500000000    
          15          27   7.44218305E-02  0.141286939     -0.500000000    
          15          28  0.126202464      0.124904454     -0.500000000    
          15          29  0.110130869       9.92690027E-02 -0.500000000    
          15          30  0.165320888       7.96740651E-02 -0.500000000    
          15          31  0.146252915       6.75510764E-02 -0.500000000    
          15          32  0.110447109       4.84053940E-02 -0.500000000    
          15          33  0.104073077       3.32358964E-02 -0.500000000    
          16           1  0.176974416       9.56237838E-02 -0.500000000    
          16           2  0.126885682       7.39644393E-02 -0.500000000    
          16           3  0.165245965       5.54423481E-02 -0.500000000    
          16           4  0.173085466       5.33028878E-02 -0.500000000    
          16           5  0.176746935       7.68310577E-02 -0.500000000    
          16           6  0.168878272      0.115388826     -0.500000000    
          16           7  0.118242204      0.133398294     -0.500000000    
          16           8   6.73319027E-02  0.129960120     -0.500000000    
          16           9  -1.61660854E-02  0.125432104     -0.500000000    
          16          10   4.41577584E-02  0.139611229     -0.500000000    
          16          11   9.17269737E-02  0.148710772     -0.500000000    
          16          12  0.113636486      0.125429541     -0.500000000    
          16          13   7.48533159E-02   9.97583866E-02 -0.500000000    
          16          14   2.01724600E-02   6.27321675E-02 -0.500000000    
          16          15  0.132528469       3.38327587E-02 -0.500000000    
          16          16  0.243364379       1.25947166E-02 -0.500000000    
          16          17  0.293016315      -5.69724385E-03 -0.500000000    
          16          18  0.272382885       1.22028617E-02 -0.500000000    
          16          19  0.170134053       4.36079539E-02 -0.500000000    
          16          20  0.179456830       7.85997137E-02 -0.500000000    
          16          21  0.133503705       7.86379352E-02 -0.500000000    
          16          22  0.128312960       9.30081233E-02 -0.500000000    
          16          23  0.194007590      0.101926342     -0.500000000    
          16          24  0.145181999      0.107294627     -0.500000000    
          16          25   8.06789100E-02  0.119028486     -0.500000000    
          16          26   3.13225132E-03  0.135800317     -0.500000000    
          16          27   2.09695827E-02  0.149342701     -0.500000000    
          16          28   5.95045239E-02  0.145055190     -0.500000000    
          16          29   7.80666620E-02  0.129997551     -0.500000000    
          16          30  0.169381514      0.120945156     -0.500000000    
          16          31  0.185382038      0.120162226     -0.500000000    
          16          32  0.166030273      0.114853181     -0.500000000    
          16          33  0.249721304      0.111069515     -0.500000000    
          17           1  0.211560279      0.130920723     -0.500000000    
          17           2  0.147197962      0.103251494     -0.500000000    
          17           3  0.157807484       7.75760263E-02 -0.500000000    
          17           4  0.170199960       7.42163807E-02 -0.500000000    
          17           5  0.126032859       9.73906219E-02 -0.500000000    
          17           6   8.60708952E-02  0.122409657     -0.500000000    
          17           7   3.97021994E-02  0.137128040     -0.500000000    
          17           8   4.73949835E-02  0.127339974     -0.500000000    
          17           9   3.84380519E-02  0.116112344     -0.500000000    
          17          10  -9.85440835E-02  0.108878016     -0.500000000    
          17          11   3.68441753E-02  0.118725099     -0.500000000    
          17          12   4.77442965E-02  0.104001731     -0.500000000    
          17          13   8.10816213E-02  0.108586781     -0.500000000    
          17          14   7.18219653E-02   8.24790075E-02 -0.500000000    
          17          15   8.56742039E-02   3.68738510E-02 -0.500000000    
          17          16  0.293082178      -5.68779605E-03 -0.500000000    
          17          17  0.405190110      -2.72426587E-02 -0.500000000    
          17          18  0.299136192       1.21786492E-03 -0.500000000    
          17          19  0.145630017       3.18870619E-02 -0.500000000    
          17          20  0.165625066       7.69115761E-02 -0.500000000    
          17          21  0.154319301       7.66314194E-02 -0.500000000    
          17          22  0.168675855       8.93725455E-02 -0.500000000    
          17          23   6.03239089E-02   8.36239979E-02 -0.500000000    
          17          24  0.144742578       8.15817192E-02 -0.500000000    
          17          25   7.02705383E-02  0.113106482     -0.500000000    
          17          26  -3.33713926E-02  0.142578721     -0.500000000    
          17          27  -7.00715706E-02  0.163017154     -0.500000000    
          17          28  -3.78652848E-02  0.161054447     -0.500000000    
          17          29   8.29142630E-02  0.149170429     -0.500000000    
          17          30  0.199942142      0.136874452     -0.500000000    
          17          31  0.298260808      0.130857170     -0.500000000    
          17          32  0.314260423      0.127596408     -0.500000000    
          17          33  0.455922127      0.127546713     -0.500000000    
          18           1   1.37254205E-02  0.113114960     -0.500000000    
          18           2   3.39260362E-02   8.79391283E-02 -0.500000000    
          18           3  0.112254180       6.17742352E-02 -0.500000000    
          18           4  0.170206785       5.70087805E-02 -0.500000000    
          18           5   9.76420492E-02   8.75989571E-02 -0.500000000    
          18           6  0.106381007      0.130862251     -0.500000000    
          18           7  0.138212815      0.159640700     -0.500000000    
          18           8  0.122507460      0.154616714     -0.500000000    
          18           9   6.44052252E-02  0.140036955     -0.500000000    
          18          10  -6.71470016E-02  0.121865220     -0.500000000    
          18          11   1.61760710E-02  0.126760453     -0.500000000    
          18          12   1.43424198E-02  0.112998009     -0.500000000    
          18          13   6.73173517E-02  0.103522338     -0.500000000    
          18          14  0.152892575       7.45955110E-02 -0.500000000    
          18          15  0.166128501       4.16639373E-02 -0.500000000    
          18          16  0.272462845       1.22215711E-02 -0.500000000    
          18          17  0.299216986       1.23125548E-03 -0.500000000    
          18          18  0.236786410       1.98730305E-02 -0.500000000    
          18          19  0.163172945       3.19106951E-02 -0.500000000    
          18          20  0.238748610       6.69501126E-02 -0.500000000    
          18          21  0.267683208       8.36598128E-02 -0.500000000    
          18          22  0.170129508      0.106351256     -0.500000000    
          18          23  -2.88095046E-03  0.109641254     -0.500000000    
          18          24   5.66459708E-02  0.120571002     -0.500000000    
          18          25   5.92255183E-02  0.151252076     -0.500000000    
          18          26  -6.60236739E-03  0.170089945     -0.500000000    
          18          27  -3.34136095E-03  0.176418439     -0.500000000    
          18          28   1.53406328E-02  0.155506194     -0.500000000    
          18          29  0.123476282      0.121581703     -0.500000000    
          18          30  0.204887405       9.26024914E-02 -0.500000000    
          18          31  0.236552164       7.90653452E-02 -0.500000000    
          18          32  0.224211842       7.35529885E-02 -0.500000000    
          18          33  0.337615609       7.32630715E-02 -0.500000000    
          19           1   9.08418596E-02   5.07577807E-02 -0.500000000    
          19           2   7.48046711E-02   2.87362970E-02 -0.500000000    
          19           3  0.131801412       1.24297878E-02 -0.500000000    
          19           4  0.171783775       2.22313330E-02 -0.500000000    
          19           5  0.141578287       6.22631572E-02 -0.500000000    
          19           6  0.160708636      0.121664852     -0.500000000    
          19           7  0.261711240      0.166929260     -0.500000000    
          19           8  0.180740431      0.184142470     -0.500000000    
          19           9  -8.61445908E-03  0.173974052     -0.500000000    
          19          10  -3.48283425E-02  0.160223931     -0.500000000    
          19          11   3.30006815E-02  0.164246589     -0.500000000    
          19          12  0.199424386      0.160297081     -0.500000000    
          19          13  0.167378351      0.127960309     -0.500000000    
          19          14   7.15201646E-02   8.64239410E-02 -0.500000000    
          19          15  0.147347972       5.91376200E-02 -0.500000000    
          19          16  0.170159087       4.36236709E-02 -0.500000000    
          19          17  0.145696118       3.19067873E-02 -0.500000000    
          19          18  0.163190886       3.19171250E-02 -0.500000000    
          19          19  0.100343667       5.46372347E-02 -0.500000000    
          19          20  0.194471359       9.26715583E-02 -0.500000000    
          19          21  0.261352569      0.129648894     -0.500000000    
          19          22  0.214343637      0.146564677     -0.500000000    
          19          23  0.154024675      0.155044675     -0.500000000    
          19          24   5.34626842E-02  0.174709231     -0.500000000    
          19          25   3.82613577E-02  0.190611392     -0.500000000    
          19          26   4.08485085E-02  0.193761498     -0.500000000    
          19          27   6.14714548E-02  0.176102459     -0.500000000    
          19          28  0.118806399      0.140572339     -0.500000000    
          19          29  0.235406697       9.78924930E-02 -0.500000000    
          19          30  0.328632474       5.98740689E-02 -0.500000000    
          19          31  0.285984665       3.53729948E-02 -0.500000000    
          19          32  0.264174640       1.76056102E-02 -0.500000000    
          19          33  0.332359284       8.78747739E-03 -0.500000000    
          20           1  0.298443019       3.44939008E-02 -0.500000000    
          20           2  0.174742907       2.10056864E-02 -0.500000000    
          20           3  0.135389775       1.04283448E-02 -0.500000000    
          20           4  0.101106681       2.19240934E-02 -0.500000000    
          20           5  0.142828554       5.15184663E-02 -0.500000000    
          20           6   9.68504846E-02   9.46060121E-02 -0.500000000    
          20           7   6.16098568E-02  0.134795278     -0.500000000    
          20           8  -6.70082420E-02  0.172015384     -0.500000000    
          20           9  -7.31852427E-02  0.191521481     -0.500000000    
          20          10   5.44512644E-03  0.204461098     -0.500000000    
          20          11  -3.18666431E-03  0.209515825     -0.500000000    
          20          12  0.134342209      0.206053212     -0.500000000    
          20          13   6.82002753E-02  0.156825960     -0.500000000    
          20          14   5.34535944E-02  0.101602972     -0.500000000    
          20          15  0.160796985       8.00876766E-02 -0.500000000    
          20          16  0.179470122       7.86070526E-02 -0.500000000    
          20          17  0.165739179       7.69259855E-02 -0.500000000    
          20          18  0.238803372       6.69571683E-02 -0.500000000    
          20          19  0.194491625       9.26618651E-02 -0.500000000    
          20          20  0.129509166      0.136266172     -0.500000000    
          20          21  0.125498250      0.183818117     -0.500000000    
          20          22   3.37030031E-02  0.183518440     -0.500000000    
          20          23  0.144153520      0.184697151     -0.500000000    
          20          24  0.117305592      0.203449130     -0.500000000    
          20          25  -1.20785572E-02  0.204322889     -0.500000000    
          20          26   3.97694372E-02  0.197280273     -0.500000000    
          20          27  0.175317302      0.169423297     -0.500000000    
          20          28  0.333830088      0.133519530     -0.500000000    
          20          29  0.355430931       8.62289071E-02 -0.500000000    
          20          30  0.312200367       4.28126380E-02 -0.500000000    
          20          31  0.225534618       9.84082092E-03 -0.500000000    
          20          32  0.233134657      -1.83019582E-02 -0.500000000    
          20          33  0.320203960      -3.40875499E-02 -0.500000000    
          21           1  0.304450125       4.29321639E-02 -0.500000000    
          21           2   7.42504224E-02   3.84859070E-02 -0.500000000    
          21           3  -8.07464216E-03   3.58078256E-02 -0.500000000    
          21           4   5.82178123E-02   4.55490910E-02 -0.500000000    
          21           5  0.183632344       6.56685680E-02 -0.500000000    
          21           6   8.67438316E-02   8.87263194E-02 -0.500000000    
          21           7  -7.66196623E-02  0.115621231     -0.500000000    
          21           8 -0.172429532      0.141960278     -0.500000000    
          21           9   1.24704977E-02  0.172394067     -0.500000000    
          21          10   2.22294386E-02  0.206803188     -0.500000000    
          21          11  -9.55491066E-02  0.223250017     -0.500000000    
          21          12   1.07859378E-03  0.237505212     -0.500000000    
          21          13   5.29339984E-02  0.200373679     -0.500000000    
          21          14  0.101366445      0.141713217     -0.500000000    
          21          15  0.228747621      0.103573106     -0.500000000    
          21          16  0.133507952       7.86445439E-02 -0.500000000    
          21          17  0.154387236       7.66354725E-02 -0.500000000    
          21          18  0.267794341       8.36672410E-02 -0.500000000    
          21          19  0.261391163      0.129635975     -0.500000000    
          21          20  0.125496313      0.183803141     -0.500000000    
          21          21   4.01299819E-02  0.227604821     -0.500000000    
          21          22  -8.46036747E-02  0.209794283     -0.500000000    
          21          23   2.18208432E-02  0.206932440     -0.500000000    
          21          24   1.38182901E-02  0.215197042     -0.500000000    
          21          25  -8.84015784E-02  0.196315125     -0.500000000    
          21          26  -8.24782699E-02  0.171981186     -0.500000000    
          21          27   3.02197831E-03  0.136742413     -0.500000000    
          21          28  0.150899485      0.103564017     -0.500000000    
          21          29  0.192069545       7.54882842E-02 -0.500000000    
          21          30  0.184703931       5.64859882E-02 -0.500000000    
          21          31  0.164235339       3.51208299E-02 -0.500000000    
          21          32  0.189369753       1.28093120E-02 -0.500000000    
          21          33  0.326319247      -1.44487814E-04 -0.500000000    
          22           1  0.289470255      0.116651580     -0.500000000    
          22           2   7.65854269E-02  0.114417702     -0.500000000    
          22           3   6.72633993E-03  0.107751392     -0.500000000    
          22           4   8.32531676E-02   9.51243713E-02 -0.500000000    
          22           5  0.153782934       9.26715210E-02 -0.500000000    
          22           6  0.123131715       9.59222615E-02 -0.500000000    
          22           7  -4.00605053E-02  0.109531216     -0.500000000    
          22           8   1.47479335E-02  0.126484811     -0.500000000    
          22           9  0.178391650      0.153451398     -0.500000000    
          22          10  0.198654890      0.184862211     -0.500000000    
          22          11   6.75996616E-02  0.202825993     -0.500000000    
          22          12   4.11264040E-02  0.219570979     -0.500000000    
          22          13  0.127501801      0.202513963     -0.500000000    
          22          14  0.178800181      0.161749348     -0.500000000    
          22          15  0.147310749      0.122968227     -0.500000000    
          22          16  0.128304318       9.30018425E-02 -0.500000000    
          22          17  0.168692634       8.93707126E-02 -0.500000000    
          22          18  0.170228496      0.106355309     -0.500000000    
          22          19  0.214438766      0.146559000     -0.500000000    
          22          20   3.37132514E-02  0.183495030     -0.500000000    
          22          21  -8.46646130E-02  0.209779024     -0.500000000    
          22          22  -8.83074254E-02  0.199823245     -0.500000000    
          22          23  0.112612441      0.213392824     -0.500000000    
          22          24  0.143482402      0.216379330     -0.500000000    
          22          25   2.76727919E-02  0.184485823     -0.500000000    
          22          26  -9.01198536E-02  0.143061042     -0.500000000    
          22          27   2.05677152E-02  0.106046557     -0.500000000    
          22          28  0.146784902       7.22458065E-02 -0.500000000    
          22          29  0.184847325       6.18845932E-02 -0.500000000    
          22          30  0.211780131       6.30048141E-02 -0.500000000    
          22          31  0.224648491       6.81152567E-02 -0.500000000    
          22          32  0.255394548       5.94667941E-02 -0.500000000    
          22          33  0.426997006       4.72117029E-02 -0.500000000    
          23           1  0.130075291      0.163751423     -0.500000000    
          23           2   2.52757221E-02  0.151299164     -0.500000000    
          23           3  -5.62754460E-02  0.124126166     -0.500000000    
          23           4   7.06892880E-03  0.100833066     -0.500000000    
          23           5   9.19160470E-02   7.84962252E-02 -0.500000000    
          23           6   9.10112262E-02   6.87230974E-02 -0.500000000    
          23           7  -9.93325841E-03   6.52239472E-02 -0.500000000    
          23           8   3.94516774E-02   7.41665661E-02 -0.500000000    
          23           9  0.212927237       9.76592004E-02 -0.500000000    
          23          10  0.247598812      0.122570284     -0.500000000    
          23          11  0.113771714      0.153928414     -0.500000000    
          23          12   9.82702002E-02  0.196166903     -0.500000000    
          23          13  0.261723161      0.209600419     -0.500000000    
          23          14  0.327242672      0.197094992     -0.500000000    
          23          15  0.235982716      0.149113476     -0.500000000    
          23          16  0.193885326      0.101904817     -0.500000000    
          23          17   6.03514016E-02   8.36214572E-02 -0.500000000    
          23          18  -2.87804473E-03  0.109637514     -0.500000000    
          23          19  0.154048398      0.155035347     -0.500000000    
          23          20  0.144075274      0.184669703     -0.500000000    
          23          21   2.17858031E-02  0.206911325     -0.500000000    
          23          22  0.112653725      0.213388294     -0.500000000    
          23          23  0.268577784      0.222586051     -0.500000000    
          23          24  0.247591555      0.197147727     -0.500000000    
          23          25   8.21493641E-02  0.142558560     -0.500000000    
          23          26   8.84376466E-02   8.04013833E-02 -0.500000000    
          23          27  0.219084173       5.03754765E-02 -0.500000000    
          23          28  0.198483825       2.79255919E-02 -0.500000000    
          23          29   7.64959753E-02   2.78314110E-02 -0.500000000    
          23          30   5.53345084E-02   3.98664288E-02 -0.500000000    
          23          31   7.80743957E-02   5.98657727E-02 -0.500000000    
          23          32  0.160858095       7.33750463E-02 -0.500000000    
          23          33  0.206886709       7.25902766E-02 -0.500000000    
          24           1  -9.36554596E-02  0.181689441     -0.500000000    
          24           2  -5.18766716E-02  0.163803741     -0.500000000    
          24           3  -3.46162766E-02  0.127236634     -0.500000000    
          24           4  -3.79671454E-02  0.100137450     -0.500000000    
          24           5   7.62402937E-02   7.62975141E-02 -0.500000000    
          24           6   5.73667102E-02   6.55018762E-02 -0.500000000    
          24           7   6.51412830E-02   5.97722232E-02 -0.500000000    
          24           8   8.85356516E-02   5.87426834E-02 -0.500000000    
          24           9  0.134530932       5.68921417E-02 -0.500000000    
          24          10  0.203702390       7.08005875E-02 -0.500000000    
          24          11   9.32207331E-02  0.107140951     -0.500000000    
          24          12   5.99955507E-02  0.161081553     -0.500000000    
          24          13  0.253647357      0.196375966     -0.500000000    
          24          14  0.251563579      0.204397440     -0.500000000    
          24          15  0.163081795      0.156399742     -0.500000000    
          24          16  0.145081133      0.107274227     -0.500000000    
          24          17  0.144704521       8.15771073E-02 -0.500000000    
          24          18   5.65773211E-02  0.120558217     -0.500000000    
          24          19   5.34020141E-02  0.174686909     -0.500000000    
          24          20  0.117262647      0.203429922     -0.500000000    
          24          21   1.38163175E-02  0.215183377     -0.500000000    
          24          22  0.143491641      0.216389403     -0.500000000    
          24          23  0.247560382      0.197157905     -0.500000000    
          24          24  0.149913445      0.148057431     -0.500000000    
          24          25  0.220406324       9.42763686E-02 -0.500000000    
          24          26  0.172669679       5.20981736E-02 -0.500000000    
          24          27  0.134817705       3.21228877E-02 -0.500000000    
          24          28  0.209098116       2.66218465E-02 -0.500000000    
          24          29  0.173739016       3.44812199E-02 -0.500000000    
          24          30  0.117005982       5.28811924E-02 -0.500000000    
          24          31   9.13131088E-02   7.39160106E-02 -0.500000000    
          24          32   1.03806034E-02   9.04021189E-02 -0.500000000    
          24          33   2.97015384E-02   9.68513340E-02 -0.500000000    
          25           1 -0.181812838      0.180581763     -0.500000000    
          25           2   1.85442008E-02  0.163721874     -0.500000000    
          25           3  0.119025670      0.145969898     -0.500000000    
          25           4   9.71532688E-02  0.115289427     -0.500000000    
          25           5  -5.69709651E-02   9.17060599E-02 -0.500000000    
          25           6  -6.00387380E-02   6.57430366E-02 -0.500000000    
          25           7   8.79281573E-03   6.58170059E-02 -0.500000000    
          25           8  0.118923679       6.40012249E-02 -0.500000000    
          25           9   8.94610882E-02   4.33357097E-02 -0.500000000    
          25          10  0.119278423       4.09839638E-02 -0.500000000    
          25          11   9.26643685E-02   7.06233755E-02 -0.500000000    
          25          12   1.51059832E-02  0.110406786     -0.500000000    
          25          13   3.53665277E-02  0.154579014     -0.500000000    
          25          14   4.38037664E-02  0.174912274     -0.500000000    
          25          15   1.49340983E-02  0.150844157     -0.500000000    
          25          16   8.06144550E-02  0.119014755     -0.500000000    
          25          17   7.01712295E-02  0.113099530     -0.500000000    
          25          18   5.92037663E-02  0.151237220     -0.500000000    
          25          19   3.82352509E-02  0.190584704     -0.500000000    
          25          20  -1.20681217E-02  0.204310954     -0.500000000    
          25          21  -8.83979127E-02  0.196319744     -0.500000000    
          25          22   2.76543833E-02  0.184512258     -0.500000000    
          25          23   8.22133347E-02  0.142554566     -0.500000000    
          25          24  0.220564455       9.42762196E-02 -0.500000000    
          25          25  0.194075719       7.85403550E-02 -0.500000000    
          25          26  0.131369442       5.84236607E-02 -0.500000000    
          25          27   7.24610388E-02   4.53849174E-02 -0.500000000    
          25          28  0.139459044       6.25388846E-02 -0.500000000    
          25          29  0.241461560       8.09640661E-02 -0.500000000    
          25          30  0.272148341       9.10388976E-02 -0.500000000    
          25          31  0.239839762       8.34713802E-02 -0.500000000    
          25          32  0.107715845       7.62544796E-02 -0.500000000    
          25          33   1.00942021E-02   7.65412226E-02 -0.500000000    
          26           1  -2.41345130E-02  0.157072574     -0.500000000    
          26           2  0.127916455      0.154538020     -0.500000000    
          26           3  0.207667604      0.152685463     -0.500000000    
          26           4  0.118473865      0.131630331     -0.500000000    
          26           5  -7.55937397E-02   9.99154672E-02 -0.500000000    
          26           6 -0.235788316       7.71489441E-02 -0.500000000    
          26           7 -0.114918597       6.67468309E-02 -0.500000000    
          26           8   8.53677839E-02   5.56710958E-02 -0.500000000    
          26           9   7.75010213E-02   3.61091234E-02 -0.500000000    
          26          10   8.75276476E-02   1.91109888E-02 -0.500000000    
          26          11   8.48326609E-02   4.25692685E-02 -0.500000000    
          26          12  -4.14879341E-03   7.33637139E-02 -0.500000000    
          26          13  -7.03068357E-03  0.111039504     -0.500000000    
          26          14  0.110455416      0.148165226     -0.500000000    
          26          15   1.96335018E-02  0.150392458     -0.500000000    
          26          16   3.05949035E-03  0.135786176     -0.500000000    
          26          17  -3.34380157E-02  0.142573029     -0.500000000    
          26          18  -6.54041348E-03  0.170079216     -0.500000000    
          26          19   4.09021042E-02  0.193746641     -0.500000000    
          26          20   3.97819541E-02  0.197281092     -0.500000000    
          26          21  -8.24460536E-02  0.172003329     -0.500000000    
          26          22  -9.00297835E-02  0.143070862     -0.500000000    
          26          23   8.87673199E-02   8.03868324E-02 -0.500000000    
          26          24  0.172645241       5.20992279E-02 -0.500000000    
          26          25  0.131356150       5.84228113E-02 -0.500000000    
          26          26   3.95603590E-02   7.33905137E-02 -0.500000000    
          26          27  -3.12905349E-02   7.78004378E-02 -0.500000000    
          26          28   8.57466385E-02   9.04681608E-02 -0.500000000    
          26          29  0.256549358      0.107854873     -0.500000000    
          26          30  0.356062084       8.92357603E-02 -0.500000000    
          26          31  0.367543370       7.51278922E-02 -0.500000000    
          26          32  0.209265515       5.95033877E-02 -0.500000000    
          26          33  -3.37500162E-02   4.66797464E-02 -0.500000000    
          27           1  0.157585725      0.122371547     -0.500000000    
          27           2  0.231208473      0.140414670     -0.500000000    
          27           3  0.354773253      0.150820404     -0.500000000    
          27           4  0.249450982      0.145379469     -0.500000000    
          27           5  0.104141571      0.100382611     -0.500000000    
          27           6   3.49133089E-02   8.23185742E-02 -0.500000000    
          27           7  -4.27442789E-02   6.77704588E-02 -0.500000000    
          27           8  -7.74145080E-03   2.95097753E-02 -0.500000000    
          27           9   7.80616701E-02   1.83314439E-02 -0.500000000    
          27          10   7.31668621E-02   1.52076241E-02 -0.500000000    
          27          11  0.103322789       4.51005027E-02 -0.500000000    
          27          12  0.123805054       6.81601465E-02 -0.500000000    
          27          13  0.155651495       7.74315968E-02 -0.500000000    
          27          14  0.229538098      0.116320640     -0.500000000    
          27          15   7.45073929E-02  0.141263127     -0.500000000    
          27          16   2.09028907E-02  0.149320439     -0.500000000    
          27          17  -7.01042339E-02  0.163008869     -0.500000000    
          27          18  -3.23579367E-03  0.176414400     -0.500000000    
          27          19   6.15695715E-02  0.176110789     -0.500000000    
          27          20  0.175252303      0.169435516     -0.500000000    
          27          21   3.05756647E-03  0.136761039     -0.500000000    
          27          22   2.07845178E-02  0.106033050     -0.500000000    
          27          23  0.219187811       5.03669456E-02 -0.500000000    
          27          24  0.134882540       3.21113355E-02 -0.500000000    
          27          25   7.24162981E-02   4.53681275E-02 -0.500000000    
          27          26  -3.13451327E-02   7.77873024E-02 -0.500000000    
          27          27   5.86327426E-02   9.62858349E-02 -0.500000000    
          27          28  0.188160941      0.100569777     -0.500000000    
          27          29  0.325309783       9.20286849E-02 -0.500000000    
          27          30  0.263905913       7.82714635E-02 -0.500000000    
          27          31  0.231139854       6.22304417E-02 -0.500000000    
          27          32  0.161763951       2.92361211E-02 -0.500000000    
          27          33  0.133389205      -3.42544774E-03 -0.500000000    
          28           1  0.238546297      0.108022042     -0.500000000    
          28           2  0.407302260      0.124183923     -0.500000000    
          28           3  0.453734308      0.143154666     -0.500000000    
          28           4  0.513285339      0.150320470     -0.500000000    
          28           5  0.375258744      0.110403076     -0.500000000    
          28           6  0.231088445       8.19846913E-02 -0.500000000    
          28           7   8.76680538E-02   6.49233609E-02 -0.500000000    
          28           8   1.02270320E-02   3.70961018E-02 -0.500000000    
          28           9   1.13102086E-02   2.40329560E-02 -0.500000000    
          28          10   5.07007800E-02   2.96071935E-02 -0.500000000    
          28          11  0.115954928       5.10753244E-02 -0.500000000    
          28          12  0.219483912       5.72075173E-02 -0.500000000    
          28          13  0.313233584       5.30748665E-02 -0.500000000    
          28          14  0.277089149       8.51929486E-02 -0.500000000    
          28          15  0.126212403      0.124860540     -0.500000000    
          28          16   5.94527088E-02  0.145019993     -0.500000000    
          28          17  -3.79030295E-02  0.161036372     -0.500000000    
          28          18   1.53990351E-02  0.155504361     -0.500000000    
          28          19  0.118892081      0.140601352     -0.500000000    
          28          20  0.333722293      0.133536145     -0.500000000    
          28          21  0.150832579      0.103577688     -0.500000000    
          28          22  0.146974906       7.22162575E-02 -0.500000000    
          28          23  0.198409289       2.79216953E-02 -0.500000000    
          28          24  0.209224597       2.66044419E-02 -0.500000000    
          28          25  0.139437422       6.25129789E-02 -0.500000000    
          28          26   8.56668577E-02   9.04429257E-02 -0.500000000    
          28          27  0.188069806      0.100559749     -0.500000000    
          28          28  0.358545125       8.84330273E-02 -0.500000000    
          28          29  0.354423732       7.04747438E-02 -0.500000000    
          28          30  0.252261311       5.59272803E-02 -0.500000000    
          28          31  0.142831206       3.72759998E-02 -0.500000000    
          28          32   8.16271827E-02   4.19468008E-04 -0.500000000    
          28          33  0.256266028      -3.67154293E-02 -0.500000000    
          29           1  0.323905289      0.101759121     -0.500000000    
          29           2  0.515014112      0.116666064     -0.500000000    
          29           3  0.537427723      0.121503167     -0.500000000    
          29           4  0.590790570      0.128934219     -0.500000000    
          29           5  0.457707852      0.108779244     -0.500000000    
          29           6  0.342095882       7.93936327E-02 -0.500000000    
          29           7  0.224709585       7.36530796E-02 -0.500000000    
          29           8  0.170620009       6.19859621E-02 -0.500000000    
          29           9   4.10823971E-02   4.23341356E-02 -0.500000000    
          29          10  -8.24324787E-03   4.02193889E-02 -0.500000000    
          29          11   5.77806868E-02   6.43346310E-02 -0.500000000    
          29          12  0.170848787       6.23898432E-02 -0.500000000    
          29          13  0.241826624       4.44373675E-02 -0.500000000    
          29          14  0.223390251       6.04037754E-02 -0.500000000    
          29          15  0.110102773       9.92124155E-02 -0.500000000    
          29          16   7.80014694E-02  0.129946679     -0.500000000    
          29          17   8.28709602E-02  0.149141148     -0.500000000    
          29          18  0.123453826      0.121578753     -0.500000000    
          29          19  0.235455364       9.79265347E-02 -0.500000000    
          29          20  0.355308115       8.62510204E-02 -0.500000000    
          29          21  0.191913053       7.55006000E-02 -0.500000000    
          29          22  0.184981376       6.18635826E-02 -0.500000000    
          29          23   7.64926821E-02   2.78256871E-02 -0.500000000    
          29          24  0.173821837       3.44668999E-02 -0.500000000    
          29          25  0.241435334       8.09424147E-02 -0.500000000    
          29          26  0.256425858      0.107835345     -0.500000000    
          29          27  0.325095624       9.20229852E-02 -0.500000000    
          29          28  0.354258895       7.04827607E-02 -0.500000000    
          29          29  0.324386567       3.10231168E-02 -0.500000000    
          29          30  0.329395562      -3.90735175E-03 -0.500000000    
          29          31  0.227675632      -1.52770244E-02 -0.500000000    
          29          32   6.85427412E-02  -3.62893716E-02 -0.500000000    
          29          33  0.129459202      -6.49286583E-02 -0.500000000    
          30           1  0.339289427      0.115746804     -0.500000000    
          30           2  0.371473104       9.79321748E-02 -0.500000000    
          30           3  0.456292570       8.25703219E-02 -0.500000000    
          30           4  0.506162405       8.96661952E-02 -0.500000000    
          30           5  0.350867629       7.89440274E-02 -0.500000000    
          30           6  0.310715586       6.43054321E-02 -0.500000000    
          30           7  0.294152081       6.03550859E-02 -0.500000000    
          30           8  0.281518638       5.92343137E-02 -0.500000000    
          30           9   4.63366061E-02   5.12711406E-02 -0.500000000    
          30          10   9.81504936E-03   5.75481690E-02 -0.500000000    
          30          11   4.43261191E-02   7.50183687E-02 -0.500000000    
          30          12  0.112325199       6.49070442E-02 -0.500000000    
          30          13   8.77827033E-02   3.76440957E-02 -0.500000000    
          30          14  0.224169537       4.62417379E-02 -0.500000000    
          30          15  0.165334433       7.96175152E-02 -0.500000000    
          30          16  0.169306725      0.120887920     -0.500000000    
          30          17  0.199931711      0.136837721     -0.500000000    
          30          18  0.204872310       9.25961137E-02 -0.500000000    
          30          19  0.328694165       5.99048994E-02 -0.500000000    
          30          20  0.312069178       4.28436846E-02 -0.500000000    
          30          21  0.184621766       5.65046519E-02 -0.500000000    
          30          22  0.211943388       6.30046427E-02 -0.500000000    
          30          23   5.54295406E-02   3.98675539E-02 -0.500000000    
          30          24  0.117022246       5.28779700E-02 -0.500000000    
          30          25  0.272118539       9.10351425E-02 -0.500000000    
          30          26  0.355830371       8.92450139E-02 -0.500000000    
          30          27  0.263597518       7.82975852E-02 -0.500000000    
          30          28  0.251933038       5.59842028E-02 -0.500000000    
          30          29  0.329115689      -3.84453638E-03 -0.500000000    
          30          30  0.467750490      -6.09625913E-02 -0.500000000    
          30          31  0.370465755      -6.77867606E-02 -0.500000000    
          30          32  0.104363434      -6.53137416E-02 -0.500000000    
          30          33   5.34093305E-02  -6.82181865E-02 -0.500000000    
          31           1  0.246693030      0.136825934     -0.500000000    
          31           2  0.209993199       9.28306207E-02 -0.500000000    
          31           3  0.228310362       5.91838099E-02 -0.500000000    
          31           4  0.295326620       6.10371828E-02 -0.500000000    
          31           5  0.195643306       5.04930951E-02 -0.500000000    
          31           6  0.165931299       2.87057552E-02 -0.500000000    
          31           7  0.228969306       2.56023388E-02 -0.500000000    
          31           8  0.237166107       3.62847410E-02 -0.500000000    
          31           9   5.56032918E-02   4.87984903E-02 -0.500000000    
          31          10  0.126134232       6.24458455E-02 -0.500000000    
          31          11   9.33910459E-02   7.98722506E-02 -0.500000000    
          31          12   6.26340955E-02   5.81059381E-02 -0.500000000    
          31          13   3.29219848E-02   2.47630123E-02 -0.500000000    
          31          14  0.219908714       2.84954309E-02 -0.500000000    
          31          15  0.146280110       6.75051659E-02 -0.500000000    
          31          16  0.185349554      0.120115459     -0.500000000    
          31          17  0.298305660      0.130820885     -0.500000000    
          31          18  0.236551836       7.90544897E-02 -0.500000000    
          31          19  0.286045313       3.53972837E-02 -0.500000000    
          31          20  0.225407809       9.87904612E-03 -0.500000000    
          31          21  0.164276689       3.51495892E-02 -0.500000000    
          31          22  0.224846810       6.81314841E-02 -0.500000000    
          31          23   7.81913325E-02   5.98770492E-02 -0.500000000    
          31          24   9.12729576E-02   7.39209205E-02 -0.500000000    
          31          25  0.239822939       8.34898427E-02 -0.500000000    
          31          26  0.367265075       7.51710087E-02 -0.500000000    
          31          27  0.230668172       6.22952692E-02 -0.500000000    
          31          28  0.142228186       3.73768173E-02 -0.500000000    
          31          29  0.226976261      -1.51582556E-02 -0.500000000    
          31          30  0.369929135      -6.77041337E-02 -0.500000000    
          31          31  0.410590231      -9.47994813E-02 -0.500000000    
          31          32  0.309509665      -7.20461980E-02 -0.500000000    
          31          33  0.317365527      -4.06321585E-02 -0.500000000    
          32           1  0.405040443      0.184466690     -0.500000000    
          32           2  0.323133886      0.126226991     -0.500000000    
          32           3  0.145871609       8.25876221E-02 -0.500000000    
          32           4  0.155376270       5.38426861E-02 -0.500000000    
          32           5  0.121933155       1.68596078E-02 -0.500000000    
          32           6   6.09187260E-02  -9.71154869E-03 -0.500000000    
          32           7   6.28671870E-02  -5.46738133E-03 -0.500000000    
          32           8  0.179711699       1.15992483E-02 -0.500000000    
          32           9   6.58483878E-02   3.40707302E-02 -0.500000000    
          32          10  0.139671043       5.36371097E-02 -0.500000000    
          32          11  0.121711187       6.70816004E-02 -0.500000000    
          32          12   6.72241226E-02   4.08222973E-02 -0.500000000    
          32          13   3.47529799E-02   4.59381845E-03 -0.500000000    
          32          14  0.204265222       3.28451674E-03 -0.500000000    
          32          15  0.110471278       4.83788252E-02 -0.500000000    
          32          16  0.166065514      0.114827067     -0.500000000    
          32          17  0.314383805      0.127566949     -0.500000000    
          32          18  0.224223927       7.35399202E-02 -0.500000000    
          32          19  0.264229178       1.76244061E-02 -0.500000000    
          32          20  0.233024880      -1.82605628E-02 -0.500000000    
          32          21  0.189466134       1.28452275E-02 -0.500000000    
          32          22  0.255599052       5.94956502E-02 -0.500000000    
          32          23  0.160932213       7.33878091E-02 -0.500000000    
          32          24   1.02817006E-02   9.04102474E-02 -0.500000000    
          32          25  0.107693292       7.62801468E-02 -0.500000000    
          32          26  0.209018484       5.95543161E-02 -0.500000000    
          32          27  0.161171630       2.93056797E-02 -0.500000000    
          32          28   8.09473991E-02   5.27572120E-04 -0.500000000    
          32          29   6.77878559E-02  -3.61400545E-02 -0.500000000    
          32          30  0.103583008      -6.51529282E-02 -0.500000000    
          32          31  0.308865726      -7.19376728E-02 -0.500000000    
          32          32  0.614895105      -5.95994107E-02 -0.500000000    
          32          33  0.763652802      -1.93461478E-02 -0.500000000    
          33           1  0.861607969      0.241824463     -0.500000000    
          33           2  0.623836339      0.194150358     -0.500000000    
          33           3  0.373198628      0.120564818     -0.500000000    
          33           4   6.55683279E-02   3.42042930E-02 -0.500000000    
          33           5   4.33474593E-02  -1.82312317E-02 -0.500000000    
          33           6  0.131383717      -3.48115414E-02 -0.500000000    
          33           7  0.118975542      -2.05943119E-02 -0.500000000    
          33           8  0.164765462       1.11899162E-02 -0.500000000    
          33           9   5.48550412E-02   2.27556862E-02 -0.500000000    
          33          10   5.45029640E-02   2.91800946E-02 -0.500000000    
          33          11  0.101927593       5.18647060E-02 -0.500000000    
          33          12  0.157752275       2.25926824E-02 -0.500000000    
          33          13   9.88056064E-02  -1.30980080E-02 -0.500000000    
          33          14  0.216536865      -1.45225227E-02 -0.500000000    
          33          15  0.104054466       3.32243741E-02 -0.500000000    
          33          16  0.249757513      0.111056700     -0.500000000    
          33          17  0.456070215      0.127520278     -0.500000000    
          33          18  0.337624460       7.32488036E-02 -0.500000000    
          33          19  0.332380831       8.80335644E-03 -0.500000000    
          33          20  0.320049524      -3.40464376E-02 -0.500000000    
          33          21  0.326389313      -1.05737527E-04 -0.500000000    
          33          22  0.427222371       4.72497605E-02 -0.500000000    
          33          23  0.206926003       7.26004839E-02 -0.500000000    
          33          24   2.95763891E-02   9.68666226E-02 -0.500000000    
          33          25   9.90221277E-03   7.65616298E-02 -0.500000000    
          33          26  -3.39742228E-02   4.67116088E-02 -0.500000000    
          33          27  0.133069962      -3.35621508E-03 -0.500000000    
          33          28  0.255683094      -3.65991294E-02 -0.500000000    
          33          29  0.128714025      -6.47630766E-02 -0.500000000    
          33          30   5.24839982E-02  -6.80234805E-02 -0.500000000    
          33          31  0.316018879      -4.04546149E-02 -0.500000000    
          33          32  0.762837291      -1.92648303E-02 -0.500000000    
          33          33  0.995353460      -6.21263869E-03 -0.500000000    
