           1           1  0.889312685     -0.303565741     -0.500000000    
           1           2  0.624112427     -0.246466339     -0.500000000    
           1           3  0.265102535     -0.145712554     -0.500000000    
           1           4  0.169451341      -7.20218271E-02 -0.500000000    
           1           5  0.185446858      -3.85461114E-02 -0.500000000    
           1           6   8.16915855E-02  -2.92381197E-02 -0.500000000    
           1           7   1.30379628E-02   1.11224325E-02 -0.500000000    
           1           8  -6.26935214E-02   3.24175991E-02 -0.500000000    
           1           9 -0.195799321      -2.43022852E-03 -0.500000000    
           1          10 -0.152896896      -3.61683480E-02 -0.500000000    
           1          11  -5.40589467E-02  -5.84625341E-02 -0.500000000    
           1          12   7.69017041E-02  -4.17765751E-02 -0.500000000    
           1          13   9.48184356E-03  -1.80651285E-02 -0.500000000    
           1          14   5.99881401E-03  -2.43830886E-02 -0.500000000    
           1          15  0.126964971      -6.24799207E-02 -0.500000000    
           1          16  0.127680182     -0.106060795     -0.500000000    
           1          17   7.18886405E-02  -9.72882733E-02 -0.500000000    
           1          18  0.108184129      -6.60768971E-02 -0.500000000    
           1          19   2.99332365E-02  -1.71818938E-02 -0.500000000    
           1          20   7.97042772E-02  -7.36996066E-03 -0.500000000    
           1          21  0.197167873      -4.32241596E-02 -0.500000000    
           1          22  0.241048142      -9.62894559E-02 -0.500000000    
           1          23  0.222195879     -0.129004374     -0.500000000    
           1          24   2.63377465E-02 -0.144083247     -0.500000000    
           1          25  -4.54218499E-03 -0.116244823     -0.500000000    
           1          26   8.35244358E-02  -8.88742357E-02 -0.500000000    
           1          27  0.139117777      -9.99720469E-02 -0.500000000    
           1          28  0.214692742     -0.103766240     -0.500000000    
           1          29  0.200106978      -8.03212970E-02 -0.500000000    
           1          30   6.04632124E-02  -9.73017067E-02 -0.500000000    
           1          31  -8.04221779E-02 -0.168032721     -0.500000000    
           1          32 -0.130059630     -0.218324915     -0.500000000    
           1          33  -4.64650057E-02 -0.267263442     -0.500000000    
           2           1  0.624835134     -0.246478677     -0.500000000    
           2           2  0.292049617     -0.187712878     -0.500000000    
           2           3  0.300933927     -0.134016976     -0.500000000    
           2           4  0.192764863      -7.59540126E-02 -0.500000000    
           2           5   7.54409060E-02  -5.80715351E-02 -0.500000000    
           2           6  -1.18337376E-02  -5.62855266E-02 -0.500000000    
           2           7  -1.35541577E-02  -2.40739286E-02 -0.500000000    
           2           8   6.81553185E-02  -1.68762263E-03 -0.500000000    
           2           9 -0.112613201      -1.76031999E-02 -0.500000000    
           2          10 -0.222182840      -3.02369893E-02 -0.500000000    
           2          11   4.80341120E-03  -3.79403643E-02 -0.500000000    
           2          12   8.95591155E-02  -2.96039470E-02 -0.500000000    
           2          13  -2.64766067E-02  -9.35135875E-03 -0.500000000    
           2          14  -2.83854213E-02  -1.05396258E-02 -0.500000000    
           2          15  0.102547668      -3.74311991E-02 -0.500000000    
           2          16   7.03535751E-02  -7.12432563E-02 -0.500000000    
           2          17   1.52139633E-03  -6.01485968E-02 -0.500000000    
           2          18   9.95506197E-02  -3.78378145E-02 -0.500000000    
           2          19  -1.29793547E-02   1.87799125E-03 -0.500000000    
           2          20  -3.63215525E-03   1.19415140E-02 -0.500000000    
           2          21   4.11070809E-02  -8.66448693E-03 -0.500000000    
           2          22   8.26343372E-02  -4.20097262E-02 -0.500000000    
           2          23   7.92476460E-02  -8.68329853E-02 -0.500000000    
           2          24   4.28065062E-02 -0.125967711     -0.500000000    
           2          25  0.129467666     -0.117142715     -0.500000000    
           2          26  0.169179499     -0.104727976     -0.500000000    
           2          27   7.55551085E-02 -0.107647903     -0.500000000    
           2          28   3.36809009E-02  -9.35553983E-02 -0.500000000    
           2          29   8.90060365E-02  -6.73520863E-02 -0.500000000    
           2          30  0.174479574      -8.15003812E-02 -0.500000000    
           2          31  -2.26309560E-02 -0.148296490     -0.500000000    
           2          32 -0.126665995     -0.171628535     -0.500000000    
           2          33  -1.76969394E-02 -0.201451123     -0.500000000    
           3           1  0.265679955     -0.145656258     -0.500000000    
           3           2  0.301248968     -0.133980840     -0.500000000    
           3           3  0.359580785     -0.112128377     -0.500000000    
           3           4  0.376915514      -9.48463157E-02 -0.500000000    
           3           5  0.250491768      -7.81679451E-02 -0.500000000    
           3           6   6.70248792E-02  -7.61463419E-02 -0.500000000    
           3           7  -3.41464765E-02  -5.28366566E-02 -0.500000000    
           3           8   1.12656709E-02  -2.05433890E-02 -0.500000000    
           3           9  -6.22295700E-02  -2.56451294E-02 -0.500000000    
           3          10  -8.50366578E-02  -2.26427689E-02 -0.500000000    
           3          11  -5.12932381E-03  -2.63906736E-02 -0.500000000    
           3          12   9.72216651E-02  -1.34564182E-02 -0.500000000    
           3          13   8.47221240E-02   9.02968924E-03 -0.500000000    
           3          14   3.89656611E-02   1.00864517E-02 -0.500000000    
           3          15   6.39816746E-02  -7.73300463E-03 -0.500000000    
           3          16   4.05153520E-02  -3.60860638E-02 -0.500000000    
           3          17  -3.04348450E-02  -2.57471781E-02 -0.500000000    
           3          18  0.108767189      -1.31366644E-02 -0.500000000    
           3          19   4.00163420E-02   1.45511776E-02 -0.500000000    
           3          20  0.106611788       3.42180803E-02 -0.500000000    
           3          21   2.21797526E-02   2.99797542E-02 -0.500000000    
           3          22  -5.51301846E-03   4.10455232E-03 -0.500000000    
           3          23   6.68770969E-02  -3.78909372E-02 -0.500000000    
           3          24  0.146928668      -8.81778151E-02 -0.500000000    
           3          25  0.199911818      -9.32853147E-02 -0.500000000    
           3          26  0.177276328      -9.58248302E-02 -0.500000000    
           3          27  0.149063528     -0.106712781     -0.500000000    
           3          28   7.01731369E-02  -8.26060772E-02 -0.500000000    
           3          29  0.126486629      -7.28148744E-02 -0.500000000    
           3          30  0.189980999      -6.98719695E-02 -0.500000000    
           3          31  -7.27175772E-02  -9.54398811E-02 -0.500000000    
           3          32 -0.183882326     -0.121250927     -0.500000000    
           3          33 -0.113627255     -0.122917689     -0.500000000    
           4           1  0.170011684      -7.19281510E-02 -0.500000000    
           4           2  0.193285435      -7.58902952E-02 -0.500000000    
           4           3  0.377202004      -9.48130637E-02 -0.500000000    
           4           4  0.301368326      -8.72302502E-02 -0.500000000    
           4           5  0.258712262      -7.95619786E-02 -0.500000000    
           4           6  0.114174999      -8.48669633E-02 -0.500000000    
           4           7   1.54574867E-02  -6.58628196E-02 -0.500000000    
           4           8   2.34129317E-02  -2.89215073E-02 -0.500000000    
           4           9   1.95354428E-02  -2.60461420E-02 -0.500000000    
           4          10   4.29813303E-02  -1.67492796E-02 -0.500000000    
           4          11   8.80483352E-03  -1.57002471E-02 -0.500000000    
           4          12  0.135878831       5.19024767E-03 -0.500000000    
           4          13  0.147608578       1.97587833E-02 -0.500000000    
           4          14  0.128405452       1.36410976E-02 -0.500000000    
           4          15  0.131698593       4.66408674E-05 -0.500000000    
           4          16   9.65045542E-02  -2.99673490E-02 -0.500000000    
           4          17   7.25618154E-02  -2.36540902E-02 -0.500000000    
           4          18  0.148313254      -1.77892037E-02 -0.500000000    
           4          19  0.164359838       2.83106277E-03 -0.500000000    
           4          20  0.217311218       2.65441276E-02 -0.500000000    
           4          21  0.107223950       4.17997390E-02 -0.500000000    
           4          22   5.17505258E-02   2.96430178E-02 -0.500000000    
           4          23  0.169913799      -5.33049367E-03 -0.500000000    
           4          24  0.210620359      -3.67536582E-02 -0.500000000    
           4          25  0.188201874      -4.68382388E-02 -0.500000000    
           4          26  0.161916539      -6.51846156E-02 -0.500000000    
           4          27  0.132980749      -8.07825923E-02 -0.500000000    
           4          28  0.161168709      -7.05715269E-02 -0.500000000    
           4          29  0.147708416      -6.94186091E-02 -0.500000000    
           4          30  -8.54846090E-03  -4.87518087E-02 -0.500000000    
           4          31  -6.54432774E-02  -4.06099893E-02 -0.500000000    
           4          32 -0.124719456      -4.58782576E-02 -0.500000000    
           4          33   1.86073370E-02  -5.50910942E-02 -0.500000000    
           5           1  0.185988382      -3.84549908E-02 -0.500000000    
           5           2   7.59811476E-02  -5.80044575E-02 -0.500000000    
           5           3  0.250848323      -7.81279653E-02 -0.500000000    
           5           4  0.258840472      -7.95509964E-02 -0.500000000    
           5           5  0.107804634      -9.18750614E-02 -0.500000000    
           5           6   9.47473496E-02  -9.02542025E-02 -0.500000000    
           5           7  0.108985364      -6.89744204E-02 -0.500000000    
           5           8   3.30423266E-02  -3.98896895E-02 -0.500000000    
           5           9   1.69546772E-02  -2.97627617E-02 -0.500000000    
           5          10   9.86292362E-02  -1.30994478E-02 -0.500000000    
           5          11   3.59715447E-02   1.85957621E-03 -0.500000000    
           5          12  0.141429812       2.05318443E-02 -0.500000000    
           5          13  0.126261279       2.00888608E-02 -0.500000000    
           5          14  0.155425757       7.48565979E-03 -0.500000000    
           5          15  0.208372623      -6.43940875E-04 -0.500000000    
           5          16   6.67918324E-02  -3.09710056E-02 -0.500000000    
           5          17  0.113586336      -3.22240815E-02 -0.500000000    
           5          18  0.164735153      -2.91052889E-02 -0.500000000    
           5          19  0.198357165      -1.36365313E-02 -0.500000000    
           5          20  0.231388614       9.53565631E-03 -0.500000000    
           5          21  0.152960494       2.94696223E-02 -0.500000000    
           5          22  0.169249997       3.52935493E-02 -0.500000000    
           5          23  0.304536372       1.74223799E-02 -0.500000000    
           5          24  0.291794777       3.91138578E-03 -0.500000000    
           5          25  0.115579076       6.04836550E-03 -0.500000000    
           5          26   9.34279189E-02  -1.52290137E-02 -0.500000000    
           5          27   4.20337990E-02  -3.98601517E-02 -0.500000000    
           5          28   2.33704727E-02  -4.80416454E-02 -0.500000000    
           5          29   8.46715122E-02  -4.98517342E-02 -0.500000000    
           5          30  -6.95416704E-03  -3.87100726E-02 -0.500000000    
           5          31 -0.139393345      -3.83809162E-03 -0.500000000    
           5          32  -5.07217757E-02  -1.36056216E-03 -0.500000000    
           5          33   6.33985102E-02   3.62069113E-03 -0.500000000    
           6           1   8.19894373E-02  -2.91786157E-02 -0.500000000    
           6           2  -1.16184652E-02  -5.62369786E-02 -0.500000000    
           6           3   6.70717806E-02  -7.61197656E-02 -0.500000000    
           6           4  0.114009894      -8.48613307E-02 -0.500000000    
           6           5   9.47209448E-02  -9.02445838E-02 -0.500000000    
           6           6   8.96131620E-02  -9.19186398E-02 -0.500000000    
           6           7   8.25857092E-03  -6.78692982E-02 -0.500000000    
           6           8   3.10256705E-02  -3.42521034E-02 -0.500000000    
           6           9   1.78022888E-02  -2.48941854E-02 -0.500000000    
           6          10   3.40683386E-02   2.46681296E-03 -0.500000000    
           6          11  -2.09539644E-02   1.91395059E-02 -0.500000000    
           6          12   8.31083506E-02   1.82279758E-02 -0.500000000    
           6          13   9.25519615E-02   8.12473823E-04 -0.500000000    
           6          14  0.149908364      -3.79590224E-03 -0.500000000    
           6          15  0.213750839      -7.10863015E-03 -0.500000000    
           6          16   2.88460329E-02  -2.39649024E-02 -0.500000000    
           6          17   9.35617462E-02  -3.85886729E-02 -0.500000000    
           6          18  0.249686524      -3.51495370E-02 -0.500000000    
           6          19  0.230852604      -2.71889437E-02 -0.500000000    
           6          20  0.193808600      -9.06175375E-03 -0.500000000    
           6          21  0.118147947       9.21727158E-03 -0.500000000    
           6          22  0.179865360       1.92971956E-02 -0.500000000    
           6          23  0.341005206       2.64562182E-02 -0.500000000    
           6          24  0.309025794       3.08797844E-02 -0.500000000    
           6          25  0.285968959       5.61177917E-02 -0.500000000    
           6          26  0.172765285       4.00363021E-02 -0.500000000    
           6          27   1.55480560E-02   2.42403871E-03 -0.500000000    
           6          28  -3.82148027E-02  -2.14755293E-02 -0.500000000    
           6          29  -1.08694267E-02  -2.78371423E-02 -0.500000000    
           6          30  -3.24169025E-02  -3.09149455E-02 -0.500000000    
           6          31  -5.50707728E-02  -1.63784456E-02 -0.500000000    
           6          32   2.74234992E-02   1.83150135E-02 -0.500000000    
           6          33   1.09609393E-02   3.26556861E-02 -0.500000000    
           7           1   1.30153727E-02   1.11503080E-02 -0.500000000    
           7           2  -1.36484597E-02  -2.40466539E-02 -0.500000000    
           7           3  -3.42662334E-02  -5.28125949E-02 -0.500000000    
           7           4   1.55425994E-02  -6.58302382E-02 -0.500000000    
           7           5  0.109072819      -6.89427331E-02 -0.500000000    
           7           6   8.26760475E-03  -6.78572133E-02 -0.500000000    
           7           7  -4.67693061E-02  -4.81368937E-02 -0.500000000    
           7           8   2.26568198E-04  -2.07599858E-03 -0.500000000    
           7           9  -4.94383797E-02   8.23826995E-03 -0.500000000    
           7          10  -1.84893627E-02   2.95876414E-02 -0.500000000    
           7          11 -0.138569519       3.49006802E-02 -0.500000000    
           7          12  -4.37549166E-02   7.10900058E-05 -0.500000000    
           7          13   3.85735482E-02  -2.51272079E-02 -0.500000000    
           7          14  0.113705158      -2.71156598E-02 -0.500000000    
           7          15  0.211448655      -2.37953290E-02 -0.500000000    
           7          16   5.66469692E-02  -2.99003981E-02 -0.500000000    
           7          17   7.45594800E-02  -5.62706403E-02 -0.500000000    
           7          18  0.374239475      -4.82699014E-02 -0.500000000    
           7          19  0.320947140      -4.32597809E-02 -0.500000000    
           7          20  0.201466471      -3.57646979E-02 -0.500000000    
           7          21   5.82887940E-02  -1.40195498E-02 -0.500000000    
           7          22  -9.35531035E-03   8.74153897E-03 -0.500000000    
           7          23  0.215455413       3.28663252E-02 -0.500000000    
           7          24  0.289940000       4.91908267E-02 -0.500000000    
           7          25  0.266193777       9.36959162E-02 -0.500000000    
           7          26  0.219350040       9.11559314E-02 -0.500000000    
           7          27  0.103375711       5.06638773E-02 -0.500000000    
           7          28   4.46339920E-02   3.03017255E-02 -0.500000000    
           7          29   5.69183230E-02   5.11117373E-03 -0.500000000    
           7          30  -1.40797347E-05  -1.30531844E-02 -0.500000000    
           7          31   8.51666108E-02  -1.69243813E-02 -0.500000000    
           7          32  0.126340598       1.79462340E-02 -0.500000000    
           7          33   9.27684605E-02   4.94796559E-02 -0.500000000    
           8           1  -6.25916123E-02   3.24668176E-02 -0.500000000    
           8           2   6.83232546E-02  -1.63601362E-03 -0.500000000    
           8           3   1.15018282E-02  -2.04856787E-02 -0.500000000    
           8           4   2.35761330E-02  -2.88666710E-02 -0.500000000    
           8           5   3.31215821E-02  -3.98521163E-02 -0.500000000    
           8           6   3.10222562E-02  -3.42364274E-02 -0.500000000    
           8           7   2.44389055E-04  -2.07491638E-03 -0.500000000    
           8           8  -1.91370957E-02   5.30712530E-02 -0.500000000    
           8           9  -1.25274360E-02   5.85874692E-02 -0.500000000    
           8          10  -1.96421985E-03   6.02513924E-02 -0.500000000    
           8          11 -0.136483803       5.92555255E-02 -0.500000000    
           8          12  -7.70517066E-02   6.24652905E-03 -0.500000000    
           8          13   4.94820811E-02  -3.03851031E-02 -0.500000000    
           8          14   7.10961148E-02  -4.44574319E-02 -0.500000000    
           8          15   9.99295115E-02  -4.54595797E-02 -0.500000000    
           8          16   9.03390273E-02  -6.75895587E-02 -0.500000000    
           8          17  0.138615683      -9.85756591E-02 -0.500000000    
           8          18  0.400405943      -8.53127465E-02 -0.500000000    
           8          19  0.348884374      -6.69300407E-02 -0.500000000    
           8          20  0.136933133      -5.57913221E-02 -0.500000000    
           8          21  -1.00730425E-02  -2.15814244E-02 -0.500000000    
           8          22 -0.147683710       1.77781451E-02 -0.500000000    
           8          23   7.90436566E-02   5.30546494E-02 -0.500000000    
           8          24  0.196555018       7.58505389E-02 -0.500000000    
           8          25  0.178450078      0.121048979     -0.500000000    
           8          26  0.167481109      0.111169837     -0.500000000    
           8          27   9.01719481E-02   8.18166658E-02 -0.500000000    
           8          28   1.85155924E-02   5.45457862E-02 -0.500000000    
           8          29   3.80571187E-02   3.41066681E-02 -0.500000000    
           8          30  0.113787420       9.06665530E-03 -0.500000000    
           8          31  0.199533641      -5.53247798E-03 -0.500000000    
           8          32  0.183118775       6.36558095E-03 -0.500000000    
           8          33   9.36290175E-02   2.62405463E-02 -0.500000000    
           9           1 -0.195584416      -2.36381777E-03 -0.500000000    
           9           2 -0.112201117      -1.75418723E-02 -0.500000000    
           9           3  -6.19401261E-02  -2.55842302E-02 -0.500000000    
           9           4   1.95997059E-02  -2.59875674E-02 -0.500000000    
           9           5   1.68889258E-02  -2.97163110E-02 -0.500000000    
           9           6   1.77415162E-02  -2.48691179E-02 -0.500000000    
           9           7  -4.94556874E-02   8.25093035E-03 -0.500000000    
           9           8  -1.24844024E-02   5.85967861E-02 -0.500000000    
           9           9  -3.02650058E-03   7.50099719E-02 -0.500000000    
           9          10   7.42711201E-02   6.33813515E-02 -0.500000000    
           9          11   5.99617586E-02   5.08836173E-02 -0.500000000    
           9          12  0.116114751       1.93555199E-04 -0.500000000    
           9          13  0.200523645      -3.42303179E-02 -0.500000000    
           9          14  0.127635077      -4.33307551E-02 -0.500000000    
           9          15   8.29519853E-02  -5.54460213E-02 -0.500000000    
           9          16   9.59477425E-02  -9.26314667E-02 -0.500000000    
           9          17  0.125097841     -0.113990091     -0.500000000    
           9          18  0.168683127     -0.107944556     -0.500000000    
           9          19  0.211474806      -8.23589414E-02 -0.500000000    
           9          20   7.02163205E-02  -7.34745413E-02 -0.500000000    
           9          21   4.27839756E-02  -3.78228277E-02 -0.500000000    
           9          22   6.05970947E-03   2.86079850E-03 -0.500000000    
           9          23  0.125615612       4.05278020E-02 -0.500000000    
           9          24  0.185211375       7.66031593E-02 -0.500000000    
           9          25  0.158315748      0.120969191     -0.500000000    
           9          26   4.30059880E-02  0.104942650     -0.500000000    
           9          27   5.43061048E-02   7.56421462E-02 -0.500000000    
           9          28  -1.87219642E-02   5.00352681E-02 -0.500000000    
           9          29  -4.23618034E-02   2.62853894E-02 -0.500000000    
           9          30   4.99055274E-02  -6.82309456E-03 -0.500000000    
           9          31  0.121462226      -3.43920663E-02 -0.500000000    
           9          32   9.06866565E-02  -3.72251682E-02 -0.500000000    
           9          33  0.189844310      -2.91699097E-02 -0.500000000    
          10           1 -0.153129593      -3.61216925E-02 -0.500000000    
          10           2 -0.222197220      -3.01926397E-02 -0.500000000    
          10           3  -8.49668682E-02  -2.25968007E-02 -0.500000000    
          10           4   4.30062748E-02  -1.67044066E-02 -0.500000000    
          10           5   9.86213610E-02  -1.30632427E-02 -0.500000000    
          10           6   3.40102091E-02   2.49114982E-03 -0.500000000    
          10           7  -1.85486935E-02   2.96043735E-02 -0.500000000    
          10           8  -1.94188859E-03   6.02673404E-02 -0.500000000    
          10           9   7.43422434E-02   6.33959025E-02 -0.500000000    
          10          10  0.120882556       3.04940864E-02 -0.500000000    
          10          11  0.173027843      -9.09953937E-03 -0.500000000    
          10          12  0.263345003      -5.21871857E-02 -0.500000000    
          10          13  0.275405228      -7.33249485E-02 -0.500000000    
          10          14  0.141744658      -5.67434281E-02 -0.500000000    
          10          15  0.102575466      -6.43668994E-02 -0.500000000    
          10          16   3.59401964E-02  -8.01173374E-02 -0.500000000    
          10          17   3.81835662E-02  -7.77376071E-02 -0.500000000    
          10          18   3.30113713E-03  -8.28312188E-02 -0.500000000    
          10          19   5.81378117E-02  -7.83467442E-02 -0.500000000    
          10          20   4.02797498E-02 -0.100567169     -0.500000000    
          10          21  0.137596384      -9.63149965E-02 -0.500000000    
          10          22  0.195541441      -6.54971227E-02 -0.500000000    
          10          23  0.212396458      -9.44316271E-04 -0.500000000    
          10          24  0.127057448       4.92300913E-02 -0.500000000    
          10          25  -1.02045797E-02   9.01225060E-02 -0.500000000    
          10          26  -2.64073759E-02   9.20388848E-02 -0.500000000    
          10          27  -4.32461035E-03   8.19433033E-02 -0.500000000    
          10          28   1.55141717E-03   6.46483079E-02 -0.500000000    
          10          29   5.23637496E-02   2.31454168E-02 -0.500000000    
          10          30   8.07000697E-03  -1.43264476E-02 -0.500000000    
          10          31   2.29771268E-02  -4.33826707E-02 -0.500000000    
          10          32   7.89806843E-02  -5.90636618E-02 -0.500000000    
          10          33  0.244837865      -6.23922534E-02 -0.500000000    
          11           1  -5.44641428E-02  -5.83869852E-02 -0.500000000    
          11           2   4.70248004E-03  -3.78638320E-02 -0.500000000    
          11           3  -5.14602754E-03  -2.63209529E-02 -0.500000000    
          11           4   8.83725844E-03  -1.56456716E-02 -0.500000000    
          11           5   3.59892845E-02   1.89553085E-03 -0.500000000    
          11           6  -2.09580362E-02   1.91554707E-02 -0.500000000    
          11           7 -0.138605326       3.48997824E-02 -0.500000000    
          11           8 -0.136490047       5.92501909E-02 -0.500000000    
          11           9   5.99906668E-02   5.08817881E-02 -0.500000000    
          11          10  0.173048615      -9.09814797E-03 -0.500000000    
          11          11  0.130702481      -6.37093186E-02 -0.500000000    
          11          12  0.167327121      -8.67068172E-02 -0.500000000    
          11          13  0.178221166      -8.08353350E-02 -0.500000000    
          11          14  0.247621015      -5.48098721E-02 -0.500000000    
          11          15  0.239653930      -8.39020610E-02 -0.500000000    
          11          16   6.74261227E-02  -8.79842788E-02 -0.500000000    
          11          17  -4.67962585E-02  -7.99771547E-02 -0.500000000    
          11          18   5.90232313E-02  -8.52132514E-02 -0.500000000    
          11          19   9.56720263E-02  -7.89060593E-02 -0.500000000    
          11          20  0.171425089      -9.86600667E-02 -0.500000000    
          11          21  0.141854763     -0.119460285     -0.500000000    
          11          22   9.01954174E-02 -0.108418748     -0.500000000    
          11          23  0.132834092      -5.28060310E-02 -0.500000000    
          11          24   9.48345885E-02   2.10420620E-02 -0.500000000    
          11          25 -0.115496866       6.19017296E-02 -0.500000000    
          11          26 -0.107941329       6.85591400E-02 -0.500000000    
          11          27   2.05677804E-02   8.20409879E-02 -0.500000000    
          11          28  0.110265620       7.85256624E-02 -0.500000000    
          11          29  0.126835331       3.67581174E-02 -0.500000000    
          11          30  0.147779062      -1.18700769E-02 -0.500000000    
          11          31  0.160308391      -3.23241018E-02 -0.500000000    
          11          32  0.203982607      -4.42930311E-02 -0.500000000    
          11          33  0.261105537      -5.41811548E-02 -0.500000000    
          12           1   7.64451548E-02  -4.16774750E-02 -0.500000000    
          12           2   8.92949030E-02  -2.95093711E-02 -0.500000000    
          12           3   9.70404670E-02  -1.33713260E-02 -0.500000000    
          12           4  0.135743007       5.26410528E-03 -0.500000000    
          12           5  0.141374797       2.05891281E-02 -0.500000000    
          12           6   8.30965489E-02   1.82674136E-02 -0.500000000    
          12           7  -4.37715538E-02   9.26388893E-05 -0.500000000    
          12           8  -7.70453066E-02   6.25180686E-03 -0.500000000    
          12           9  0.116150975       1.85590237E-04 -0.500000000    
          12          10  0.263360947      -5.22073694E-02 -0.500000000    
          12          11  0.167379081      -8.67301896E-02 -0.500000000    
          12          12  -2.47301050E-02  -8.42726007E-02 -0.500000000    
          12          13  -5.35415076E-02  -6.70651197E-02 -0.500000000    
          12          14  0.146494105      -7.82212541E-02 -0.500000000    
          12          15  0.299746156     -0.107412867     -0.500000000    
          12          16  0.147500962      -8.91927555E-02 -0.500000000    
          12          17   1.99913699E-02  -7.59534761E-02 -0.500000000    
          12          18  0.210380763      -8.43468979E-02 -0.500000000    
          12          19  0.251473010      -8.64986628E-02 -0.500000000    
          12          20  0.159982547     -0.110705122     -0.500000000    
          12          21   6.86550662E-02 -0.146717727     -0.500000000    
          12          22  -2.33867653E-02 -0.135534972     -0.500000000    
          12          23  0.117506064      -9.53790098E-02 -0.500000000    
          12          24   7.75289461E-02  -1.98158287E-02 -0.500000000    
          12          25  -4.39051166E-02   2.82539986E-02 -0.500000000    
          12          26  -2.64772284E-03   2.32594702E-02 -0.500000000    
          12          27   5.90006560E-02   4.05397378E-02 -0.500000000    
          12          28  0.126504526       5.60937040E-02 -0.500000000    
          12          29  0.108864799       3.63227837E-02 -0.500000000    
          12          30  0.105825610       3.17701977E-03 -0.500000000    
          12          31  0.168482482      -1.58654228E-02 -0.500000000    
          12          32  0.158989757      -1.06096352E-02 -0.500000000    
          12          33  0.110625714      -5.34777949E-03 -0.500000000    
          13           1   9.10966657E-03  -1.80057064E-02 -0.500000000    
          13           2  -2.67569032E-02  -9.29845776E-03 -0.500000000    
          13           3   8.45156163E-02   9.07554757E-03 -0.500000000    
          13           4  0.147380441       1.98010411E-02 -0.500000000    
          13           5  0.126015857       2.01298445E-02 -0.500000000    
          13           6   9.23338011E-02   8.53658770E-04 -0.500000000    
          13           7   3.83804776E-02  -2.50895452E-02 -0.500000000    
          13           8   4.93849814E-02  -3.03584393E-02 -0.500000000    
          13           9  0.200541928      -3.42153572E-02 -0.500000000    
          13          10  0.275503010      -7.33264685E-02 -0.500000000    
          13          11  0.178401768      -8.08653384E-02 -0.500000000    
          13          12  -5.34971170E-02  -6.71060905E-02 -0.500000000    
          13          13   3.27977277E-02  -5.29485457E-02 -0.500000000    
          13          14   7.43534490E-02  -7.40808472E-02 -0.500000000    
          13          15  0.187450409      -9.38746482E-02 -0.500000000    
          13          16   4.53327410E-02  -9.67890322E-02 -0.500000000    
          13          17   7.94048905E-02  -9.47871432E-02 -0.500000000    
          13          18  0.165869519     -0.102592878     -0.500000000    
          13          19  0.243986279     -0.110237442     -0.500000000    
          13          20  0.103639320     -0.124756612     -0.500000000    
          13          21   8.05287585E-02 -0.160146534     -0.500000000    
          13          22  0.216301933     -0.140012860     -0.500000000    
          13          23  0.359788477      -9.85468030E-02 -0.500000000    
          13          24  0.219134420      -3.91587839E-02 -0.500000000    
          13          25   1.35561824E-03  -7.12641608E-03 -0.500000000    
          13          26   2.47070659E-02  -1.49821471E-02 -0.500000000    
          13          27  0.129502490       1.56219059E-04 -0.500000000    
          13          28  0.149895966       2.04985682E-02 -0.500000000    
          13          29  0.172859818       2.19082888E-02 -0.500000000    
          13          30   9.12595168E-02   1.83302201E-02 -0.500000000    
          13          31   3.45725380E-03   1.71996411E-02 -0.500000000    
          13          32  -9.88906436E-03   2.48060636E-02 -0.500000000    
          13          33   6.81794435E-03   3.60173136E-02 -0.500000000    
          14           1   5.99679630E-03  -2.43547652E-02 -0.500000000    
          14           2  -2.83551347E-02  -1.05207618E-02 -0.500000000    
          14           3   3.89626697E-02   1.00933444E-02 -0.500000000    
          14           4  0.128396377       1.36415688E-02 -0.500000000    
          14           5  0.155411884       7.48992199E-03 -0.500000000    
          14           6  0.149900347      -3.78436758E-03 -0.500000000    
          14           7  0.113744147      -2.71037128E-02 -0.500000000    
          14           8   7.10826144E-02  -4.44478393E-02 -0.500000000    
          14           9  0.127522767      -4.33210805E-02 -0.500000000    
          14          10  0.141620100      -5.67394793E-02 -0.500000000    
          14          11  0.247628897      -5.48156947E-02 -0.500000000    
          14          12  0.146633416      -7.82451257E-02 -0.500000000    
          14          13   7.43563399E-02  -7.41091147E-02 -0.500000000    
          14          14  0.168935150      -7.89414272E-02 -0.500000000    
          14          15  0.234159932      -7.96864256E-02 -0.500000000    
          14          16   8.89663696E-02  -7.95498788E-02 -0.500000000    
          14          17   4.44039376E-03  -8.39923248E-02 -0.500000000    
          14          18  -5.60421497E-02 -0.102454424     -0.500000000    
          14          19  0.160592109     -0.126724854     -0.500000000    
          14          20  0.110814393     -0.129108384     -0.500000000    
          14          21   9.50591564E-02 -0.135790810     -0.500000000    
          14          22  0.291103125     -0.121259570     -0.500000000    
          14          23  0.323833168      -9.64843333E-02 -0.500000000    
          14          24  0.203494444      -5.17121665E-02 -0.500000000    
          14          25   3.78943942E-02  -3.16283852E-02 -0.500000000    
          14          26   1.26293777E-02  -2.92300228E-02 -0.500000000    
          14          27  0.104968667      -1.36348661E-02 -0.500000000    
          14          28  0.133193508      -3.21634766E-03 -0.500000000    
          14          29  0.148117587      -3.82492109E-03 -0.500000000    
          14          30   7.12556168E-02   6.44534361E-03 -0.500000000    
          14          31  -3.41555662E-02   1.58420783E-02 -0.500000000    
          14          32  -6.47125468E-02   2.62489803E-02 -0.500000000    
          14          33  -4.41997871E-02   3.19413431E-02 -0.500000000    
          15           1  0.127041161      -6.24733754E-02 -0.500000000    
          15           2  0.102643527      -3.74228843E-02 -0.500000000    
          15           3   6.41226992E-02  -7.72863394E-03 -0.500000000    
          15           4  0.131853491       4.57194983E-05 -0.500000000    
          15           5  0.208509922      -6.46443223E-04 -0.500000000    
          15           6  0.213916257      -7.11541809E-03 -0.500000000    
          15           7  0.211694896      -2.38143597E-02 -0.500000000    
          15           8  0.100096397      -4.54873107E-02 -0.500000000    
          15           9   8.28912035E-02  -5.54620437E-02 -0.500000000    
          15          10  0.102346636      -6.43580407E-02 -0.500000000    
          15          11  0.239420965      -8.38769749E-02 -0.500000000    
          15          12  0.299742967     -0.107402429     -0.500000000    
          15          13  0.187569231      -9.38985571E-02 -0.500000000    
          15          14  0.234172553      -7.96931535E-02 -0.500000000    
          15          15  0.129558370      -6.01779632E-02 -0.500000000    
          15          16   7.36102089E-02  -4.34504934E-02 -0.500000000    
          15          17   3.38714309E-02  -5.22248521E-02 -0.500000000    
          15          18  -8.27721320E-03  -7.11304396E-02 -0.500000000    
          15          19   7.00311959E-02  -8.84236693E-02 -0.500000000    
          15          20   5.62218018E-03  -7.89111182E-02 -0.500000000    
          15          21   1.47211291E-02  -7.52082914E-02 -0.500000000    
          15          22  0.197393224      -7.64765367E-02 -0.500000000    
          15          23  0.182120830      -8.35142508E-02 -0.500000000    
          15          24   9.06021819E-02  -7.73318037E-02 -0.500000000    
          15          25   3.27557325E-02  -6.77905828E-02 -0.500000000    
          15          26   4.63832691E-02  -4.43231426E-02 -0.500000000    
          15          27  0.100734584      -3.47432904E-02 -0.500000000    
          15          28   9.26353633E-02  -3.51153500E-02 -0.500000000    
          15          29  0.125121087      -3.43712345E-02 -0.500000000    
          15          30   7.63990209E-02  -2.56295577E-02 -0.500000000    
          15          31   5.55447489E-02  -1.97322126E-02 -0.500000000    
          15          32   7.48518407E-02  -1.24767181E-02 -0.500000000    
          15          33  -2.68209651E-02  -5.99456066E-03 -0.500000000    
          16           1  0.128043547     -0.106157362     -0.500000000    
          16           2   7.06877932E-02  -7.13174716E-02 -0.500000000    
          16           3   4.08473946E-02  -3.61387134E-02 -0.500000000    
          16           4   9.68403742E-02  -3.00059263E-02 -0.500000000    
          16           5   6.70962855E-02  -3.10030989E-02 -0.500000000    
          16           6   2.90381424E-02  -2.39919797E-02 -0.500000000    
          16           7   5.67577630E-02  -2.99221333E-02 -0.500000000    
          16           8   9.04906094E-02  -6.76170960E-02 -0.500000000    
          16           9   9.60580185E-02  -9.26485434E-02 -0.500000000    
          16          10   3.58545631E-02  -8.01008940E-02 -0.500000000    
          16          11   6.71964511E-02  -8.79533514E-02 -0.500000000    
          16          12  0.147400260      -8.91684741E-02 -0.500000000    
          16          13   4.53989655E-02  -9.67863351E-02 -0.500000000    
          16          14   8.88731778E-02  -7.95509964E-02 -0.500000000    
          16          15   7.36435205E-02  -4.34308387E-02 -0.500000000    
          16          16   9.07449275E-02  -2.45308932E-02 -0.500000000    
          16          17  0.188057587      -1.75815187E-02 -0.500000000    
          16          18  0.181589618      -1.90992672E-02 -0.500000000    
          16          19   4.96582724E-02  -4.16180305E-02 -0.500000000    
          16          20   2.67319754E-03  -4.37655561E-02 -0.500000000    
          16          21  -4.00775075E-02  -3.73894610E-02 -0.500000000    
          16          22  -4.43322249E-02  -4.80643511E-02 -0.500000000    
          16          23  -4.09051441E-02  -5.65304160E-02 -0.500000000    
          16          24  -1.79087110E-02  -8.17707330E-02 -0.500000000    
          16          25  -2.32315082E-02  -9.79552120E-02 -0.500000000    
          16          26   1.80735812E-02  -6.48656860E-02 -0.500000000    
          16          27   3.71766053E-02  -4.19647284E-02 -0.500000000    
          16          28   3.56080681E-02  -4.16415930E-02 -0.500000000    
          16          29   7.13419095E-02  -4.10439186E-02 -0.500000000    
          16          30   4.29325216E-02  -3.17703635E-02 -0.500000000    
          16          31  -8.63862224E-04  -3.26117277E-02 -0.500000000    
          16          32   2.79198270E-02  -3.75592969E-02 -0.500000000    
          16          33  -3.35862339E-02  -4.01894227E-02 -0.500000000    
          17           1   7.20012486E-02  -9.74122286E-02 -0.500000000    
          17           2   1.54783402E-03  -6.02543391E-02 -0.500000000    
          17           3  -3.04867867E-02  -2.58295536E-02 -0.500000000    
          17           4   7.24883154E-02  -2.37129163E-02 -0.500000000    
          17           5  0.113638565      -3.22668664E-02 -0.500000000    
          17           6   9.37101394E-02  -3.86263728E-02 -0.500000000    
          17           7   7.46444017E-02  -5.63001409E-02 -0.500000000    
          17           8  0.138736635      -9.86012667E-02 -0.500000000    
          17           9  0.125244424     -0.114012338     -0.500000000    
          17          10   3.82077731E-02  -7.77410120E-02 -0.500000000    
          17          11  -4.69145551E-02  -7.99602196E-02 -0.500000000    
          17          12   1.98708009E-02  -7.59264901E-02 -0.500000000    
          17          13   7.94276297E-02  -9.47722867E-02 -0.500000000    
          17          14   4.45161248E-03  -8.39954913E-02 -0.500000000    
          17          15   3.37437652E-02  -5.22190854E-02 -0.500000000    
          17          16  0.188056976      -1.75625309E-02 -0.500000000    
          17          17  0.112513565       3.46973888E-03 -0.500000000    
          17          18  0.118351080       1.86876813E-03 -0.500000000    
          17          19   3.86863835E-02  -2.25984845E-02 -0.500000000    
          17          20  0.110077314      -4.91750166E-02 -0.500000000    
          17          21   6.26266897E-02  -3.59682813E-02 -0.500000000    
          17          22 -0.110070147      -5.40935099E-02 -0.500000000    
          17          23 -0.113316692      -6.06233776E-02 -0.500000000    
          17          24   6.77515753E-03  -8.38574171E-02 -0.500000000    
          17          25   6.82024136E-02  -8.77160132E-02 -0.500000000    
          17          26   6.36276379E-02  -5.50510548E-02 -0.500000000    
          17          27  -6.67934213E-03  -4.59923632E-02 -0.500000000    
          17          28  -2.13345215E-02  -4.98171523E-02 -0.500000000    
          17          29   4.77599315E-02  -4.85474654E-02 -0.500000000    
          17          30   1.48196658E-02  -3.58601473E-02 -0.500000000    
          17          31  -1.78681631E-02  -3.16437297E-02 -0.500000000    
          17          32   7.66377002E-02  -3.79905663E-02 -0.500000000    
          17          33   4.47705910E-02  -4.48466353E-02 -0.500000000    
          18           1  0.108249687      -6.61638007E-02 -0.500000000    
          18           2   9.96245667E-02  -3.79097462E-02 -0.500000000    
          18           3  0.108800292      -1.31967645E-02 -0.500000000    
          18           4  0.148225546      -1.78408958E-02 -0.500000000    
          18           5  0.164519459      -2.91442666E-02 -0.500000000    
          18           6  0.249526232      -3.51789482E-02 -0.500000000    
          18           7  0.374395221      -4.83036377E-02 -0.500000000    
          18           8  0.400710702      -8.53570625E-02 -0.500000000    
          18           9  0.168930918     -0.108000509     -0.500000000    
          18          10   3.36397346E-03  -8.28672945E-02 -0.500000000    
          18          11   5.88195771E-02  -8.52131993E-02 -0.500000000    
          18          12  0.210030735      -8.43175799E-02 -0.500000000    
          18          13  0.165856123     -0.102576420     -0.500000000    
          18          14  -5.59114516E-02 -0.102470033     -0.500000000    
          18          15  -8.30299221E-03  -7.11511225E-02 -0.500000000    
          18          16  0.181537062      -1.90988239E-02 -0.500000000    
          18          17  0.118419893       1.88057148E-03 -0.500000000    
          18          18   8.13357159E-02  -1.65494345E-02 -0.500000000    
          18          19   1.25339013E-02  -5.55137619E-02 -0.500000000    
          18          20  0.123559698      -8.94466415E-02 -0.500000000    
          18          21  0.107359923      -6.93580285E-02 -0.500000000    
          18          22   2.39137001E-03  -6.78630620E-02 -0.500000000    
          18          23  -2.07286924E-02  -6.57159686E-02 -0.500000000    
          18          24  -7.51844933E-03  -8.24292451E-02 -0.500000000    
          18          25   3.70130781E-03  -8.75900984E-02 -0.500000000    
          18          26   7.73525462E-02  -6.44765049E-02 -0.500000000    
          18          27   4.55679260E-02  -5.57613149E-02 -0.500000000    
          18          28   5.31157404E-02  -6.09633178E-02 -0.500000000    
          18          29  0.113760628      -5.50226569E-02 -0.500000000    
          18          30   2.55878661E-02  -2.27540564E-02 -0.500000000    
          18          31  -3.99424881E-02  -3.83587263E-04 -0.500000000    
          18          32   2.19213543E-04   6.99764676E-03 -0.500000000    
          18          33  -6.46129996E-02   1.07482579E-02 -0.500000000    
          19           1   2.98639704E-02  -1.72251407E-02 -0.500000000    
          19           2  -1.30173117E-02   1.83543004E-03 -0.500000000    
          19           3   4.00045998E-02   1.45118618E-02 -0.500000000    
          19           4  0.164354131       2.79737194E-03 -0.500000000    
          19           5  0.198308066      -1.36641376E-02 -0.500000000    
          19           6  0.230727583      -2.72171032E-02 -0.500000000    
          19           7  0.320853293      -4.32980470E-02 -0.500000000    
          19           8  0.349004894      -6.69797808E-02 -0.500000000    
          19           9  0.211715415      -8.24192092E-02 -0.500000000    
          19          10   5.82280792E-02  -7.83990622E-02 -0.500000000    
          19          11   9.54524651E-02  -7.89256543E-02 -0.500000000    
          19          12  0.250935853      -8.64731744E-02 -0.500000000    
          19          13  0.243755430     -0.110202380     -0.500000000    
          19          14  0.160744295     -0.126741678     -0.500000000    
          19          15   7.01451078E-02  -8.84555280E-02 -0.500000000    
          19          16   4.97082844E-02  -4.16365229E-02 -0.500000000    
          19          17   3.86926420E-02  -2.26068143E-02 -0.500000000    
          19          18   1.26508158E-02  -5.55162430E-02 -0.500000000    
          19          19   5.63064218E-02 -0.115753837     -0.500000000    
          19          20  0.206433415     -0.131563157     -0.500000000    
          19          21  0.227679476     -0.106941350     -0.500000000    
          19          22  0.199082509      -7.92119429E-02 -0.500000000    
          19          23   6.60648644E-02  -6.74044117E-02 -0.500000000    
          19          24   6.37097433E-02  -6.98217675E-02 -0.500000000    
          19          25  0.135381579      -7.84088522E-02 -0.500000000    
          19          26  0.192700520      -7.66923279E-02 -0.500000000    
          19          27  0.209179491      -6.75603524E-02 -0.500000000    
          19          28  0.169963270      -5.44315428E-02 -0.500000000    
          19          29  0.147553414      -3.58457379E-02 -0.500000000    
          19          30   4.35120054E-02  -3.41315940E-03 -0.500000000    
          19          31 -0.111505479       2.35764869E-02 -0.500000000    
          19          32 -0.125580668       4.64138873E-02 -0.500000000    
          19          33 -0.137210533       6.02960810E-02 -0.500000000    
          20           1   7.97413290E-02  -7.38362083E-03 -0.500000000    
          20           2  -3.46130272E-03   1.19061731E-02 -0.500000000    
          20           3  0.106783159       3.41472551E-02 -0.500000000    
          20           4  0.217429072       2.64533423E-02 -0.500000000    
          20           5  0.231439501       9.45036951E-03 -0.500000000    
          20           6  0.193719894      -9.12569184E-03 -0.500000000    
          20           7  0.201273099      -3.58072482E-02 -0.500000000    
          20           8  0.136836529      -5.58382943E-02 -0.500000000    
          20           9   7.03386962E-02  -7.35325366E-02 -0.500000000    
          20          10   4.04124558E-02 -0.100634150     -0.500000000    
          20          11  0.171236590      -9.87015814E-02 -0.500000000    
          20          12  0.159534976     -0.110696070     -0.500000000    
          20          13  0.103328399     -0.124725990     -0.500000000    
          20          14  0.110863365     -0.129109934     -0.500000000    
          20          15   5.71438810E-03  -7.89319575E-02 -0.500000000    
          20          16   2.71454034E-03  -4.37761284E-02 -0.500000000    
          20          17  0.110111967      -4.91940640E-02 -0.500000000    
          20          18  0.123552509      -8.94736946E-02 -0.500000000    
          20          19  0.206523210     -0.131578907     -0.500000000    
          20          20  0.149332881     -0.115420476     -0.500000000    
          20          21   6.29448593E-02  -9.14036036E-02 -0.500000000    
          20          22  0.138531730      -8.00269172E-02 -0.500000000    
          20          23  0.119842768      -8.80389735E-02 -0.500000000    
          20          24  0.105628736      -8.42650682E-02 -0.500000000    
          20          25  0.155312642      -8.20605531E-02 -0.500000000    
          20          26  0.161057487      -7.54253492E-02 -0.500000000    
          20          27  0.157476276      -4.85975742E-02 -0.500000000    
          20          28   9.13455337E-02  -1.24160070E-02 -0.500000000    
          20          29  0.139810577       1.14309592E-02 -0.500000000    
          20          30   8.84671956E-02   3.36146578E-02 -0.500000000    
          20          31 -0.121812262       4.88712452E-02 -0.500000000    
          20          32 -0.256836414       6.20358400E-02 -0.500000000    
          20          33 -0.224143893       7.51859769E-02 -0.500000000    
          21           1  0.196784586      -4.32165563E-02 -0.500000000    
          21           2   4.08980623E-02  -8.67041480E-03 -0.500000000    
          21           3   2.22881678E-02   2.99513172E-02 -0.500000000    
          21           4  0.107522033       4.17314060E-02 -0.500000000    
          21           5  0.153293461       2.93631647E-02 -0.500000000    
          21           6  0.118356697       9.09090601E-03 -0.500000000    
          21           7   5.81954382E-02  -1.41378418E-02 -0.500000000    
          21           8  -1.02669299E-02  -2.16697305E-02 -0.500000000    
          21           9   4.27232832E-02  -3.78980748E-02 -0.500000000    
          21          10  0.137870088      -9.64000896E-02 -0.500000000    
          21          11  0.141951084     -0.119533017     -0.500000000    
          21          12   6.83448836E-02 -0.146730542     -0.500000000    
          21          13   8.01244378E-02 -0.160129204     -0.500000000    
          21          14   9.49900076E-02 -0.135783717     -0.500000000    
          21          15   1.48174986E-02  -7.52175301E-02 -0.500000000    
          21          16  -4.00181264E-02  -3.73872221E-02 -0.500000000    
          21          17   6.26559481E-02  -3.59776691E-02 -0.500000000    
          21          18  0.107436039      -6.93760514E-02 -0.500000000    
          21          19  0.227749690     -0.106957451     -0.500000000    
          21          20   6.29316941E-02  -9.14156586E-02 -0.500000000    
          21          21  -9.61888209E-02  -9.10280645E-02 -0.500000000    
          21          22  -2.17191316E-02 -0.113293141     -0.500000000    
          21          23  0.106751703     -0.133660480     -0.500000000    
          21          24  0.148460492      -9.63638648E-02 -0.500000000    
          21          25   1.59222130E-02  -5.86338602E-02 -0.500000000    
          21          26  -5.21941185E-02  -4.69941609E-02 -0.500000000    
          21          27   3.42168324E-02  -8.19895789E-03 -0.500000000    
          21          28   3.34377959E-02   4.29327935E-02 -0.500000000    
          21          29   5.98311536E-02   6.61224499E-02 -0.500000000    
          21          30   1.14428326E-02   7.06466213E-02 -0.500000000    
          21          31 -0.102888182       5.47295623E-02 -0.500000000    
          21          32  -8.39193016E-02   4.49967906E-02 -0.500000000    
          21          33  -4.87836003E-02   3.78105678E-02 -0.500000000    
          22           1  0.241063282      -9.63078141E-02 -0.500000000    
          22           2   8.23882818E-02  -4.19904254E-02 -0.500000000    
          22           3  -5.71048120E-03   4.12350940E-03 -0.500000000    
          22           4   5.18027730E-02   2.96351053E-02 -0.500000000    
          22           5  0.169436306       3.52386273E-02 -0.500000000    
          22           6  0.180058748       1.92085207E-02 -0.500000000    
          22           7  -9.07653663E-03   8.62459745E-03 -0.500000000    
          22           8 -0.147499681       1.76180564E-02 -0.500000000    
          22           9   6.07004995E-03   2.70944368E-03 -0.500000000    
          22          10  0.195700258      -6.56108111E-02 -0.500000000    
          22          11   9.05833095E-02 -0.108522765     -0.500000000    
          22          12  -2.35704314E-02 -0.135590449     -0.500000000    
          22          13  0.215836048     -0.140008003     -0.500000000    
          22          14  0.290932238     -0.121240772     -0.500000000    
          22          15  0.197306171      -7.64855370E-02 -0.500000000    
          22          16  -4.43001464E-02  -4.80657034E-02 -0.500000000    
          22          17 -0.109964594      -5.40811010E-02 -0.500000000    
          22          18   2.50614528E-03  -6.78524375E-02 -0.500000000    
          22          19  0.199028626      -7.91965201E-02 -0.500000000    
          22          20  0.138486281      -8.00096989E-02 -0.500000000    
          22          21  -2.17366889E-02 -0.113298476     -0.500000000    
          22          22   4.29695658E-02 -0.134381950     -0.500000000    
          22          23  0.150042802     -0.122227654     -0.500000000    
          22          24   5.02653196E-02  -6.62449598E-02 -0.500000000    
          22          25  -9.27508995E-02  -2.06119642E-02 -0.500000000    
          22          26 -0.185081571      -4.00807534E-04 -0.500000000    
          22          27 -0.100640751       4.01028842E-02 -0.500000000    
          22          28  -3.87681834E-02   7.51969144E-02 -0.500000000    
          22          29  -2.01138239E-02   7.42108449E-02 -0.500000000    
          22          30   5.20532159E-03   4.47363891E-02 -0.500000000    
          22          31   5.10856211E-02   8.44198838E-03 -0.500000000    
          22          32  0.130951434      -2.54005138E-02 -0.500000000    
          22          33  0.179545864      -4.52352315E-02 -0.500000000    
          23           1  0.222717851     -0.129062474     -0.500000000    
          23           2   7.92022571E-02  -8.68207365E-02 -0.500000000    
          23           3   6.64483607E-02  -3.78152542E-02 -0.500000000    
          23           4  0.169450238      -5.25620813E-03 -0.500000000    
          23           5  0.304344893       1.74452849E-02 -0.500000000    
          23           6  0.340981364       2.64046434E-02 -0.500000000    
          23           7  0.215527371       3.27683687E-02 -0.500000000    
          23           8   7.94303268E-02   5.29192202E-02 -0.500000000    
          23           9  0.126120880       4.03359830E-02 -0.500000000    
          23          10  0.212503761      -1.13033410E-03 -0.500000000    
          23          11  0.133218572      -5.29363602E-02 -0.500000000    
          23          12  0.117541730      -9.54711214E-02 -0.500000000    
          23          13  0.359357506      -9.85681638E-02 -0.500000000    
          23          14  0.323791623      -9.64694843E-02 -0.500000000    
          23          15  0.182052955      -8.35256875E-02 -0.500000000    
          23          16  -4.09288444E-02  -5.65330982E-02 -0.500000000    
          23          17 -0.113278486      -6.05963543E-02 -0.500000000    
          23          18  -2.06721313E-02  -6.56806901E-02 -0.500000000    
          23          19   6.60090372E-02  -6.73594996E-02 -0.500000000    
          23          20  0.119832933      -8.80106017E-02 -0.500000000    
          23          21  0.106813163     -0.133646429     -0.500000000    
          23          22  0.149950698     -0.122211799     -0.500000000    
          23          23  0.194775864      -8.87564868E-02 -0.500000000    
          23          24  0.181011140      -2.47846562E-02 -0.500000000    
          23          25   3.57141048E-02   2.42323093E-02 -0.500000000    
          23          26  -2.91302353E-02   4.49188128E-02 -0.500000000    
          23          27  -1.91823076E-02   6.67037666E-02 -0.500000000    
          23          28   4.74832803E-02   7.01342523E-02 -0.500000000    
          23          29   1.17601911E-02   3.80423814E-02 -0.500000000    
          23          30 -0.101915874       5.20662637E-03 -0.500000000    
          23          31 -0.173570424      -3.59544009E-02 -0.500000000    
          23          32  -5.36943451E-02  -7.36974105E-02 -0.500000000    
          23          33  0.106999807      -9.17942598E-02 -0.500000000    
          24           1   2.70649735E-02 -0.144133136     -0.500000000    
          24           2   4.29985002E-02 -0.125956357     -0.500000000    
          24           3  0.146349058      -8.80743414E-02 -0.500000000    
          24           4  0.209720120      -3.66341472E-02 -0.500000000    
          24           5  0.291361630       3.97421373E-03 -0.500000000    
          24           6  0.309024394       3.08744386E-02 -0.500000000    
          24           7  0.290049046       4.91111986E-02 -0.500000000    
          24           8  0.196801648       7.57367536E-02 -0.500000000    
          24           9  0.185608163       7.64591321E-02 -0.500000000    
          24          10  0.127511546       4.90316860E-02 -0.500000000    
          24          11   9.50973034E-02   2.08586939E-02 -0.500000000    
          24          12   7.76510537E-02  -1.99317019E-02 -0.500000000    
          24          13  0.218909398      -3.92007567E-02 -0.500000000    
          24          14  0.203590229      -5.17165586E-02 -0.500000000    
          24          15   9.06465948E-02  -7.73399621E-02 -0.500000000    
          24          16  -1.80241019E-02  -8.17602947E-02 -0.500000000    
          24          17   6.69414084E-03  -8.38181600E-02 -0.500000000    
          24          18  -7.46868551E-03  -8.23853165E-02 -0.500000000    
          24          19   6.37011826E-02  -6.97878748E-02 -0.500000000    
          24          20  0.105655342      -8.42517465E-02 -0.500000000    
          24          21  0.148384944      -9.63281989E-02 -0.500000000    
          24          22   5.01978919E-02  -6.62395731E-02 -0.500000000    
          24          23  0.180984572      -2.47814003E-02 -0.500000000    
          24          24  0.296274871       1.99108738E-02 -0.500000000    
          24          25  0.142382145       6.06356896E-02 -0.500000000    
          24          26   5.67153916E-02   6.65765181E-02 -0.500000000    
          24          27   6.01048730E-02   5.30715920E-02 -0.500000000    
          24          28   4.71570902E-02   4.19061780E-02 -0.500000000    
          24          29   3.54429428E-03   2.01925468E-02 -0.500000000    
          24          30  -1.14908144E-02  -2.99156271E-02 -0.500000000    
          24          31  -3.24633904E-02  -7.95865282E-02 -0.500000000    
          24          32  -4.79021780E-02 -0.112828553     -0.500000000    
          24          33   2.85595376E-02 -0.120527998     -0.500000000    
          25           1  -4.34117578E-03 -0.116250403     -0.500000000    
          25           2  0.129280582     -0.117087878     -0.500000000    
          25           3  0.199359417      -9.31644440E-02 -0.500000000    
          25           4  0.187170148      -4.66814600E-02 -0.500000000    
          25           5  0.115229681       6.11842517E-03 -0.500000000    
          25           6  0.286156565       5.61109297E-02 -0.500000000    
          25           7  0.266390741       9.36611295E-02 -0.500000000    
          25           8  0.178660065      0.120967343     -0.500000000    
          25           9  0.158531815      0.120847508     -0.500000000    
          25          10  -9.69990343E-03   8.99618268E-02 -0.500000000    
          25          11 -0.115240812       6.16922565E-02 -0.500000000    
          25          12  -4.38863263E-02   2.81214025E-02 -0.500000000    
          25          13   1.23274629E-03  -7.16665946E-03 -0.500000000    
          25          14   3.80159654E-02  -3.16392109E-02 -0.500000000    
          25          15   3.28209884E-02  -6.77856505E-02 -0.500000000    
          25          16  -2.33879648E-02  -9.79301259E-02 -0.500000000    
          25          17   6.81091845E-02  -8.76780897E-02 -0.500000000    
          25          18   3.77519242E-03  -8.75650644E-02 -0.500000000    
          25          19  0.135399804      -7.84113482E-02 -0.500000000    
          25          20  0.155310884      -8.20548609E-02 -0.500000000    
          25          21   1.56768691E-02  -5.85983545E-02 -0.500000000    
          25          22  -9.27927420E-02  -2.06040312E-02 -0.500000000    
          25          23   3.57233994E-02   2.42275298E-02 -0.500000000    
          25          24  0.142379865       6.06348775E-02 -0.500000000    
          25          25  0.133670703      0.107118659     -0.500000000    
          25          26   7.16648847E-02   9.21170115E-02 -0.500000000    
          25          27   9.57294852E-02   5.71300276E-02 -0.500000000    
          25          28   3.14277858E-02   3.12573165E-02 -0.500000000    
          25          29   3.19400616E-02  -6.20503351E-03 -0.500000000    
          25          30  0.135762244      -5.60741648E-02 -0.500000000    
          25          31  0.158826515      -9.25156698E-02 -0.500000000    
          25          32   5.75333163E-02 -0.102246016     -0.500000000    
          25          33  -3.07025351E-02  -9.73717496E-02 -0.500000000    
          26           1   8.30623880E-02  -8.87787491E-02 -0.500000000    
          26           2  0.168782711     -0.104601711     -0.500000000    
          26           3  0.176659793      -9.56533775E-02 -0.500000000    
          26           4  0.160775334      -6.49920106E-02 -0.500000000    
          26           5   9.31081623E-02  -1.51422191E-02 -0.500000000    
          26           6  0.173228219       4.00080718E-02 -0.500000000    
          26           7  0.219476670       9.11179781E-02 -0.500000000    
          26           8  0.167597637      0.111132734     -0.500000000    
          26           9   4.32371423E-02  0.104856126     -0.500000000    
          26          10  -2.61074621E-02   9.19056311E-02 -0.500000000    
          26          11 -0.107699320       6.83982596E-02 -0.500000000    
          26          12  -2.68924120E-03   2.31177714E-02 -0.500000000    
          26          13   2.45510545E-02  -1.50191654E-02 -0.500000000    
          26          14   1.26799354E-02  -2.92343628E-02 -0.500000000    
          26          15   4.64144200E-02  -4.43071239E-02 -0.500000000    
          26          16   1.79709811E-02  -6.48215264E-02 -0.500000000    
          26          17   6.35648519E-02  -5.50239272E-02 -0.500000000    
          26          18   7.74354190E-02  -6.44764304E-02 -0.500000000    
          26          19  0.192790434      -7.67340139E-02 -0.500000000    
          26          20  0.160951272      -7.54254535E-02 -0.500000000    
          26          21  -5.22463061E-02  -4.69776057E-02 -0.500000000    
          26          22 -0.185053483      -3.91815905E-04 -0.500000000    
          26          23  -2.91289631E-02   4.49165516E-02 -0.500000000    
          26          24   5.66710196E-02   6.65806010E-02 -0.500000000    
          26          25   7.16389269E-02   9.21217501E-02 -0.500000000    
          26          26  0.114848427       5.54921702E-02 -0.500000000    
          26          27   8.92125890E-02   1.71624701E-02 -0.500000000    
          26          28  0.105420023      -1.51006039E-02 -0.500000000    
          26          29  0.126283243      -5.24383299E-02 -0.500000000    
          26          30  0.236466438      -9.03087035E-02 -0.500000000    
          26          31  0.197954759     -0.105340369     -0.500000000    
          26          32   7.56887570E-02  -9.53122973E-02 -0.500000000    
          26          33   5.81994466E-02  -8.67054015E-02 -0.500000000    
          27           1  0.137629479      -9.97509658E-02 -0.500000000    
          27           2   7.46144056E-02 -0.107438318     -0.500000000    
          27           3  0.148213327     -0.106486998     -0.500000000    
          27           4  0.131510541      -8.05560946E-02 -0.500000000    
          27           5   4.15763631E-02  -3.97706702E-02 -0.500000000    
          27           6   1.62448585E-02   2.37790309E-03 -0.500000000    
          27           7  0.103690639       5.05871810E-02 -0.500000000    
          27           8   9.03202668E-02   8.17834437E-02 -0.500000000    
          27           9   5.45422807E-02   7.55996853E-02 -0.500000000    
          27          10  -4.18985449E-03   8.18608254E-02 -0.500000000    
          27          11   2.05768347E-02   8.19402114E-02 -0.500000000    
          27          12   5.90266585E-02   4.04190682E-02 -0.500000000    
          27          13  0.129355073       1.06188701E-04 -0.500000000    
          27          14  0.104912288      -1.36361094E-02 -0.500000000    
          27          15  0.100707754      -3.47148143E-02 -0.500000000    
          27          16   3.70789506E-02  -4.18953188E-02 -0.500000000    
          27          17  -6.70710020E-03  -4.59613912E-02 -0.500000000    
          27          18   4.56776991E-02  -5.57781979E-02 -0.500000000    
          27          19  0.209341019      -6.76194578E-02 -0.500000000    
          27          20  0.157329768      -4.86002639E-02 -0.500000000    
          27          21   3.41690853E-02  -8.18653498E-03 -0.500000000    
          27          22 -0.100602888       4.01198454E-02 -0.500000000    
          27          23  -1.91177353E-02   6.67092949E-02 -0.500000000    
          27          24   6.00794628E-02   5.30900806E-02 -0.500000000    
          27          25   9.56927836E-02   5.71525767E-02 -0.500000000    
          27          26   8.92015696E-02   1.71820670E-02 -0.500000000    
          27          27  0.128482357      -3.79213020E-02 -0.500000000    
          27          28   8.00613835E-02  -5.96431121E-02 -0.500000000    
          27          29  0.124766275      -7.71315023E-02 -0.500000000    
          27          30  0.198191807      -9.39016044E-02 -0.500000000    
          27          31  0.116866998     -0.101259090     -0.500000000    
          27          32  0.105865799      -9.65403542E-02 -0.500000000    
          27          33  0.195485771      -9.02610496E-02 -0.500000000    
          28           1  0.212638497     -0.103437133     -0.500000000    
          28           2   3.20735611E-02  -9.32660773E-02 -0.500000000    
          28           3   6.87187612E-02  -8.23299587E-02 -0.500000000    
          28           4  0.158855349      -7.03035742E-02 -0.500000000    
          28           5   2.25650594E-02  -4.79674526E-02 -0.500000000    
          28           6  -3.73299196E-02  -2.15698201E-02 -0.500000000    
          28           7   4.52417359E-02   3.01865730E-02 -0.500000000    
          28           8   1.87904015E-02   5.44771403E-02 -0.500000000    
          28           9  -1.84950139E-02   5.00251204E-02 -0.500000000    
          28          10   1.52340671E-03   6.46292344E-02 -0.500000000    
          28          11  0.110129878       7.84829631E-02 -0.500000000    
          28          12  0.126564056       5.60218468E-02 -0.500000000    
          28          13  0.149769843       2.04347372E-02 -0.500000000    
          28          14  0.133085668      -3.22093302E-03 -0.500000000    
          28          15   9.26263928E-02  -3.50747555E-02 -0.500000000    
          28          16   3.54142822E-02  -4.15480249E-02 -0.500000000    
          28          17  -2.13736668E-02  -4.97680269E-02 -0.500000000    
          28          18   5.33098653E-02  -6.09883629E-02 -0.500000000    
          28          19  0.170131072      -5.44824116E-02 -0.500000000    
          28          20   9.12954360E-02  -1.24239717E-02 -0.500000000    
          28          21   3.32420766E-02   4.29517590E-02 -0.500000000    
          28          22  -3.87837887E-02   7.52221644E-02 -0.500000000    
          28          23   4.75268140E-02   7.01587722E-02 -0.500000000    
          28          24   4.71823029E-02   4.19412106E-02 -0.500000000    
          28          25   3.14548127E-02   3.13019045E-02 -0.500000000    
          28          26  0.105430327      -1.50706293E-02 -0.500000000    
          28          27   8.00979063E-02  -5.96460439E-02 -0.500000000    
          28          28   4.28467914E-02  -7.66759887E-02 -0.500000000    
          28          29  0.160456985      -8.32924992E-02 -0.500000000    
          28          30  0.108454235      -7.67966658E-02 -0.500000000    
          28          31  -5.10110036E-02  -7.29724020E-02 -0.500000000    
          28          32   7.82061368E-02  -8.09179544E-02 -0.500000000    
          28          33  0.297776282      -9.31585953E-02 -0.500000000    
          29           1  0.199062660      -7.99233988E-02 -0.500000000    
          29           2   8.73361826E-02  -6.69682622E-02 -0.500000000    
          29           3  0.124125764      -7.24540576E-02 -0.500000000    
          29           4  0.144506007      -6.91077113E-02 -0.500000000    
          29           5   8.36592913E-02  -4.97845709E-02 -0.500000000    
          29           6  -9.71795246E-03  -2.79452112E-02 -0.500000000    
          29           7   5.78307025E-02   4.99087526E-03 -0.500000000    
          29           8   3.84866521E-02   3.40218581E-02 -0.500000000    
          29           9  -4.22116145E-02   2.62943059E-02 -0.500000000    
          29          10   5.22458479E-02   2.31853519E-02 -0.500000000    
          29          11  0.126585588       3.67795788E-02 -0.500000000    
          29          12  0.108911231       3.63052152E-02 -0.500000000    
          29          13  0.172740892       2.18427423E-02 -0.500000000    
          29          14  0.148056641      -3.83622781E-03 -0.500000000    
          29          15  0.125155002      -3.43207531E-02 -0.500000000    
          29          16   7.10632727E-02  -4.09370586E-02 -0.500000000    
          29          17   4.77060340E-02  -4.84812222E-02 -0.500000000    
          29          18  0.114038602      -5.50422072E-02 -0.500000000    
          29          19  0.147647977      -3.58746015E-02 -0.500000000    
          29          20  0.139846250       1.14217950E-02 -0.500000000    
          29          21   5.96041456E-02   6.61415830E-02 -0.500000000    
          29          22  -2.01553889E-02   7.42369294E-02 -0.500000000    
          29          23   1.18310461E-02   3.80773023E-02 -0.500000000    
          29          24   3.64172622E-03   2.02374104E-02 -0.500000000    
          29          25   3.21193524E-02  -6.16619829E-03 -0.500000000    
          29          26  0.126572475      -5.24319522E-02 -0.500000000    
          29          27  0.125085875      -7.71595538E-02 -0.500000000    
          29          28  0.160557300      -8.33129585E-02 -0.500000000    
          29          29  0.329066038      -8.58568624E-02 -0.500000000    
          29          30  0.190772563      -8.29829723E-02 -0.500000000    
          29          31  -4.16253768E-02  -7.80830681E-02 -0.500000000    
          29          32  0.162089840      -9.05020460E-02 -0.500000000    
          29          33  0.432311088     -0.115464851     -0.500000000    
          30           1   5.87405935E-02  -9.69611406E-02 -0.500000000    
          30           2  0.172076076      -8.11308175E-02 -0.500000000    
          30           3  0.185915843      -6.94726631E-02 -0.500000000    
          30           4  -1.19072869E-02  -4.85188887E-02 -0.500000000    
          30           5  -6.99517131E-03  -3.87071371E-02 -0.500000000    
          30           6  -3.13806720E-02  -3.10007315E-02 -0.500000000    
          30           7   8.56194180E-04  -1.31292613E-02 -0.500000000    
          30           8  0.114149764       9.01270285E-03 -0.500000000    
          30           9   4.99951728E-02  -6.77772751E-03 -0.500000000    
          30          10   7.96856545E-03  -1.42354155E-02 -0.500000000    
          30          11  0.147465646      -1.18010482E-02 -0.500000000    
          30          12  0.105756260       3.20078689E-03 -0.500000000    
          30          13   9.12455618E-02   1.82703640E-02 -0.500000000    
          30          14   7.12400749E-02   6.42294250E-03 -0.500000000    
          30          15   7.63810724E-02  -2.55737081E-02 -0.500000000    
          30          16   4.26678397E-02  -3.16668265E-02 -0.500000000    
          30          17   1.47462999E-02  -3.57894376E-02 -0.500000000    
          30          18   2.58680675E-02  -2.27622986E-02 -0.500000000    
          30          19   4.35190238E-02  -3.42149218E-03 -0.500000000    
          30          20   8.85219574E-02   3.36071551E-02 -0.500000000    
          30          21   1.12934848E-02   7.06602335E-02 -0.500000000    
          30          22   5.15415892E-03   4.47650962E-02 -0.500000000    
          30          23 -0.101860471       5.23868715E-03 -0.500000000    
          30          24  -1.12088947E-02  -2.98879743E-02 -0.500000000    
          30          25  0.136175781      -5.60535192E-02 -0.500000000    
          30          26  0.236794427      -9.03209224E-02 -0.500000000    
          30          27  0.198378399      -9.39462706E-02 -0.500000000    
          30          28  0.108370088      -7.68390521E-02 -0.500000000    
          30          29  0.190548122      -8.30156282E-02 -0.500000000    
          30          30  0.237656042      -9.70045775E-02 -0.500000000    
          30          31  0.228096336     -0.119967714     -0.500000000    
          30          32  0.209427670     -0.137617156     -0.500000000    
          30          33  0.372555107     -0.145456329     -0.500000000    
          31           1  -8.28002021E-02 -0.167759776     -0.500000000    
          31           2  -2.62857117E-02 -0.147973448     -0.500000000    
          31           3  -7.63740763E-02  -9.51857045E-02 -0.500000000    
          31           4  -6.49889037E-02  -4.05016392E-02 -0.500000000    
          31           5 -0.138433322      -3.87887191E-03 -0.500000000    
          31           6  -5.42279705E-02  -1.64705347E-02 -0.500000000    
          31           7   8.58387724E-02  -1.69899724E-02 -0.500000000    
          31           8  0.199717447      -5.57047222E-03 -0.500000000    
          31           9  0.121427059      -3.42988111E-02 -0.500000000    
          31          10   2.28809714E-02  -4.32301015E-02 -0.500000000    
          31          11  0.160052955      -3.22149433E-02 -0.500000000    
          31          12  0.168399200      -1.58193037E-02 -0.500000000    
          31          13   3.44760623E-03   1.71501171E-02 -0.500000000    
          31          14  -3.41903754E-02   1.58071127E-02 -0.500000000    
          31          15   5.55000044E-02  -1.96783040E-02 -0.500000000    
          31          16  -9.91480425E-04  -3.25250328E-02 -0.500000000    
          31          17  -1.79438666E-02  -3.15751098E-02 -0.500000000    
          31          18  -3.96333784E-02  -3.85049614E-04 -0.500000000    
          31          19 -0.111547559       2.35861279E-02 -0.500000000    
          31          20 -0.121722512       4.88637462E-02 -0.500000000    
          31          21 -0.102866359       5.47399111E-02 -0.500000000    
          31          22   5.10521866E-02   8.46967660E-03 -0.500000000    
          31          23 -0.173477083      -3.59319821E-02 -0.500000000    
          31          24  -3.20926122E-02  -7.95686319E-02 -0.500000000    
          31          25  0.159161434      -9.24997106E-02 -0.500000000    
          31          26  0.198200598     -0.105351090     -0.500000000    
          31          27  0.117076121     -0.101309158     -0.500000000    
          31          28  -5.09270765E-02  -7.30366781E-02 -0.500000000    
          31          29  -4.16164100E-02  -7.81524107E-02 -0.500000000    
          31          30  0.228312358     -0.120024651     -0.500000000    
          31          31  0.317810476     -0.161797404     -0.500000000    
          31          32  0.300691903     -0.194000646     -0.500000000    
          31          33  0.407202482     -0.211046651     -0.500000000    
          32           1 -0.133522004     -0.218428358     -0.500000000    
          32           2 -0.129945114     -0.171677664     -0.500000000    
          32           3 -0.183763340     -0.121270925     -0.500000000    
          32           4 -0.122334495      -4.58208621E-02 -0.500000000    
          32           5  -4.94064391E-02  -1.27488887E-03 -0.500000000    
          32           6   2.78704688E-02   1.82930436E-02 -0.500000000    
          32           7  0.126882464       1.78787261E-02 -0.500000000    
          32           8  0.183681443       6.33945363E-03 -0.500000000    
          32           9   9.10476744E-02  -3.71082351E-02 -0.500000000    
          32          10   7.88869485E-02  -5.88850863E-02 -0.500000000    
          32          11  0.203783333      -4.41408791E-02 -0.500000000    
          32          12  0.158896089      -1.05449641E-02 -0.500000000    
          32          13  -9.98824369E-03   2.47576963E-02 -0.500000000    
          32          14  -6.48143068E-02   2.61995979E-02 -0.500000000    
          32          15   7.47695416E-02  -1.24378214E-02 -0.500000000    
          32          16   2.79429201E-02  -3.74894068E-02 -0.500000000    
          32          17   7.65385330E-02  -3.79260480E-02 -0.500000000    
          32          18   5.35274390E-04   6.99775759E-03 -0.500000000    
          32          19 -0.125724986       4.64385599E-02 -0.500000000    
          32          20 -0.256741792       6.20327555E-02 -0.500000000    
          32          21  -8.38598162E-02   4.50067632E-02 -0.500000000    
          32          22  0.130966619      -2.53795851E-02 -0.500000000    
          32          23  -5.36197275E-02  -7.36760423E-02 -0.500000000    
          32          24  -4.77165170E-02 -0.112800837     -0.500000000    
          32          25   5.76784387E-02 -0.102216847     -0.500000000    
          32          26   7.59266689E-02  -9.53089446E-02 -0.500000000    
          32          27  0.106163017      -9.65843648E-02 -0.500000000    
          32          28   7.84582794E-02  -8.10113475E-02 -0.500000000    
          32          29  0.162663519      -9.06410292E-02 -0.500000000    
          32          30  0.210701615     -0.137749225     -0.500000000    
          32          31  0.301442027     -0.194065794     -0.500000000    
          32          32  0.427257270     -0.245474771     -0.500000000    
          32          33  0.581001043     -0.284654915     -0.500000000    
          33           1  -5.07969074E-02 -0.267714232     -0.500000000    
          33           2  -1.92704704E-02 -0.201701358     -0.500000000    
          33           3 -0.112303525     -0.123009495     -0.500000000    
          33           4   1.97553039E-02  -5.50212823E-02 -0.500000000    
          33           5   6.36593774E-02   3.78230750E-03 -0.500000000    
          33           6   1.15457820E-02   3.27747278E-02 -0.500000000    
          33           7   9.34036374E-02   4.94248122E-02 -0.500000000    
          33           8   9.46203545E-02   2.62101311E-02 -0.500000000    
          33           9  0.190687597      -2.90450230E-02 -0.500000000    
          33          10  0.245245531      -6.22013025E-02 -0.500000000    
          33          11  0.260981888      -5.40165044E-02 -0.500000000    
          33          12  0.110286593      -5.26503427E-03 -0.500000000    
          33          13   6.65949238E-03   3.59682962E-02 -0.500000000    
          33          14  -4.42866012E-02   3.18777785E-02 -0.500000000    
          33          15  -2.69622318E-02  -5.97281521E-03 -0.500000000    
          33          16  -3.34329233E-02  -4.01259474E-02 -0.500000000    
          33          17   4.46641743E-02  -4.47859354E-02 -0.500000000    
          33          18  -6.43148720E-02   1.07491277E-02 -0.500000000    
          33          19 -0.137487218       6.03292957E-02 -0.500000000    
          33          20 -0.224059656       7.51882643E-02 -0.500000000    
          33          21  -4.87537608E-02   3.78194787E-02 -0.500000000    
          33          22  0.179589242      -4.52201180E-02 -0.500000000    
          33          23  0.106978960      -9.17684361E-02 -0.500000000    
          33          24   2.84299087E-02 -0.120490231     -0.500000000    
          33          25  -3.05826794E-02  -9.73320007E-02 -0.500000000    
          33          26   5.84388822E-02  -8.66931006E-02 -0.500000000    
          33          27  0.195789665      -9.03020576E-02 -0.500000000    
          33          28  0.298161209      -9.32891071E-02 -0.500000000    
          33          29  0.433289975     -0.115681060     -0.500000000    
          33          30  0.374514520     -0.145617202     -0.500000000    
          33          31  0.408594817     -0.211094096     -0.500000000    
          33          32  0.581507802     -0.284629792     -0.500000000    
          33          33  0.505750358     -0.359793454     -0.500000000    
