           1           1  0.678296328     -0.211410329     -0.500000000    
           1           2  0.620729744     -0.204893932     -0.500000000    
           1           3  0.484293252     -0.151307285     -0.500000000    
           1           4  0.281092793      -7.17421621E-02 -0.500000000    
           1           5  0.224488676      -3.08176856E-02 -0.500000000    
           1           6  0.175482690      -4.40636091E-03 -0.500000000    
           1           7  0.139600649       1.29434196E-02 -0.500000000    
           1           8  0.133251324      -2.11931230E-03 -0.500000000    
           1           9  0.236195087      -3.14426422E-02 -0.500000000    
           1          10  0.227961391      -7.08481297E-02 -0.500000000    
           1          11  0.182803690      -7.08752796E-02 -0.500000000    
           1          12   3.37383822E-02  -5.02415225E-02 -0.500000000    
           1          13  -1.37987779E-02  -3.62734012E-02 -0.500000000    
           1          14  0.110884421      -3.52764837E-02 -0.500000000    
           1          15  0.325173944      -4.09772582E-02 -0.500000000    
           1          16  0.202309787      -1.04145436E-02 -0.500000000    
           1          17   2.17586383E-03   1.98706631E-02 -0.500000000    
           1          18   2.93779615E-02   3.33067551E-02 -0.500000000    
           1          19  0.193201259      -5.02503803E-03 -0.500000000    
           1          20  0.300511390      -5.76036721E-02 -0.500000000    
           1          21  0.441430211     -0.110467993     -0.500000000    
           1          22  0.264222056     -0.127431303     -0.500000000    
           1          23  -1.61340646E-02 -0.126957327     -0.500000000    
           1          24  -2.62861140E-02 -0.118530884     -0.500000000    
           1          25  -1.19785517E-02 -0.128004625     -0.500000000    
           1          26   9.74926073E-03 -0.129874289     -0.500000000    
           1          27  0.131684557     -0.145955190     -0.500000000    
           1          28  0.227597743     -0.149092048     -0.500000000    
           1          29  0.278010547     -0.140516490     -0.500000000    
           1          30   8.12144130E-02 -0.165232688     -0.500000000    
           1          31   8.95983651E-02 -0.146191016     -0.500000000    
           1          32  0.212355837     -0.137645751     -0.500000000    
           1          33  0.288680941     -0.128311276     -0.500000000    
           2           1  0.621385694     -0.204905823     -0.500000000    
           2           2  0.698681772     -0.203137547     -0.500000000    
           2           3  0.301902860     -0.144303977     -0.500000000    
           2           4  0.210615799      -8.50237086E-02 -0.500000000    
           2           5  0.141377360      -4.64139283E-02 -0.500000000    
           2           6  0.151603907      -2.69674659E-02 -0.500000000    
           2           7  0.212590843      -1.24014281E-02 -0.500000000    
           2           8  0.195125371      -2.09183097E-02 -0.500000000    
           2           9  0.297289580      -4.01117206E-02 -0.500000000    
           2          10  0.214090690      -6.14698604E-02 -0.500000000    
           2          11  -6.89830631E-03  -5.37784547E-02 -0.500000000    
           2          12  -6.80512115E-02  -2.75476482E-02 -0.500000000    
           2          13   4.73975502E-02  -2.56382618E-02 -0.500000000    
           2          14  0.129530028      -4.46948260E-02 -0.500000000    
           2          15  0.262246341      -5.94945028E-02 -0.500000000    
           2          16  0.199843347      -2.90406812E-02 -0.500000000    
           2          17   5.99737093E-02  -6.72330707E-03 -0.500000000    
           2          18  -3.37443165E-02  -4.52636322E-03 -0.500000000    
           2          19  0.109184794      -3.78038250E-02 -0.500000000    
           2          20  0.209062472      -6.06233962E-02 -0.500000000    
           2          21  0.246962875      -8.02063495E-02 -0.500000000    
           2          22   7.24401250E-02  -9.76752490E-02 -0.500000000    
           2          23  -1.37958163E-03 -0.106430694     -0.500000000    
           2          24   5.88812642E-02 -0.110920019     -0.500000000    
           2          25   2.37103775E-02 -0.130658090     -0.500000000    
           2          26   6.78516626E-02 -0.133969694     -0.500000000    
           2          27  0.164437696     -0.145428911     -0.500000000    
           2          28  0.262908459     -0.149857417     -0.500000000    
           2          29  0.276086271     -0.145532787     -0.500000000    
           2          30   7.94524401E-02 -0.171693653     -0.500000000    
           2          31   8.38782787E-02 -0.151846603     -0.500000000    
           2          32  0.185086071     -0.136147335     -0.500000000    
           2          33   8.77291933E-02 -0.123703413     -0.500000000    
           3           1  0.485645980     -0.151408643     -0.500000000    
           3           2  0.302382201     -0.144338027     -0.500000000    
           3           3  0.352368504     -0.127471507     -0.500000000    
           3           4  0.281046689      -9.47927013E-02 -0.500000000    
           3           5  0.137410820      -8.19201022E-02 -0.500000000    
           3           6  0.153437451      -5.84889241E-02 -0.500000000    
           3           7  0.186806068      -3.63124274E-02 -0.500000000    
           3           8  0.175055832      -4.50887345E-02 -0.500000000    
           3           9  0.192964673      -4.60506789E-02 -0.500000000    
           3          10  0.116456732      -5.29602356E-02 -0.500000000    
           3          11  -2.13650167E-02  -3.38283777E-02 -0.500000000    
           3          12  -4.64230552E-02  -1.07655227E-02 -0.500000000    
           3          13   1.14950929E-02  -2.32885703E-02 -0.500000000    
           3          14  0.113826305      -5.62531129E-02 -0.500000000    
           3          15  0.246986762      -8.39232057E-02 -0.500000000    
           3          16  0.218405902      -6.39275685E-02 -0.500000000    
           3          17  0.141923264      -5.36522903E-02 -0.500000000    
           3          18  -5.51565178E-03  -5.67860715E-02 -0.500000000    
           3          19   7.72614479E-02  -7.21694753E-02 -0.500000000    
           3          20   8.50959346E-02  -6.80054873E-02 -0.500000000    
           3          21  0.114923149      -5.61809950E-02 -0.500000000    
           3          22   4.31564786E-02  -5.93715273E-02 -0.500000000    
           3          23   5.88482320E-02  -8.02697092E-02 -0.500000000    
           3          24   9.87950638E-02  -9.87654999E-02 -0.500000000    
           3          25   8.34178925E-02 -0.130502462     -0.500000000    
           3          26  0.165477172     -0.134735867     -0.500000000    
           3          27  0.224030793     -0.139483497     -0.500000000    
           3          28  0.328262329     -0.154208288     -0.500000000    
           3          29  0.414887190     -0.140620291     -0.500000000    
           3          30  0.271337539     -0.153758600     -0.500000000    
           3          31  0.139916033     -0.140362740     -0.500000000    
           3          32  0.115607232     -0.101596348     -0.500000000    
           3          33   5.73581271E-02  -8.39092433E-02 -0.500000000    
           4           1  0.281923264      -7.17760548E-02 -0.500000000    
           4           2  0.210950434      -8.50286335E-02 -0.500000000    
           4           3  0.281352520      -9.47912857E-02 -0.500000000    
           4           4  0.541191280     -0.112202495     -0.500000000    
           4           5  0.371863544     -0.110731833     -0.500000000    
           4           6  0.145176113      -8.59986022E-02 -0.500000000    
           4           7   5.89904264E-02  -5.33304587E-02 -0.500000000    
           4           8   2.42652856E-02  -5.83007075E-02 -0.500000000    
           4           9   2.69948039E-02  -5.03934622E-02 -0.500000000    
           4          10   1.76864695E-02  -4.63774987E-02 -0.500000000    
           4          11   6.72017336E-02  -2.60850135E-02 -0.500000000    
           4          12  -2.93241441E-02  -1.57530159E-02 -0.500000000    
           4          13   1.86453313E-02  -3.06377206E-02 -0.500000000    
           4          14  0.119742997      -6.19355142E-02 -0.500000000    
           4          15  0.272181094      -9.89670828E-02 -0.500000000    
           4          16  0.326007664      -9.14490595E-02 -0.500000000    
           4          17  0.199878931      -9.03803632E-02 -0.500000000    
           4          18  0.150670245      -9.31848362E-02 -0.500000000    
           4          19  0.201304555      -9.72314924E-02 -0.500000000    
           4          20  0.167480558      -7.77589753E-02 -0.500000000    
           4          21  0.126829758      -4.91157584E-02 -0.500000000    
           4          22   8.89324620E-02  -3.97805348E-02 -0.500000000    
           4          23  0.109720118      -5.21640256E-02 -0.500000000    
           4          24  0.117951430      -8.34891275E-02 -0.500000000    
           4          25   8.96775350E-02 -0.119068429     -0.500000000    
           4          26  0.171118438     -0.113456249     -0.500000000    
           4          27  0.262174934     -0.124684520     -0.500000000    
           4          28  0.402672261     -0.152213454     -0.500000000    
           4          29  0.581532836     -0.137210697     -0.500000000    
           4          30  0.469379187     -0.120433383     -0.500000000    
           4          31   7.83370957E-02  -9.99871716E-02 -0.500000000    
           4          32  -2.15653628E-02  -6.99609146E-02 -0.500000000    
           4          33  -5.80245703E-02  -3.61355618E-02 -0.500000000    
           5           1  0.225146562      -3.08020916E-02 -0.500000000    
           5           2  0.141679898      -4.64057773E-02 -0.500000000    
           5           3  0.137832344      -8.19135234E-02 -0.500000000    
           5           4  0.372126281     -0.110724613     -0.500000000    
           5           5  0.305921555     -0.109829433     -0.500000000    
           5           6   5.99976331E-02  -9.38037410E-02 -0.500000000    
           5           7 -0.112170823      -5.70938401E-02 -0.500000000    
           5           8  -5.29450215E-02  -4.84028347E-02 -0.500000000    
           5           9   2.15533078E-02  -3.98121737E-02 -0.500000000    
           5          10  -2.07979605E-02  -3.22233140E-02 -0.500000000    
           5          11   7.25977495E-02  -2.85408776E-02 -0.500000000    
           5          12  -1.25088608E-02  -3.01367361E-02 -0.500000000    
           5          13   4.00763340E-02  -4.23937663E-02 -0.500000000    
           5          14  0.105362788      -6.36911616E-02 -0.500000000    
           5          15  0.289887637      -9.68753621E-02 -0.500000000    
           5          16  0.428695381      -9.70956534E-02 -0.500000000    
           5          17  0.236506015      -9.66613367E-02 -0.500000000    
           5          18  0.274320602     -0.101316296     -0.500000000    
           5          19  0.324015141     -0.105598591     -0.500000000    
           5          20  0.259009689      -9.18375477E-02 -0.500000000    
           5          21  0.189319864      -5.93802035E-02 -0.500000000    
           5          22  0.149307519      -3.78594957E-02 -0.500000000    
           5          23  0.157183290      -2.82315519E-02 -0.500000000    
           5          24   6.10722117E-02  -4.80395555E-02 -0.500000000    
           5          25   4.89886031E-02  -7.32192993E-02 -0.500000000    
           5          26   4.76750657E-02  -6.38591424E-02 -0.500000000    
           5          27  0.111610867      -8.73065665E-02 -0.500000000    
           5          28  0.280958295     -0.119447105     -0.500000000    
           5          29  0.402686447     -0.119650766     -0.500000000    
           5          30  0.295181721      -8.33436847E-02 -0.500000000    
           5          31  0.136682704      -6.97813109E-02 -0.500000000    
           5          32   1.77431982E-02  -4.13975976E-02 -0.500000000    
           5          33   3.21135717E-03  -1.40558816E-02 -0.500000000    
           6           1  0.176017985      -4.39103879E-03 -0.500000000    
           6           2  0.152058125      -2.69687660E-02 -0.500000000    
           6           3  0.153877228      -5.84908947E-02 -0.500000000    
           6           4  0.145489395      -8.60033333E-02 -0.500000000    
           6           5   6.00695722E-02  -9.38154981E-02 -0.500000000    
           6           6  -9.00618434E-02  -7.48081133E-02 -0.500000000    
           6           7  -2.74288822E-02  -3.24726067E-02 -0.500000000    
           6           8  -5.49400076E-02  -1.80279445E-02 -0.500000000    
           6           9  -2.84053702E-02  -1.11779878E-02 -0.500000000    
           6          10  -1.12701301E-02  -1.66958384E-02 -0.500000000    
           6          11   7.11518601E-02  -3.07850055E-02 -0.500000000    
           6          12   4.96813655E-02  -4.63986173E-02 -0.500000000    
           6          13   4.08130735E-02  -5.09865619E-02 -0.500000000    
           6          14   4.36248183E-02  -6.10057265E-02 -0.500000000    
           6          15  0.178413913      -7.67957717E-02 -0.500000000    
           6          16  0.315166265      -9.21026394E-02 -0.500000000    
           6          17  0.187562406      -8.65121856E-02 -0.500000000    
           6          18  0.164227352      -8.88715535E-02 -0.500000000    
           6          19  0.186691329      -8.87523368E-02 -0.500000000    
           6          20  0.171537593      -8.48169476E-02 -0.500000000    
           6          21  0.214938894      -7.70817995E-02 -0.500000000    
           6          22  0.240262151      -4.60452102E-02 -0.500000000    
           6          23  0.167816848      -1.25955008E-02 -0.500000000    
           6          24   9.17718932E-02   2.13787978E-04 -0.500000000    
           6          25 -0.114757940      -3.33322620E-04 -0.500000000    
           6          26 -0.110384986       6.54323539E-03 -0.500000000    
           6          27  -1.92321595E-02  -2.73548085E-02 -0.500000000    
           6          28   6.13167770E-02  -6.37964532E-02 -0.500000000    
           6          29  0.143885896      -7.73023367E-02 -0.500000000    
           6          30  0.276205093      -5.89515306E-02 -0.500000000    
           6          31  0.269880146      -3.27660479E-02 -0.500000000    
           6          32   4.78666797E-02  -2.28251982E-02 -0.500000000    
           6          33   2.05917563E-02  -2.71025393E-03 -0.500000000    
           7           1  0.139894590       1.29373260E-02 -0.500000000    
           7           2  0.212838635      -1.24109983E-02 -0.500000000    
           7           3  0.186898112      -3.63222025E-02 -0.500000000    
           7           4   5.88916130E-02  -5.33494130E-02 -0.500000000    
           7           5 -0.112208851      -5.71091250E-02 -0.500000000    
           7           6  -2.73442194E-02  -3.24696898E-02 -0.500000000    
           7           7  -1.94632746E-02   1.73634887E-02 -0.500000000    
           7           8  -5.54254279E-02   2.43407730E-02 -0.500000000    
           7           9  -3.14863697E-02   3.10893077E-02 -0.500000000    
           7          10  -6.04496151E-02   1.44627262E-02 -0.500000000    
           7          11   8.34976882E-02  -2.68840585E-02 -0.500000000    
           7          12  0.100563101      -4.75356132E-02 -0.500000000    
           7          13   6.00524284E-02  -5.27958944E-02 -0.500000000    
           7          14   2.83701401E-02  -5.74605204E-02 -0.500000000    
           7          15   2.16972176E-03  -7.55677521E-02 -0.500000000    
           7          16  0.168622941     -0.109002769     -0.500000000    
           7          17  0.230916768     -0.107661344     -0.500000000    
           7          18   1.50075406E-02  -9.80971009E-02 -0.500000000    
           7          19  -5.29523147E-03  -7.59112239E-02 -0.500000000    
           7          20   3.33319902E-02  -6.54943362E-02 -0.500000000    
           7          21  0.163362205      -7.71938264E-02 -0.500000000    
           7          22  0.327030271      -6.21682592E-02 -0.500000000    
           7          23  0.163839743      -1.15432953E-02 -0.500000000    
           7          24   6.18577823E-02   3.71224992E-02 -0.500000000    
           7          25  -3.04968525E-02   6.12023100E-02 -0.500000000    
           7          26  -7.26026595E-02   7.20698610E-02 -0.500000000    
           7          27  -4.93276976E-02   3.94714996E-02 -0.500000000    
           7          28  -2.97650509E-02  -9.20889247E-03 -0.500000000    
           7          29   2.28636488E-02  -2.52122600E-02 -0.500000000    
           7          30  0.241945818      -2.51297001E-02 -0.500000000    
           7          31  0.299577475      -1.08789066E-02 -0.500000000    
           7          32   9.76222828E-02   3.16838524E-03 -0.500000000    
           7          33  -7.03907162E-02   1.77848656E-02 -0.500000000    
           8           1  0.133191973      -2.13728333E-03 -0.500000000    
           8           2  0.194970369      -2.09259801E-02 -0.500000000    
           8           3  0.174823195      -4.50865030E-02 -0.500000000    
           8           4   2.42196601E-02  -5.82879893E-02 -0.500000000    
           8           5  -5.28351702E-02  -4.83798385E-02 -0.500000000    
           8           6  -5.48242591E-02  -1.80046689E-02 -0.500000000    
           8           7  -5.53967431E-02   2.43592914E-02 -0.500000000    
           8           8  -9.48651284E-02   3.28972638E-02 -0.500000000    
           8           9  -4.69291322E-02   4.30193506E-02 -0.500000000    
           8          10 -0.124880992       2.60403603E-02 -0.500000000    
           8          11   3.23556550E-02  -3.82898860E-02 -0.500000000    
           8          12   3.38728130E-02  -5.61855957E-02 -0.500000000    
           8          13   2.50599645E-02  -6.04785308E-02 -0.500000000    
           8          14   4.06883955E-02  -6.69177100E-02 -0.500000000    
           8          15   9.35361069E-03  -8.87467712E-02 -0.500000000    
           8          16  0.125775531     -0.122547679     -0.500000000    
           8          17  0.277188390     -0.136509866     -0.500000000    
           8          18   1.83515269E-02 -0.117635988     -0.500000000    
           8          19  -5.86584210E-02  -8.49919096E-02 -0.500000000    
           8          20   4.98163141E-02  -6.84778839E-02 -0.500000000    
           8          21  0.105045103      -8.48741457E-02 -0.500000000    
           8          22  0.255869985      -8.19656178E-02 -0.500000000    
           8          23  0.136363700      -3.34383510E-02 -0.500000000    
           8          24   9.24273506E-02   2.72054821E-02 -0.500000000    
           8          25   6.45711347E-02   5.58732487E-02 -0.500000000    
           8          26   3.43731269E-02   8.82451534E-02 -0.500000000    
           8          27   4.48919609E-02   6.62175566E-02 -0.500000000    
           8          28   5.81075810E-02   3.03256158E-02 -0.500000000    
           8          29   9.06415358E-02   5.86862734E-04 -0.500000000    
           8          30  0.149764165      -1.22014806E-02 -0.500000000    
           8          31  0.204163551      -1.38386441E-02 -0.500000000    
           8          32  0.112614013      -4.31440445E-03 -0.500000000    
           8          33   1.10366130E-02   1.02472771E-02 -0.500000000    
           9           1  0.236128613      -3.14461440E-02 -0.500000000    
           9           2  0.297234744      -4.01005782E-02 -0.500000000    
           9           3  0.193031728      -4.60249446E-02 -0.500000000    
           9           4   2.71756202E-02  -5.03618941E-02 -0.500000000    
           9           5   2.17575170E-02  -3.97852995E-02 -0.500000000    
           9           6  -2.82489862E-02  -1.11545231E-02 -0.500000000    
           9           7  -3.14285494E-02   3.11113223E-02 -0.500000000    
           9           8  -4.69739810E-02   4.30345684E-02 -0.500000000    
           9           9   7.97544792E-03   2.84388475E-02 -0.500000000    
           9          10  -1.55875878E-02  -5.82323829E-03 -0.500000000    
           9          11  -3.70218083E-02  -8.22757557E-02 -0.500000000    
           9          12  -1.40459090E-02 -0.110050477     -0.500000000    
           9          13   6.53560227E-03 -0.107095733     -0.500000000    
           9          14  -7.15452945E-03 -0.100863449     -0.500000000    
           9          15   1.33891450E-02  -9.02417675E-02 -0.500000000    
           9          16  0.108114868     -0.101475112     -0.500000000    
           9          17  0.246761352     -0.128372386     -0.500000000    
           9          18  0.164823174     -0.114504129     -0.500000000    
           9          19  -9.62497946E-03 -0.101217829     -0.500000000    
           9          20   6.29142970E-02  -9.86205265E-02 -0.500000000    
           9          21   3.70092466E-02 -0.121489435     -0.500000000    
           9          22   8.20230767E-02 -0.125294417     -0.500000000    
           9          23   9.14886147E-02  -7.98296630E-02 -0.500000000    
           9          24  0.204500839      -1.97450183E-02 -0.500000000    
           9          25  0.146543160       8.57798941E-03 -0.500000000    
           9          26  0.172722638       4.67810668E-02 -0.500000000    
           9          27   9.36352089E-02   4.36606780E-02 -0.500000000    
           9          28  0.104886994       1.97053328E-02 -0.500000000    
           9          29  0.102832772       1.76682731E-03 -0.500000000    
           9          30  0.118617326      -7.87631609E-03 -0.500000000    
           9          31  0.140985474      -1.90231614E-02 -0.500000000    
           9          32  0.158271983      -2.77656205E-02 -0.500000000    
           9          33   3.47526446E-02  -2.48058420E-02 -0.500000000    
          10           1  0.228399411      -7.08051175E-02 -0.500000000    
          10           2  0.214352593      -6.14247359E-02 -0.500000000    
          10           3  0.116651453      -5.29129803E-02 -0.500000000    
          10           4   1.78656019E-02  -4.63318489E-02 -0.500000000    
          10           5  -2.06841882E-02  -3.21908109E-02 -0.500000000    
          10           6  -1.11475186E-02  -1.66825112E-02 -0.500000000    
          10           7  -6.03565723E-02   1.44685013E-02 -0.500000000    
          10           8 -0.124905176       2.60472652E-02 -0.500000000    
          10           9  -1.56392250E-02  -5.82703669E-03 -0.500000000    
          10          10  0.124837972      -5.61314039E-02 -0.500000000    
          10          11  0.109713085     -0.123882011     -0.500000000    
          10          12  0.157704383     -0.155649424     -0.500000000    
          10          13  0.176915541     -0.136814862     -0.500000000    
          10          14   5.54920435E-02 -0.116228364     -0.500000000    
          10          15   4.11810987E-02  -9.32754502E-02 -0.500000000    
          10          16  0.122952156     -0.103831351     -0.500000000    
          10          17  0.199060246     -0.140102118     -0.500000000    
          10          18  0.198362902     -0.135441676     -0.500000000    
          10          19   4.11048159E-02 -0.123067699     -0.500000000    
          10          20   4.57093306E-02 -0.116005979     -0.500000000    
          10          21   5.81748076E-02 -0.137042031     -0.500000000    
          10          22   6.28668591E-02 -0.148264661     -0.500000000    
          10          23  0.116926163     -0.140551567     -0.500000000    
          10          24  0.240253493      -9.09930244E-02 -0.500000000    
          10          25  0.241175175      -4.24420312E-02 -0.500000000    
          10          26  0.165724888       1.64023670E-03 -0.500000000    
          10          27   7.98804015E-02   1.26041863E-02 -0.500000000    
          10          28   8.34563654E-03   1.13889119E-02 -0.500000000    
          10          29  -1.15870433E-02   1.36345634E-02 -0.500000000    
          10          30   6.26967251E-02   3.86804016E-03 -0.500000000    
          10          31  0.114826746      -1.80765390E-02 -0.500000000    
          10          32  0.169272348      -3.37774158E-02 -0.500000000    
          10          33  0.171749622      -3.73779759E-02 -0.500000000    
          11           1  0.182910234      -7.07963482E-02 -0.500000000    
          11           2  -6.92592189E-03  -5.37025146E-02 -0.500000000    
          11           3  -2.14002989E-02  -3.37503999E-02 -0.500000000    
          11           4   6.71811402E-02  -2.60080267E-02 -0.500000000    
          11           5   7.26212636E-02  -2.84795389E-02 -0.500000000    
          11           6   7.12407157E-02  -3.07480283E-02 -0.500000000    
          11           7   8.36149007E-02  -2.68617067E-02 -0.500000000    
          11           8   3.24129723E-02  -3.82743888E-02 -0.500000000    
          11           9  -3.70001569E-02  -8.22764039E-02 -0.500000000    
          11          10  0.109740898     -0.123901360     -0.500000000    
          11          11  0.273089498     -0.157621548     -0.500000000    
          11          12  0.282920241     -0.186054096     -0.500000000    
          11          13  0.232788742     -0.170262083     -0.500000000    
          11          14   4.81712446E-02 -0.143514603     -0.500000000    
          11          15  -4.04961407E-04 -0.104630880     -0.500000000    
          11          16  0.103914000     -0.109734930     -0.500000000    
          11          17  0.178201526     -0.129334286     -0.500000000    
          11          18   8.42130035E-02 -0.134932950     -0.500000000    
          11          19  -1.90267153E-02 -0.137750655     -0.500000000    
          11          20  -7.01417327E-02 -0.147822842     -0.500000000    
          11          21   8.70239586E-02 -0.170772687     -0.500000000    
          11          22  0.210904300     -0.181956246     -0.500000000    
          11          23  0.163002744     -0.176993057     -0.500000000    
          11          24  0.101384468     -0.154771760     -0.500000000    
          11          25  0.188650131      -9.88528654E-02 -0.500000000    
          11          26  0.171568140      -4.49080765E-02 -0.500000000    
          11          27   4.60240319E-02  -1.77268647E-02 -0.500000000    
          11          28  -4.78887409E-02   1.95434666E-03 -0.500000000    
          11          29  -4.20326777E-02   1.56737864E-02 -0.500000000    
          11          30  -3.97886708E-02   1.86012369E-02 -0.500000000    
          11          31  -3.19428667E-02   1.23348471E-03 -0.500000000    
          11          32   5.05356677E-02  -1.43677574E-02 -0.500000000    
          11          33  0.153647393      -1.57591831E-02 -0.500000000    
          12           1   3.36423963E-02  -5.01633324E-02 -0.500000000    
          12           2  -6.81497976E-02  -2.74713691E-02 -0.500000000    
          12           3  -4.64686081E-02  -1.06902039E-02 -0.500000000    
          12           4  -2.93901414E-02  -1.56846810E-02 -0.500000000    
          12           5  -1.26122255E-02  -3.00801434E-02 -0.500000000    
          12           6   4.96037342E-02  -4.63602357E-02 -0.500000000    
          12           7  0.100556068      -4.75085676E-02 -0.500000000    
          12           8   3.38517129E-02  -5.61552979E-02 -0.500000000    
          12           9  -1.40276561E-02 -0.110024244     -0.500000000    
          12          10  0.157776892     -0.155640438     -0.500000000    
          12          11  0.282955438     -0.186051309     -0.500000000    
          12          12  0.300835371     -0.208843097     -0.500000000    
          12          13  0.195683599     -0.192274511     -0.500000000    
          12          14   8.08610469E-02 -0.148740441     -0.500000000    
          12          15   5.12204282E-02 -0.112759940     -0.500000000    
          12          16   6.15425967E-02 -0.116910666     -0.500000000    
          12          17  0.112451777     -0.121592633     -0.500000000    
          12          18  -8.26603547E-03 -0.129422307     -0.500000000    
          12          19  -5.71133830E-02 -0.153272033     -0.500000000    
          12          20  -4.65769321E-02 -0.182460725     -0.500000000    
          12          21   6.89124390E-02 -0.200273544     -0.500000000    
          12          22  0.235627264     -0.204511166     -0.500000000    
          12          23  0.119078681     -0.173491448     -0.500000000    
          12          24   3.99434492E-02 -0.142938972     -0.500000000    
          12          25  0.105955906     -0.100132450     -0.500000000    
          12          26  0.147759795      -6.25508726E-02 -0.500000000    
          12          27  0.121944726      -5.24351038E-02 -0.500000000    
          12          28   5.75064383E-02  -3.32643017E-02 -0.500000000    
          12          29   7.86176845E-02  -1.17633911E-02 -0.500000000    
          12          30  0.158470809       5.08571276E-03 -0.500000000    
          12          31  0.146965951       1.50921317E-02 -0.500000000    
          12          32  0.130026489       1.04982741E-02 -0.500000000    
          12          33  0.114812911       9.43752471E-03 -0.500000000    
          13           1  -1.35675184E-02  -3.62149999E-02 -0.500000000    
          13           2   4.76438999E-02  -2.55895946E-02 -0.500000000    
          13           3   1.16664246E-02  -2.32486445E-02 -0.500000000    
          13           4   1.87609699E-02  -3.06050610E-02 -0.500000000    
          13           5   4.01661098E-02  -4.23704833E-02 -0.500000000    
          13           6   4.08971459E-02  -5.09768166E-02 -0.500000000    
          13           7   6.01170249E-02  -5.27885556E-02 -0.500000000    
          13           8   2.50377283E-02  -6.04568720E-02 -0.500000000    
          13           9   6.39608782E-03 -0.107064433     -0.500000000    
          13          10  0.176766127     -0.136785343     -0.500000000    
          13          11  0.232684463     -0.170232520     -0.500000000    
          13          12  0.195727840     -0.192244485     -0.500000000    
          13          13  -5.39478064E-02 -0.202179879     -0.500000000    
          13          14   7.16520622E-02 -0.172517538     -0.500000000    
          13          15   7.67025948E-02 -0.126929700     -0.500000000    
          13          16  0.175252229      -9.20949951E-02 -0.500000000    
          13          17  0.189182654      -8.52490738E-02 -0.500000000    
          13          18  0.139769465     -0.109856874     -0.500000000    
          13          19   8.01607370E-02 -0.160086349     -0.500000000    
          13          20   8.03080052E-02 -0.214038417     -0.500000000    
          13          21   9.46030915E-02 -0.224224478     -0.500000000    
          13          22   8.52685720E-02 -0.207012340     -0.500000000    
          13          23  -4.12570760E-02 -0.149612427     -0.500000000    
          13          24  -6.76495880E-02 -0.105720170     -0.500000000    
          13          25   9.97403637E-02  -6.29973561E-02 -0.500000000    
          13          26  0.207491934      -4.88025621E-02 -0.500000000    
          13          27  0.171189606      -6.48724288E-02 -0.500000000    
          13          28  0.129913062      -6.56187385E-02 -0.500000000    
          13          29  0.101729922      -5.22590280E-02 -0.500000000    
          13          30  0.195468932      -3.97168957E-02 -0.500000000    
          13          31  0.306405872      -2.21712235E-02 -0.500000000    
          13          32  0.162375033      -6.69286260E-03 -0.500000000    
          13          33  -1.10643730E-03   2.42872350E-03 -0.500000000    
          14           1  0.111031733      -3.52455825E-02 -0.500000000    
          14           2  0.129637316      -4.46663648E-02 -0.500000000    
          14           3  0.113954835      -5.62240556E-02 -0.500000000    
          14           4  0.119836934      -6.19076863E-02 -0.500000000    
          14           5  0.105412409      -6.36700839E-02 -0.500000000    
          14           6   4.36419472E-02  -6.09964244E-02 -0.500000000    
          14           7   2.83743609E-02  -5.74608631E-02 -0.500000000    
          14           8   4.07057554E-02  -6.69180676E-02 -0.500000000    
          14           9  -7.15011684E-03 -0.100854300     -0.500000000    
          14          10   5.54500148E-02 -0.116199762     -0.500000000    
          14          11   4.80125919E-02 -0.143476933     -0.500000000    
          14          12   8.07114318E-02 -0.148701251     -0.500000000    
          14          13   7.17414021E-02 -0.172485083     -0.500000000    
          14          14   8.01339746E-02 -0.157769620     -0.500000000    
          14          15   1.81757174E-02 -0.106434092     -0.500000000    
          14          16  0.152150184      -6.18096776E-02 -0.500000000    
          14          17  0.241953939      -5.60277104E-02 -0.500000000    
          14          18  0.277104527      -8.85813981E-02 -0.500000000    
          14          19  0.156720519     -0.135050535     -0.500000000    
          14          20  0.176727116     -0.190959841     -0.500000000    
          14          21  0.282268614     -0.210673213     -0.500000000    
          14          22  0.289762557     -0.184929594     -0.500000000    
          14          23  0.151304960     -0.123818412     -0.500000000    
          14          24   2.51159891E-02  -8.72310922E-02 -0.500000000    
          14          25   7.38038570E-02  -5.49018644E-02 -0.500000000    
          14          26  0.166780978      -4.78478223E-02 -0.500000000    
          14          27  0.146738321      -6.99303001E-02 -0.500000000    
          14          28  0.167137250      -9.32439715E-02 -0.500000000    
          14          29  0.171338782      -9.62373167E-02 -0.500000000    
          14          30  0.182217106      -8.52464586E-02 -0.500000000    
          14          31  0.204492524      -5.89211471E-02 -0.500000000    
          14          32  0.162159041      -3.10895108E-02 -0.500000000    
          14          33   6.16545454E-02  -7.59144546E-03 -0.500000000    
          15           1  0.325327963      -4.10437882E-02 -0.500000000    
          15           2  0.262302250      -5.95404841E-02 -0.500000000    
          15           3  0.246962175      -8.39386806E-02 -0.500000000    
          15           4  0.272145987      -9.89582688E-02 -0.500000000    
          15           5  0.289855212      -9.68550891E-02 -0.500000000    
          15           6  0.178374738      -7.67778754E-02 -0.500000000    
          15           7   2.13519949E-03  -7.55606890E-02 -0.500000000    
          15           8   9.44937300E-03  -8.87568071E-02 -0.500000000    
          15           9   1.36048784E-02  -9.02588442E-02 -0.500000000    
          15          10   4.13269438E-02  -9.32748169E-02 -0.500000000    
          15          11  -5.25851734E-04 -0.104607522     -0.500000000    
          15          12   5.09925894E-02 -0.112722099     -0.500000000    
          15          13   7.66394809E-02 -0.126878753     -0.500000000    
          15          14   1.82002913E-02 -0.106411152     -0.500000000    
          15          15  0.189397618      -6.77616298E-02 -0.500000000    
          15          16  0.254574209      -3.13112624E-02 -0.500000000    
          15          17  0.257938445      -1.13066193E-02 -0.500000000    
          15          18  0.255490750      -3.29140313E-02 -0.500000000    
          15          19  0.156624913      -7.89501518E-02 -0.500000000    
          15          20  0.214517251     -0.129554689     -0.500000000    
          15          21  0.219608039     -0.152608737     -0.500000000    
          15          22  0.241363823     -0.148789763     -0.500000000    
          15          23  0.251672745     -0.114412084     -0.500000000    
          15          24  0.154467925      -8.39096084E-02 -0.500000000    
          15          25   7.08448961E-02  -6.69821426E-02 -0.500000000    
          15          26   1.88616645E-02  -6.48670346E-02 -0.500000000    
          15          27   3.74401994E-02  -6.50253221E-02 -0.500000000    
          15          28  0.174223319      -8.97570848E-02 -0.500000000    
          15          29  0.196452856     -0.108204260     -0.500000000    
          15          30  0.161166191      -9.24485251E-02 -0.500000000    
          15          31  0.162851617      -5.09282351E-02 -0.500000000    
          15          32  0.176120833      -1.31437033E-02 -0.500000000    
          15          33  0.299389511       1.00730546E-02 -0.500000000    
          16           1  0.202085987      -1.05169909E-02 -0.500000000    
          16           2  0.199548602      -2.91261934E-02 -0.500000000    
          16           3  0.218064457      -6.39848858E-02 -0.500000000    
          16           4  0.325675696      -9.14799273E-02 -0.500000000    
          16           5  0.428485930      -9.71125513E-02 -0.500000000    
          16           6  0.315167487      -9.21243653E-02 -0.500000000    
          16           7  0.168749034     -0.109039634     -0.500000000    
          16           8  0.125934899     -0.122592457     -0.500000000    
          16           9  0.108320802     -0.101517223     -0.500000000    
          16          10  0.123085164     -0.103853092     -0.500000000    
          16          11  0.103932455     -0.109717444     -0.500000000    
          16          12   6.14454485E-02 -0.116868213     -0.500000000    
          16          13  0.175118327      -9.20555070E-02 -0.500000000    
          16          14  0.152268618      -6.17840327E-02 -0.500000000    
          16          15  0.254453331      -3.13077495E-02 -0.500000000    
          16          16  0.268580765       1.91665106E-02 -0.500000000    
          16          17  0.136860996       4.37653475E-02 -0.500000000    
          16          18  0.123416521       1.77837238E-02 -0.500000000    
          16          19  0.201728761      -1.67965721E-02 -0.500000000    
          16          20  0.161357775      -5.95881194E-02 -0.500000000    
          16          21  0.164526403      -9.49483737E-02 -0.500000000    
          16          22  0.241204441     -0.112127207     -0.500000000    
          16          23  0.272952020     -0.107658334     -0.500000000    
          16          24  0.140471250      -7.67993182E-02 -0.500000000    
          16          25   6.80976659E-02  -7.03501180E-02 -0.500000000    
          16          26  -2.35205740E-02  -7.43045732E-02 -0.500000000    
          16          27  -4.12409455E-02  -7.09865168E-02 -0.500000000    
          16          28   3.58429179E-02  -9.68949199E-02 -0.500000000    
          16          29   3.90168764E-02 -0.115779944     -0.500000000    
          16          30   1.90944783E-02 -0.101536989     -0.500000000    
          16          31   7.59398937E-02  -5.56228496E-02 -0.500000000    
          16          32  0.123801261      -8.04604869E-03 -0.500000000    
          16          33  0.201143414       2.07198579E-02 -0.500000000    
          17           1   2.07772478E-03   1.97806060E-02 -0.500000000    
          17           2   5.99591024E-02  -6.80798944E-03 -0.500000000    
          17           3  0.141955405      -5.37328012E-02 -0.500000000    
          17           4  0.199811295      -9.04600099E-02 -0.500000000    
          17           5  0.236257464      -9.67343524E-02 -0.500000000    
          17           6  0.187358901      -8.65757614E-02 -0.500000000    
          17           7  0.230990797     -0.107724838     -0.500000000    
          17           8  0.277403802     -0.136571974     -0.500000000    
          17           9  0.246994168     -0.128424540     -0.500000000    
          17          10  0.199291244     -0.140134588     -0.500000000    
          17          11  0.178336784     -0.129331812     -0.500000000    
          17          12  0.112310901     -0.121559761     -0.500000000    
          17          13  0.188973874      -8.52174237E-02 -0.500000000    
          17          14  0.242034182      -5.60140721E-02 -0.500000000    
          17          15  0.258006364      -1.13030933E-02 -0.500000000    
          17          16  0.136746109       4.37608548E-02 -0.500000000    
          17          17  0.145117134       5.39762340E-02 -0.500000000    
          17          18  0.178147390       1.69272088E-02 -0.500000000    
          17          19  0.244849503      -2.25585233E-02 -0.500000000    
          17          20  0.149625078      -3.65171246E-02 -0.500000000    
          17          21   9.98682752E-02  -8.73135403E-02 -0.500000000    
          17          22  0.202413216     -0.105980523     -0.500000000    
          17          23  0.269336551      -9.55264345E-02 -0.500000000    
          17          24  0.119798101      -6.47005811E-02 -0.500000000    
          17          25  -3.79803553E-02  -8.30359384E-02 -0.500000000    
          17          26 -0.130246416      -9.79174823E-02 -0.500000000    
          17          27  -6.32626936E-02  -8.72082934E-02 -0.500000000    
          17          28   5.95891699E-02 -0.117186598     -0.500000000    
          17          29   3.74343581E-02 -0.139717489     -0.500000000    
          17          30  -1.29872449E-02 -0.116835952     -0.500000000    
          17          31  -1.18399505E-04  -5.78954145E-02 -0.500000000    
          17          32  -5.82725927E-02   4.75955289E-03 -0.500000000    
          17          33  -4.46848832E-02   4.35416475E-02 -0.500000000    
          18           1   2.92508006E-02   3.32512818E-02 -0.500000000    
          18           2  -3.38323191E-02  -4.59224358E-03 -0.500000000    
          18           3  -5.53003792E-03  -5.68587556E-02 -0.500000000    
          18           4  0.150695726      -9.32573080E-02 -0.500000000    
          18           5  0.274293035     -0.101380065     -0.500000000    
          18           6  0.164159656      -8.89258087E-02 -0.500000000    
          18           7   1.48815773E-02  -9.81440544E-02 -0.500000000    
          18           8   1.83476042E-02 -0.117680065     -0.500000000    
          18           9  0.165029258     -0.114541322     -0.500000000    
          18          10  0.198647350     -0.135479391     -0.500000000    
          18          11   8.43925625E-02 -0.134953156     -0.500000000    
          18          12  -8.42693821E-03 -0.129408553     -0.500000000    
          18          13  0.139379695     -0.109818898     -0.500000000    
          18          14  0.277017355      -8.85654688E-02 -0.500000000    
          18          15  0.255705208      -3.29273157E-02 -0.500000000    
          18          16  0.123361900       1.77741274E-02 -0.500000000    
          18          17  0.177985489       1.69191398E-02 -0.500000000    
          18          18  0.272366822      -3.83814909E-02 -0.500000000    
          18          19  0.316053927      -8.34211558E-02 -0.500000000    
          18          20  0.196206525      -7.98562467E-02 -0.500000000    
          18          21   6.78425431E-02 -0.107114367     -0.500000000    
          18          22  0.138822824     -0.118731022     -0.500000000    
          18          23  0.241617247     -0.108571455     -0.500000000    
          18          24  0.165704444      -7.90601671E-02 -0.500000000    
          18          25   4.34030369E-02  -8.46423134E-02 -0.500000000    
          18          26  -7.07978010E-02  -9.15706605E-02 -0.500000000    
          18          27   5.22967288E-03  -9.36736241E-02 -0.500000000    
          18          28  0.219851151     -0.133345887     -0.500000000    
          18          29  0.242546737     -0.161238343     -0.500000000    
          18          30  0.147442237     -0.145004600     -0.500000000    
          18          31  0.115869842      -8.37641507E-02 -0.500000000    
          18          32   7.00456575E-02  -9.76751838E-03 -0.500000000    
          18          33  0.122192934       3.81249376E-02 -0.500000000    
          19           1  0.193129316      -5.01867523E-03 -0.500000000    
          19           2  0.109197371      -3.78287286E-02 -0.500000000    
          19           3   7.73687810E-02  -7.22380057E-02 -0.500000000    
          19           4  0.201440215      -9.73285809E-02 -0.500000000    
          19           5  0.324104309     -0.105690181     -0.500000000    
          19           6  0.186686277      -8.88174921E-02 -0.500000000    
          19           7  -5.43989846E-03  -7.59483576E-02 -0.500000000    
          19           8  -5.87550513E-02  -8.50232244E-02 -0.500000000    
          19           9  -9.67766717E-03 -0.101257697     -0.500000000    
          19          10   4.12311666E-02 -0.123109303     -0.500000000    
          19          11  -1.89261176E-02 -0.137775734     -0.500000000    
          19          12  -5.72334081E-02 -0.153266072     -0.500000000    
          19          13   7.96818063E-02 -0.160053402     -0.500000000    
          19          14  0.156466708     -0.135016769     -0.500000000    
          19          15  0.156790391      -7.89651126E-02 -0.500000000    
          19          16  0.201807767      -1.68242268E-02 -0.500000000    
          19          17  0.244804889      -2.25789156E-02 -0.500000000    
          19          18  0.315997630      -8.34402665E-02 -0.500000000    
          19          19  0.357218772     -0.131533340     -0.500000000    
          19          20  0.193649977     -0.140752211     -0.500000000    
          19          21   6.75521120E-02 -0.132947564     -0.500000000    
          19          22   2.93760039E-02 -0.132548869     -0.500000000    
          19          23   8.30319896E-02 -0.119708017     -0.500000000    
          19          24   4.74554040E-02 -0.100811370     -0.500000000    
          19          25   9.93048958E-03  -8.78035873E-02 -0.500000000    
          19          26  -2.52093542E-02  -7.51561150E-02 -0.500000000    
          19          27  -3.05528026E-02  -8.12368914E-02 -0.500000000    
          19          28   9.79489312E-02 -0.119242430     -0.500000000    
          19          29  0.203387067     -0.143220708     -0.500000000    
          19          30  0.167423829     -0.130285293     -0.500000000    
          19          31  0.177820414      -8.12020376E-02 -0.500000000    
          19          32  0.144797072      -2.08696835E-02 -0.500000000    
          19          33   9.30890888E-02   2.61992719E-02 -0.500000000    
          20           1  0.300042808      -5.75780794E-02 -0.500000000    
          20           2  0.208726749      -6.06182031E-02 -0.500000000    
          20           3   8.50596279E-02  -6.80305958E-02 -0.500000000    
          20           4  0.167800918      -7.78289884E-02 -0.500000000    
          20           5  0.259388715      -9.19467509E-02 -0.500000000    
          20           6  0.171773687      -8.49375799E-02 -0.500000000    
          20           7   3.33351195E-02  -6.55994639E-02 -0.500000000    
          20           8   4.96659949E-02  -6.85459599E-02 -0.500000000    
          20           9   6.27441630E-02  -9.86703038E-02 -0.500000000    
          20          10   4.57138121E-02 -0.116056122     -0.500000000    
          20          11  -6.99134767E-02 -0.147863775     -0.500000000    
          20          12  -4.66026627E-02 -0.182468086     -0.500000000    
          20          13   7.99996480E-02 -0.214000583     -0.500000000    
          20          14  0.176334515     -0.190920278     -0.500000000    
          20          15  0.214483172     -0.129563376     -0.500000000    
          20          16  0.161411181      -5.96299991E-02 -0.500000000    
          20          17  0.149686798      -3.65529247E-02 -0.500000000    
          20          18  0.196413472      -7.98847675E-02 -0.500000000    
          20          19  0.193726480     -0.140767738     -0.500000000    
          20          20  0.140623733     -0.182258159     -0.500000000    
          20          21   7.89361894E-02 -0.189228833     -0.500000000    
          20          22  -1.78202819E-02 -0.180752203     -0.500000000    
          20          23  -2.59222602E-03 -0.154586703     -0.500000000    
          20          24  -7.35814264E-03 -0.126108333     -0.500000000    
          20          25  -7.42515251E-02  -8.73931497E-02 -0.500000000    
          20          26  -8.08853209E-02  -7.00793415E-02 -0.500000000    
          20          27  -7.47548491E-02  -7.79348761E-02 -0.500000000    
          20          28   2.17056405E-02  -9.09796581E-02 -0.500000000    
          20          29   5.67521714E-02  -8.56625959E-02 -0.500000000    
          20          30   5.23091219E-02  -6.37922287E-02 -0.500000000    
          20          31  0.170935258      -3.22998576E-02 -0.500000000    
          20          32  0.203571424       5.22550312E-04 -0.500000000    
          20          33  0.114008762       2.18805578E-02 -0.500000000    
          21           1  0.441574216     -0.110488206     -0.500000000    
          21           2  0.246843144      -8.01948309E-02 -0.500000000    
          21           3  0.114680044      -5.61647043E-02 -0.500000000    
          21           4  0.126685411      -4.91174944E-02 -0.500000000    
          21           5  0.189463049      -5.94161525E-02 -0.500000000    
          21           6  0.215129554      -7.71534890E-02 -0.500000000    
          21           7  0.163620278      -7.72851706E-02 -0.500000000    
          21           8  0.105242081      -8.49868730E-02 -0.500000000    
          21           9   3.69225442E-02 -0.121598870     -0.500000000    
          21          10   5.80464713E-02 -0.137118876     -0.500000000    
          21          11   8.72470289E-02 -0.170837775     -0.500000000    
          21          12   6.91847205E-02 -0.200321972     -0.500000000    
          21          13   9.44710150E-02 -0.224212483     -0.500000000    
          21          14  0.281829506     -0.210641339     -0.500000000    
          21          15  0.219403788     -0.152616918     -0.500000000    
          21          16  0.164529756      -9.49929357E-02 -0.500000000    
          21          17   9.99799445E-02  -8.73401091E-02 -0.500000000    
          21          18   6.79161549E-02 -0.107136354     -0.500000000    
          21          19   6.76175356E-02 -0.132962257     -0.500000000    
          21          20   7.89841861E-02 -0.189235613     -0.500000000    
          21          21  0.148262143     -0.223190188     -0.500000000    
          21          22  0.173103854     -0.217669964     -0.500000000    
          21          23   4.15567085E-02 -0.179348633     -0.500000000    
          21          24  -5.74218445E-02 -0.157994866     -0.500000000    
          21          25  -6.37730658E-02 -0.114128835     -0.500000000    
          21          26  -4.62134834E-03  -8.12361464E-02 -0.500000000    
          21          27  -1.15171913E-03  -7.59477764E-02 -0.500000000    
          21          28   1.83162149E-02  -6.66809902E-02 -0.500000000    
          21          29   4.90125734E-03  -4.07311656E-02 -0.500000000    
          21          30   3.66838872E-02  -1.76376589E-02 -0.500000000    
          21          31  0.128504887       1.56367407E-03 -0.500000000    
          21          32  0.129547432       4.45478689E-03 -0.500000000    
          21          33   4.52267602E-02   1.00583127E-02 -0.500000000    
          22           1  0.264939249     -0.127479613     -0.500000000    
          22           2   7.27081001E-02  -9.76679102E-02 -0.500000000    
          22           3   4.29519527E-02  -5.92946745E-02 -0.500000000    
          22           4   8.84428397E-02  -3.96870896E-02 -0.500000000    
          22           5  0.148958623      -3.78000923E-02 -0.500000000    
          22           6  0.240154982      -4.60473336E-02 -0.500000000    
          22           7  0.326859206      -6.22136444E-02 -0.500000000    
          22           8  0.255754232      -8.20268840E-02 -0.500000000    
          22           9   8.21408853E-02 -0.125403151     -0.500000000    
          22          10   6.28885776E-02 -0.148410648     -0.500000000    
          22          11  0.210935920     -0.182057381     -0.500000000    
          22          12  0.235988453     -0.204595447     -0.500000000    
          22          13   8.51907954E-02 -0.207050130     -0.500000000    
          22          14  0.289296269     -0.184930488     -0.500000000    
          22          15  0.241250083     -0.148794994     -0.500000000    
          22          16  0.241143629     -0.112148792     -0.500000000    
          22          17  0.202413142     -0.105976559     -0.500000000    
          22          18  0.138839811     -0.118706986     -0.500000000    
          22          19   2.94418912E-02 -0.132549018     -0.500000000    
          22          20  -1.77668855E-02 -0.180781424     -0.500000000    
          22          21  0.173128575     -0.217668742     -0.500000000    
          22          22  0.141858220     -0.215427622     -0.500000000    
          22          23   5.50590418E-02 -0.192379475     -0.500000000    
          22          24  -1.39002660E-02 -0.171857625     -0.500000000    
          22          25   9.11774337E-02 -0.125537232     -0.500000000    
          22          26  0.194011211      -9.06589329E-02 -0.500000000    
          22          27  0.157857627      -7.75825679E-02 -0.500000000    
          22          28  0.113259114      -5.87651916E-02 -0.500000000    
          22          29   8.50439519E-02  -3.17235440E-02 -0.500000000    
          22          30  -2.16242485E-03  -5.99746732E-03 -0.500000000    
          22          31  -1.13327065E-02   3.45749664E-03 -0.500000000    
          22          32  -7.78191537E-03   5.33772539E-03 -0.500000000    
          22          33   5.03723919E-02   9.14804358E-03 -0.500000000    
          23           1  -1.56993531E-02 -0.126960829     -0.500000000    
          23           2  -1.13602867E-03 -0.106382303     -0.500000000    
          23           3   5.87133244E-02  -8.01542699E-02 -0.500000000    
          23           4  0.108964704      -5.20126708E-02 -0.500000000    
          23           5  0.156474963      -2.81134509E-02 -0.500000000    
          23           6  0.167525813      -1.25274016E-02 -0.500000000    
          23           7  0.163582817      -1.15414932E-02 -0.500000000    
          23           8  0.136035934      -3.34721282E-02 -0.500000000    
          23           9   9.13548991E-02  -7.99032375E-02 -0.500000000    
          23          10  0.117247187     -0.140680313     -0.500000000    
          23          11  0.163008317     -0.177153707     -0.500000000    
          23          12  0.119305320     -0.173606440     -0.500000000    
          23          13  -4.12810296E-02 -0.149684489     -0.500000000    
          23          14  0.150915906     -0.123844996     -0.500000000    
          23          15  0.251696169     -0.114407927     -0.500000000    
          23          16  0.272896767     -0.107648045     -0.500000000    
          23          17  0.269255817      -9.54862311E-02 -0.500000000    
          23          18  0.241571054     -0.108511463     -0.500000000    
          23          19   8.30762312E-02 -0.119700387     -0.500000000    
          23          20  -2.59915972E-03 -0.154594347     -0.500000000    
          23          21   4.13375124E-02 -0.179336697     -0.500000000    
          23          22   5.50797991E-02 -0.192377970     -0.500000000    
          23          23   8.45204070E-02 -0.166195989     -0.500000000    
          23          24  0.112720609     -0.132246777     -0.500000000    
          23          25   8.95383358E-02  -8.88100415E-02 -0.500000000    
          23          26  0.101135246      -6.40757009E-02 -0.500000000    
          23          27  0.133163884      -6.64474368E-02 -0.500000000    
          23          28   8.96826014E-02  -5.24372682E-02 -0.500000000    
          23          29  0.101690583      -2.91765686E-02 -0.500000000    
          23          30  0.190990582      -2.83618234E-02 -0.500000000    
          23          31  0.229238957      -2.89937332E-02 -0.500000000    
          23          32  0.153534502      -2.74715964E-02 -0.500000000    
          23          33   5.76374680E-02  -2.51153111E-02 -0.500000000    
          24           1  -2.67748423E-02 -0.118465163     -0.500000000    
          24           2   5.87092787E-02 -0.110808209     -0.500000000    
          24           3   9.86401737E-02  -9.86151844E-02 -0.500000000    
          24           4  0.117329858      -8.33071321E-02 -0.500000000    
          24           5   6.02561943E-02  -4.78838496E-02 -0.500000000    
          24           6   9.13456082E-02   2.91075790E-04 -0.500000000    
          24           7   6.15932047E-02   3.71659584E-02 -0.500000000    
          24           8   9.20982659E-02   2.71980092E-02 -0.500000000    
          24           9  0.204293340      -1.97981261E-02 -0.500000000    
          24          10  0.240215898      -9.10876170E-02 -0.500000000    
          24          11  0.101558477     -0.154922366     -0.500000000    
          24          12   4.00683098E-02 -0.143105701     -0.500000000    
          24          13  -6.75535873E-02 -0.105817445     -0.500000000    
          24          14   2.49281637E-02  -8.72641131E-02 -0.500000000    
          24          15  0.154573679      -8.38991180E-02 -0.500000000    
          24          16  0.140522704      -7.67582580E-02 -0.500000000    
          24          17  0.119728915      -6.46416992E-02 -0.500000000    
          24          18  0.165630996      -7.90081546E-02 -0.500000000    
          24          19   4.75429185E-02 -0.100808658     -0.500000000    
          24          20  -7.52965501E-03 -0.126091272     -0.500000000    
          24          21  -5.74495569E-02 -0.157982126     -0.500000000    
          24          22  -1.38544748E-02 -0.171852529     -0.500000000    
          24          23  0.112726815     -0.132249907     -0.500000000    
          24          24  0.189466447      -7.72252604E-02 -0.500000000    
          24          25  0.136818498      -3.80407274E-02 -0.500000000    
          24          26   8.43113586E-02  -2.46065427E-02 -0.500000000    
          24          27   2.37818975E-02  -2.60988604E-02 -0.500000000    
          24          28   4.92735654E-02  -3.78507301E-02 -0.500000000    
          24          29  0.119971886      -5.55182695E-02 -0.500000000    
          24          30  0.187673971      -5.90836927E-02 -0.500000000    
          24          31  0.199993491      -5.82539067E-02 -0.500000000    
          24          32  0.107733659      -5.19015528E-02 -0.500000000    
          24          33  -4.05222289E-02  -4.83453162E-02 -0.500000000    
          25           1  -1.27138393E-02 -0.127825812     -0.500000000    
          25           2   2.33916659E-02 -0.130475342     -0.500000000    
          25           3   8.30786824E-02 -0.130302817     -0.500000000    
          25           4   8.91754553E-02 -0.118861809     -0.500000000    
          25           5   4.81817685E-02  -7.30306730E-02 -0.500000000    
          25           6 -0.115194455      -2.35142943E-04 -0.500000000    
          25           7  -3.07494421E-02   6.12296313E-02 -0.500000000    
          25           8   6.42045587E-02   5.59008084E-02 -0.500000000    
          25           9  0.146249801       8.56487453E-03 -0.500000000    
          25          10  0.240931749      -4.25030626E-02 -0.500000000    
          25          11  0.188733980      -9.89684239E-02 -0.500000000    
          25          12  0.106240667     -0.100321554     -0.500000000    
          25          13   9.97959524E-02  -6.31260946E-02 -0.500000000    
          25          14   7.36370087E-02  -5.49347363E-02 -0.500000000    
          25          15   7.09103346E-02  -6.69600815E-02 -0.500000000    
          25          16   6.81795925E-02  -7.02854022E-02 -0.500000000    
          25          17  -3.80097777E-02  -8.29738677E-02 -0.500000000    
          25          18   4.33488153E-02  -8.46159756E-02 -0.500000000    
          25          19   1.00053186E-02  -8.78117457E-02 -0.500000000    
          25          20  -7.43556619E-02  -8.73903260E-02 -0.500000000    
          25          21  -6.37074560E-02 -0.114131503     -0.500000000    
          25          22   9.12802517E-02 -0.125535965     -0.500000000    
          25          23   8.96248892E-02  -8.88090432E-02 -0.500000000    
          25          24  0.136838242      -3.80391851E-02 -0.500000000    
          25          25   6.96936548E-02  -3.34865861E-02 -0.500000000    
          25          26   1.48219960E-02  -1.08346762E-02 -0.500000000    
          25          27  -2.99787475E-03  -9.22017358E-03 -0.500000000    
          25          28   5.27228750E-02  -3.60156111E-02 -0.500000000    
          25          29  0.178218439      -7.00624138E-02 -0.500000000    
          25          30  0.220350191      -8.17140117E-02 -0.500000000    
          25          31  0.157026544      -7.97984749E-02 -0.500000000    
          25          32   5.32451309E-02  -7.26173222E-02 -0.500000000    
          25          33   3.30110006E-02  -6.97048083E-02 -0.500000000    
          26           1   8.70376453E-03 -0.129572615     -0.500000000    
          26           2   6.70726523E-02 -0.133698016     -0.500000000    
          26           3  0.164830938     -0.134477451     -0.500000000    
          26           4  0.170366243     -0.113205455     -0.500000000    
          26           5   4.67171147E-02  -6.36353120E-02 -0.500000000    
          26           6 -0.111042522       6.65369257E-03 -0.500000000    
          26           7  -7.25920573E-02   7.20859095E-02 -0.500000000    
          26           8   3.41099240E-02   8.82442296E-02 -0.500000000    
          26           9  0.172462508       4.67940457E-02 -0.500000000    
          26          10  0.165636256       1.60184456E-03 -0.500000000    
          26          11  0.171696842      -4.50179651E-02 -0.500000000    
          26          12  0.148090765      -6.27098605E-02 -0.500000000    
          26          13  0.207547635      -4.89502661E-02 -0.500000000    
          26          14  0.166622281      -4.78788465E-02 -0.500000000    
          26          15   1.88778676E-02  -6.48270622E-02 -0.500000000    
          26          16  -2.34966576E-02  -7.42363110E-02 -0.500000000    
          26          17 -0.130242124      -9.78589058E-02 -0.500000000    
          26          18  -7.07756653E-02  -9.15718228E-02 -0.500000000    
          26          19  -2.52396353E-02  -7.51650184E-02 -0.500000000    
          26          20  -8.07446092E-02  -7.01064095E-02 -0.500000000    
          26          21  -4.55999654E-03  -8.12531859E-02 -0.500000000    
          26          22  0.194034040      -9.06580389E-02 -0.500000000    
          26          23  0.101222076      -6.40630722E-02 -0.500000000    
          26          24   8.43660086E-02  -2.45968848E-02 -0.500000000    
          26          25   1.48498919E-02  -1.08273104E-02 -0.500000000    
          26          26   8.23810045E-03   1.95913091E-02 -0.500000000    
          26          27   1.34061836E-02   9.10560694E-03 -0.500000000    
          26          28   4.21549790E-02  -2.75434889E-02 -0.500000000    
          26          29  0.204049468      -5.70308454E-02 -0.500000000    
          26          30  0.305104941      -6.84260651E-02 -0.500000000    
          26          31  0.233285278      -6.90919459E-02 -0.500000000    
          26          32  0.141210243      -7.05330074E-02 -0.500000000    
          26          33   9.88845751E-02  -7.04476535E-02 -0.500000000    
          27           1  0.130589396     -0.145542666     -0.500000000    
          27           2  0.163499027     -0.145064488     -0.500000000    
          27           3  0.223081142     -0.139154375     -0.500000000    
          27           4  0.261114895     -0.124373563     -0.500000000    
          27           5  0.110170156      -8.70337710E-02 -0.500000000    
          27           6  -2.01636944E-02  -2.72439606E-02 -0.500000000    
          27           7  -4.92957830E-02   3.94634157E-02 -0.500000000    
          27           8   4.48693559E-02   6.61701560E-02 -0.500000000    
          27           9   9.35659185E-02   4.36441414E-02 -0.500000000    
          27          10   8.00264701E-02   1.25737051E-02 -0.500000000    
          27          11   4.62243184E-02  -1.78095382E-02 -0.500000000    
          27          12  0.122092590      -5.25454022E-02 -0.500000000    
          27          13  0.171292424      -6.50017560E-02 -0.500000000    
          27          14  0.146680355      -6.99683204E-02 -0.500000000    
          27          15   3.74417379E-02  -6.49836808E-02 -0.500000000    
          27          16  -4.12243381E-02  -7.09311217E-02 -0.500000000    
          27          17  -6.32634759E-02  -8.71547982E-02 -0.500000000    
          27          18   5.28715365E-03  -9.36794132E-02 -0.500000000    
          27          19  -3.06170434E-02  -8.12479928E-02 -0.500000000    
          27          20  -7.46260658E-02  -7.79778510E-02 -0.500000000    
          27          21  -1.02483714E-03  -7.59766549E-02 -0.500000000    
          27          22  0.157921761      -7.75836110E-02 -0.500000000    
          27          23  0.133257017      -6.64196908E-02 -0.500000000    
          27          24   2.38977838E-02  -2.60787643E-02 -0.500000000    
          27          25  -2.90647103E-03  -9.20502003E-03 -0.500000000    
          27          26   1.34335505E-02   9.10233427E-03 -0.500000000    
          27          27   1.10475160E-02  -9.78105236E-03 -0.500000000    
          27          28   4.62678634E-02  -5.25408685E-02 -0.500000000    
          27          29  0.228468075      -8.42390731E-02 -0.500000000    
          27          30  0.282398582      -8.09269547E-02 -0.500000000    
          27          31  0.255264670      -7.24333376E-02 -0.500000000    
          27          32  0.107399330      -7.65864402E-02 -0.500000000    
          27          33   7.48679042E-02  -8.81177261E-02 -0.500000000    
          28           1  0.228035167     -0.148689866     -0.500000000    
          28           2  0.263095915     -0.149457961     -0.500000000    
          28           3  0.327781260     -0.153830156     -0.500000000    
          28           4  0.401195645     -0.151848793     -0.500000000    
          28           5  0.278476715     -0.119110644     -0.500000000    
          28           6   5.99240772E-02  -6.36710599E-02 -0.500000000    
          28           7  -2.97548287E-02  -9.24274046E-03 -0.500000000    
          28           8   5.83631918E-02   3.02445237E-02 -0.500000000    
          28           9  0.105004169       1.96427964E-02 -0.500000000    
          28          10   8.57685506E-03   1.13657508E-02 -0.500000000    
          28          11  -4.77274284E-02   1.92019960E-03 -0.500000000    
          28          12   5.74422218E-02  -3.33166048E-02 -0.500000000    
          28          13  0.130042538      -6.57006726E-02 -0.500000000    
          28          14  0.167151704      -9.32895318E-02 -0.500000000    
          28          15  0.174232379      -8.97276253E-02 -0.500000000    
          28          16   3.59350704E-02  -9.68534872E-02 -0.500000000    
          28          17   5.95832169E-02 -0.117135048     -0.500000000    
          28          18  0.219868511     -0.133328229     -0.500000000    
          28          19   9.79159102E-02 -0.119250521     -0.500000000    
          28          20   2.17111390E-02  -9.10168290E-02 -0.500000000    
          28          21   1.84460450E-02  -6.67075664E-02 -0.500000000    
          28          22  0.113341562      -5.87552115E-02 -0.500000000    
          28          23   8.98207575E-02  -5.23961447E-02 -0.500000000    
          28          24   4.93879430E-02  -3.78177166E-02 -0.500000000    
          28          25   5.28568663E-02  -3.60113122E-02 -0.500000000    
          28          26   4.23377454E-02  -2.75710970E-02 -0.500000000    
          28          27   4.63663861E-02  -5.25629222E-02 -0.500000000    
          28          28  0.243661225     -0.101941064     -0.500000000    
          28          29  0.373090744     -0.122680359     -0.500000000    
          28          30  0.411069006     -0.114616364     -0.500000000    
          28          31  0.340984583      -9.96226072E-02 -0.500000000    
          28          32  0.184830561      -9.90324989E-02 -0.500000000    
          28          33  0.187842757     -0.110099182     -0.500000000    
          29           1  0.279256791     -0.140259638     -0.500000000    
          29           2  0.277161062     -0.145242840     -0.500000000    
          29           3  0.415247887     -0.140297294     -0.500000000    
          29           4  0.579523027     -0.136871785     -0.500000000    
          29           5  0.399107426     -0.119337842     -0.500000000    
          29           6  0.142035991      -7.72068202E-02 -0.500000000    
          29           7   2.28215903E-02  -2.52667516E-02 -0.500000000    
          29           8   9.10903439E-02   5.04437252E-04 -0.500000000    
          29           9  0.103141159       1.69531698E-03 -0.500000000    
          29          10  -1.13015603E-02   1.36268660E-02 -0.500000000    
          29          11  -4.19702493E-02   1.56916603E-02 -0.500000000    
          29          12   7.84168914E-02  -1.17528681E-02 -0.500000000    
          29          13  0.101837061      -5.22802211E-02 -0.500000000    
          29          14  0.171357304      -9.62826908E-02 -0.500000000    
          29          15  0.196503982     -0.108191803     -0.500000000    
          29          16   3.91607322E-02 -0.115742676     -0.500000000    
          29          17   3.74202728E-02 -0.139665335     -0.500000000    
          29          18  0.242453545     -0.161198556     -0.500000000    
          29          19  0.203375980     -0.143219799     -0.500000000    
          29          20   5.67033105E-02  -8.56853649E-02 -0.500000000    
          29          21   5.00388304E-03  -4.07416597E-02 -0.500000000    
          29          22   8.51159170E-02  -3.16953138E-02 -0.500000000    
          29          23  0.101826809      -2.91312952E-02 -0.500000000    
          29          24  0.120151587      -5.54915294E-02 -0.500000000    
          29          25  0.178387240      -7.00683743E-02 -0.500000000    
          29          26  0.204145938      -5.70714697E-02 -0.500000000    
          29          27  0.228267103      -8.42749402E-02 -0.500000000    
          29          28  0.372691095     -0.122698449     -0.500000000    
          29          29  0.510130882     -0.135706946     -0.500000000    
          29          30  0.429935187     -0.127788305     -0.500000000    
          29          31  0.369253963     -0.123126194     -0.500000000    
          29          32  0.237061664     -0.119995669     -0.500000000    
          29          33  0.282913983      -9.87680927E-02 -0.500000000    
          30           1   8.24634582E-02 -0.165022507     -0.500000000    
          30           2   8.06596875E-02 -0.171465397     -0.500000000    
          30           3  0.271946251     -0.153517112     -0.500000000    
          30           4  0.467661262     -0.120142117     -0.500000000    
          30           5  0.292085737      -8.31608027E-02 -0.500000000    
          30           6  0.275142133      -5.90042733E-02 -0.500000000    
          30           7  0.242364272      -2.52537485E-02 -0.500000000    
          30           8  0.150488347      -1.23001458E-02 -0.500000000    
          30           9  0.118990555      -7.93994311E-03 -0.500000000    
          30          10   6.29377589E-02   3.90045973E-03 -0.500000000    
          30          11  -3.96845452E-02   1.86801963E-02 -0.500000000    
          30          12  0.158219725       5.15506603E-03 -0.500000000    
          30          13  0.195429549      -3.96822840E-02 -0.500000000    
          30          14  0.182279214      -8.52799118E-02 -0.500000000    
          30          15  0.161257848      -9.24476832E-02 -0.500000000    
          30          16   1.92442238E-02 -0.101494029     -0.500000000    
          30          17  -1.29374499E-02 -0.116788633     -0.500000000    
          30          18  0.147281587     -0.144964010     -0.500000000    
          30          19  0.167477190     -0.130283877     -0.500000000    
          30          20   5.23489490E-02  -6.38046190E-02 -0.500000000    
          30          21   3.67615633E-02  -1.76276825E-02 -0.500000000    
          30          22  -2.06028251E-03  -5.96739724E-03 -0.500000000    
          30          23  0.191253826      -2.83333194E-02 -0.500000000    
          30          24  0.187833354      -5.90696000E-02 -0.500000000    
          30          25  0.220372245      -8.17275047E-02 -0.500000000    
          30          26  0.305038780      -6.84739649E-02 -0.500000000    
          30          27  0.282058716      -8.09840038E-02 -0.500000000    
          30          28  0.410488486     -0.114660613     -0.500000000    
          30          29  0.429698139     -0.127811030     -0.500000000    
          30          30  0.286471158     -0.142175868     -0.500000000    
          30          31  0.166543290     -0.147301629     -0.500000000    
          30          32  0.179808974     -0.131162688     -0.500000000    
          30          33  0.134687379     -0.121325754     -0.500000000    
          31           1   8.99721682E-02 -0.146107569     -0.500000000    
          31           2   8.45300183E-02 -0.151697949     -0.500000000    
          31           3  0.139608771     -0.140127257     -0.500000000    
          31           4   7.54547864E-02  -9.97797325E-02 -0.500000000    
          31           5  0.135061339      -6.97035491E-02 -0.500000000    
          31           6  0.270099372      -3.28404978E-02 -0.500000000    
          31           7  0.300711960      -1.10310055E-02 -0.500000000    
          31           8  0.205426857      -1.39525570E-02 -0.500000000    
          31           9  0.141690001      -1.90947596E-02 -0.500000000    
          31          10  0.115092076      -1.80246774E-02 -0.500000000    
          31          11  -3.19379307E-02   1.36570039E-03 -0.500000000    
          31          12  0.146728352       1.52180241E-02 -0.500000000    
          31          13  0.306313664      -2.21022777E-02 -0.500000000    
          31          14  0.204505801      -5.89383952E-02 -0.500000000    
          31          15  0.162878022      -5.09291925E-02 -0.500000000    
          31          16   7.59597868E-02  -5.55688515E-02 -0.500000000    
          31          17   1.44001096E-05  -5.78604825E-02 -0.500000000    
          31          18  0.115674093      -8.37349370E-02 -0.500000000    
          31          19  0.177962184      -8.12142268E-02 -0.500000000    
          31          20  0.171070248      -3.23069468E-02 -0.500000000    
          31          21  0.128533319       1.58335408E-03 -0.500000000    
          31          22  -1.12097086E-02   3.48032336E-03 -0.500000000    
          31          23  0.229470968      -2.89842337E-02 -0.500000000    
          31          24  0.200078979      -5.82535043E-02 -0.500000000    
          31          25  0.157010838      -7.98202753E-02 -0.500000000    
          31          26  0.233269110      -6.91575408E-02 -0.500000000    
          31          27  0.255018234      -7.25245699E-02 -0.500000000    
          31          28  0.340575278      -9.97176468E-02 -0.500000000    
          31          29  0.369267583     -0.123220317     -0.500000000    
          31          30  0.166724771     -0.147361666     -0.500000000    
          31          31  0.154987395     -0.158147931     -0.500000000    
          31          32  0.194305405     -0.149817720     -0.500000000    
          31          33   4.88367155E-02 -0.143921778     -0.500000000    
          32           1  0.209644496     -0.137654185     -0.500000000    
          32           2  0.182499841     -0.136091918     -0.500000000    
          32           3  0.111744620     -0.101526268     -0.500000000    
          32           4  -2.56747529E-02  -7.00032339E-02 -0.500000000    
          32           5   1.66548621E-02  -4.14041318E-02 -0.500000000    
          32           6   4.83263731E-02  -2.27908585E-02 -0.500000000    
          32           7   9.82743651E-02   3.12886084E-03 -0.500000000    
          32           8  0.113403492      -4.42263484E-03 -0.500000000    
          32           9  0.159018978      -2.78364830E-02 -0.500000000    
          32          10  0.169908702      -3.37056667E-02 -0.500000000    
          32          11   5.06867319E-02  -1.42211886E-02 -0.500000000    
          32          12  0.129835889       1.06544597E-02 -0.500000000    
          32          13  0.162300974      -6.59851590E-03 -0.500000000    
          32          14  0.162102982      -3.10952067E-02 -0.500000000    
          32          15  0.176034436      -1.31418686E-02 -0.500000000    
          32          16  0.123701282      -7.98881520E-03 -0.500000000    
          32          17  -5.80179840E-02   4.78260545E-03 -0.500000000    
          32          18   6.98491484E-02  -9.75244399E-03 -0.500000000    
          32          19  0.145099372      -2.09007878E-02 -0.500000000    
          32          20  0.203716844       5.13339124E-04 -0.500000000    
          32          21  0.129562333       4.46742401E-03 -0.500000000    
          32          22  -7.78791029E-03   5.35389315E-03 -0.500000000    
          32          23  0.153655007      -2.74683516E-02 -0.500000000    
          32          24  0.107826404      -5.19146137E-02 -0.500000000    
          32          25   5.33454828E-02  -7.26507306E-02 -0.500000000    
          32          26  0.141220480      -7.06151426E-02 -0.500000000    
          32          27  0.107293144      -7.67200887E-02 -0.500000000    
          32          28  0.184874430      -9.92054343E-02 -0.500000000    
          32          29  0.237880960     -0.120177843     -0.500000000    
          32          30  0.180549175     -0.131297454     -0.500000000    
          32          31  0.194983467     -0.149862662     -0.500000000    
          32          32  0.265652508     -0.153288350     -0.500000000    
          32          33  0.169693679     -0.166040838     -0.500000000    
          33           1  0.282444805     -0.128459096     -0.500000000    
          33           2   8.22148770E-02 -0.123989142     -0.500000000    
          33           3   5.25485277E-02  -8.42310563E-02 -0.500000000    
          33           4  -5.99015765E-02  -3.63512971E-02 -0.500000000    
          33           5   3.03127524E-03  -1.40820267E-02 -0.500000000    
          33           6   2.01990269E-02  -2.61784461E-03 -0.500000000    
          33           7  -7.05056489E-02   1.78735424E-02 -0.500000000    
          33           8   1.09514939E-02   1.01836473E-02 -0.500000000    
          33           9   3.53075080E-02  -2.48642676E-02 -0.500000000    
          33          10  0.172563151      -3.72977816E-02 -0.500000000    
          33          11  0.154083475      -1.56054208E-02 -0.500000000    
          33          12  0.114958569       9.59770940E-03 -0.500000000    
          33          13  -1.19380374E-03   2.53266026E-03 -0.500000000    
          33          14   6.15085326E-02  -7.58886617E-03 -0.500000000    
          33          15  0.299288034       1.00767808E-02 -0.500000000    
          33          16  0.200963750       2.07704473E-02 -0.500000000    
          33          17  -4.43345271E-02   4.35598604E-02 -0.500000000    
          33          18  0.122007303       3.81286293E-02 -0.500000000    
          33          19   9.35220569E-02   2.61561610E-02 -0.500000000    
          33          20  0.114153676       2.18681507E-02 -0.500000000    
          33          21   4.52267081E-02   1.00640869E-02 -0.500000000    
          33          22   5.02142832E-02   9.16128233E-03 -0.500000000    
          33          23   5.76083735E-02  -2.51122396E-02 -0.500000000    
          33          24  -4.02722545E-02  -4.83612269E-02 -0.500000000    
          33          25   3.31184082E-02  -6.97445646E-02 -0.500000000    
          33          26   9.88756120E-02  -7.05353096E-02 -0.500000000    
          33          27   7.48306885E-02  -8.82841423E-02 -0.500000000    
          33          28  0.188343525     -0.110326312     -0.500000000    
          33          29  0.284951329      -9.89639387E-02 -0.500000000    
          33          30  0.136720166     -0.121491380     -0.500000000    
          33          31   5.05029187E-02 -0.144010797     -0.500000000    
          33          32  0.170530021     -0.166054353     -0.500000000    
          33          33  0.476623833     -0.178112239     -0.500000000    
