           1           1  0.450916499      -6.68289140E-02 -0.500000000    
           1           2  0.591468573      -8.04309472E-02 -0.500000000    
           1           3  0.576924443     -0.109791808     -0.500000000    
           1           4  0.282969803     -0.102389991     -0.500000000    
           1           5  0.103765830      -4.29964587E-02 -0.500000000    
           1           6  0.149121642      -4.91238106E-03 -0.500000000    
           1           7  0.270982981      -3.55296806E-02 -0.500000000    
           1           8  0.436765164      -6.52341023E-02 -0.500000000    
           1           9  0.596013725      -7.32234791E-02 -0.500000000    
           1          10  0.516893268      -5.16036637E-02 -0.500000000    
           1          11  0.186699033      -3.77773568E-02 -0.500000000    
           1          12  0.103017241      -4.08141017E-02 -0.500000000    
           1          13  0.201338068      -5.23118377E-02 -0.500000000    
           1          14  0.252466470      -5.01495488E-02 -0.500000000    
           1          15   1.38126332E-02   1.28293969E-02 -0.500000000    
           1          16  0.128561869       7.73432255E-02 -0.500000000    
           1          17  0.181649223      0.102358341     -0.500000000    
           1          18  0.105775990       5.36991023E-02 -0.500000000    
           1          19  0.129460305      -2.61482783E-02 -0.500000000    
           1          20  0.328257143     -0.107080840     -0.500000000    
           1          21  0.134028196     -0.119777530     -0.500000000    
           1          22   3.94568183E-02 -0.100401774     -0.500000000    
           1          23   9.88534689E-02  -6.90845922E-02 -0.500000000    
           1          24  0.106623121      -6.18353374E-02 -0.500000000    
           1          25  0.159036994      -9.41709056E-02 -0.500000000    
           1          26  0.121414401     -0.147787631     -0.500000000    
           1          27   8.11126158E-02 -0.152652234     -0.500000000    
           1          28   6.71273470E-02 -0.166931078     -0.500000000    
           1          29   3.61785591E-02 -0.207652420     -0.500000000    
           1          30  0.231941313     -0.163129911     -0.500000000    
           1          31  0.450116336      -9.56107825E-02 -0.500000000    
           1          32  0.461367249      -1.45153431E-02 -0.500000000    
           1          33  0.427689642       4.58676033E-02 -0.500000000    
           2           1  0.592079341      -8.04660171E-02 -0.500000000    
           2           2  0.496140182      -9.71940756E-02 -0.500000000    
           2           3  0.527773201     -0.116488390     -0.500000000    
           2           4  0.293293297     -0.101539992     -0.500000000    
           2           5  0.238873422      -5.40654883E-02 -0.500000000    
           2           6  0.251819015      -8.32031015E-03 -0.500000000    
           2           7  0.205304980      -2.29323059E-02 -0.500000000    
           2           8  0.227999762      -5.03488630E-02 -0.500000000    
           2           9  0.323629946      -6.31700903E-02 -0.500000000    
           2          10  0.473830819      -5.09872511E-02 -0.500000000    
           2          11  0.373087108      -3.92218716E-02 -0.500000000    
           2          12  0.182028294      -4.64377031E-02 -0.500000000    
           2          13   9.08080712E-02  -6.35751560E-02 -0.500000000    
           2          14  0.234878853      -7.20877349E-02 -0.500000000    
           2          15  0.118786156      -3.63581330E-02 -0.500000000    
           2          16  0.199079677      -5.55403356E-04 -0.500000000    
           2          17  0.195180893       1.42267291E-02 -0.500000000    
           2          18  0.211236730      -1.48913860E-02 -0.500000000    
           2          19  0.190162092      -6.82938024E-02 -0.500000000    
           2          20  0.245398372     -0.131865591     -0.500000000    
           2          21  0.193099216     -0.145834684     -0.500000000    
           2          22  0.214568749     -0.121990904     -0.500000000    
           2          23  0.151719555      -8.91724676E-02 -0.500000000    
           2          24   4.63481992E-03  -7.36682490E-02 -0.500000000    
           2          25   5.69250211E-02  -9.17160660E-02 -0.500000000    
           2          26   4.19212729E-02 -0.132730678     -0.500000000    
           2          27  0.184239700     -0.150337189     -0.500000000    
           2          28  0.329893500     -0.182379708     -0.500000000    
           2          29  0.258347183     -0.223710224     -0.500000000    
           2          30  0.270519465     -0.168761671     -0.500000000    
           2          31  0.283190995     -0.103568345     -0.500000000    
           2          32  0.318164647      -3.75681370E-02 -0.500000000    
           2          33  0.374139756       1.34370979E-02 -0.500000000    
           3           1  0.578074336     -0.109859735     -0.500000000    
           3           2  0.528426588     -0.116553113     -0.500000000    
           3           3  0.209419429     -0.106751025     -0.500000000    
           3           4  0.131463245      -9.88315344E-02 -0.500000000    
           3           5  0.209184229      -6.02801703E-02 -0.500000000    
           3           6  0.205951527      -2.41721682E-02 -0.500000000    
           3           7  0.156652749      -3.48887369E-02 -0.500000000    
           3           8  0.153869003      -4.57609370E-02 -0.500000000    
           3           9  0.193663403      -6.19565845E-02 -0.500000000    
           3          10  0.280882031      -5.05671017E-02 -0.500000000    
           3          11  0.256057233      -4.14269380E-02 -0.500000000    
           3          12   8.84849876E-02  -5.78334108E-02 -0.500000000    
           3          13   6.38057142E-02  -7.96738341E-02 -0.500000000    
           3          14  0.170525655     -0.108080111     -0.500000000    
           3          15  0.181570798      -9.59475189E-02 -0.500000000    
           3          16  0.284524441      -8.41665342E-02 -0.500000000    
           3          17  0.223744750      -7.48717785E-02 -0.500000000    
           3          18  0.211602047      -8.93686712E-02 -0.500000000    
           3          19  0.163385049     -0.120767184     -0.500000000    
           3          20  0.172820404     -0.159129843     -0.500000000    
           3          21  0.177666202     -0.169668168     -0.500000000    
           3          22  0.251193017     -0.143932521     -0.500000000    
           3          23   8.89965743E-02 -0.107146658     -0.500000000    
           3          24  -5.32283559E-02  -9.24852118E-02 -0.500000000    
           3          25  -3.20781581E-02  -9.92440060E-02 -0.500000000    
           3          26  -2.13568695E-02 -0.129953533     -0.500000000    
           3          27  0.166084230     -0.153492451     -0.500000000    
           3          28  0.494242400     -0.178284168     -0.500000000    
           3          29  0.396865427     -0.223556370     -0.500000000    
           3          30  0.302035630     -0.175722182     -0.500000000    
           3          31  0.404100358     -0.115791939     -0.500000000    
           3          32  0.364742488      -6.83799982E-02 -0.500000000    
           3          33  0.302709877      -2.75136530E-02 -0.500000000    
           4           1  0.284318149     -0.102577552     -0.500000000    
           4           2  0.293958187     -0.101672433     -0.500000000    
           4           3  0.131438568      -9.88810435E-02 -0.500000000    
           4           4  -7.15482235E-02  -9.41932648E-02 -0.500000000    
           4           5   5.31890802E-02  -7.72085860E-02 -0.500000000    
           4           6  0.102356449      -4.07023504E-02 -0.500000000    
           4           7  0.151664108      -4.55660820E-02 -0.500000000    
           4           8  0.185595334      -4.05509807E-02 -0.500000000    
           4           9  0.136551335      -5.14332540E-02 -0.500000000    
           4          10  0.119189486      -4.54837531E-02 -0.500000000    
           4          11   1.58523414E-02  -4.75355349E-02 -0.500000000    
           4          12   2.01155897E-02  -6.86294809E-02 -0.500000000    
           4          13   3.98291610E-02  -9.65080410E-02 -0.500000000    
           4          14   6.25300258E-02 -0.132073492     -0.500000000    
           4          15  0.163258404     -0.130077213     -0.500000000    
           4          16  0.254210085     -0.130989492     -0.500000000    
           4          17  0.253839195     -0.124301106     -0.500000000    
           4          18  0.142086208     -0.132742614     -0.500000000    
           4          19   3.76652479E-02 -0.148203209     -0.500000000    
           4          20   3.71370316E-02 -0.168025926     -0.500000000    
           4          21  0.103958756     -0.171826839     -0.500000000    
           4          22  0.136262268     -0.145678565     -0.500000000    
           4          23  -2.39462536E-02 -0.111943558     -0.500000000    
           4          24  -7.91012794E-02  -9.80724767E-02 -0.500000000    
           4          25  -3.68079580E-02  -9.88004878E-02 -0.500000000    
           4          26  -7.50269229E-03 -0.127096280     -0.500000000    
           4          27  0.149669081     -0.144882768     -0.500000000    
           4          28  0.394600898     -0.156070605     -0.500000000    
           4          29  0.397732705     -0.181847721     -0.500000000    
           4          30  0.389101654     -0.176867291     -0.500000000    
           4          31  0.644884408     -0.136088043     -0.500000000    
           4          32  0.519676983      -8.36559013E-02 -0.500000000    
           4          33  0.228735968      -5.85030653E-02 -0.500000000    
           5           1  0.104201667      -4.31320556E-02 -0.500000000    
           5           2  0.239196956      -5.41615263E-02 -0.500000000    
           5           3  0.209165007      -6.03386573E-02 -0.500000000    
           5           4   5.32824732E-02  -7.72413835E-02 -0.500000000    
           5           5   4.71172743E-02  -7.11719170E-02 -0.500000000    
           5           6  0.138492614      -3.05578653E-02 -0.500000000    
           5           7  0.202230304      -2.39512045E-02 -0.500000000    
           5           8  0.119831428      -1.95326339E-02 -0.500000000    
           5           9   3.33165824E-02  -2.59961151E-02 -0.500000000    
           5          10   7.97792897E-02  -4.07761671E-02 -0.500000000    
           5          11  -2.23435797E-02  -6.06996790E-02 -0.500000000    
           5          12   5.15802763E-02  -8.58370438E-02 -0.500000000    
           5          13   1.33938938E-02 -0.104423136     -0.500000000    
           5          14   3.65127809E-02 -0.131693810     -0.500000000    
           5          15   4.91467305E-02 -0.141038209     -0.500000000    
           5          16  0.191614300     -0.145672336     -0.500000000    
           5          17  0.293930233     -0.143639550     -0.500000000    
           5          18   6.24049120E-02 -0.143905491     -0.500000000    
           5          19  -4.14401032E-02 -0.146882325     -0.500000000    
           5          20  -3.89152616E-02 -0.154365003     -0.500000000    
           5          21   8.00127313E-02 -0.156914979     -0.500000000    
           5          22   5.34616970E-02 -0.132181510     -0.500000000    
           5          23  -9.68343988E-02 -0.105530731     -0.500000000    
           5          24 -0.104126520      -8.38577673E-02 -0.500000000    
           5          25  -2.13143192E-02  -8.52871612E-02 -0.500000000    
           5          26   7.59884864E-02 -0.107983120     -0.500000000    
           5          27  0.190361470     -0.109630361     -0.500000000    
           5          28  0.336232692     -0.123003714     -0.500000000    
           5          29  0.425500721     -0.129847005     -0.500000000    
           5          30  0.543728173     -0.141523987     -0.500000000    
           5          31  0.571972847     -0.117635697     -0.500000000    
           5          32  0.315589696      -7.90460035E-02 -0.500000000    
           5          33   7.12050050E-02  -6.40457347E-02 -0.500000000    
           6           1  0.149477348      -4.98218555E-03 -0.500000000    
           6           2  0.251984894      -8.37215222E-03 -0.500000000    
           6           3  0.206043750      -2.42184550E-02 -0.500000000    
           6           4  0.102513358      -4.07319255E-02 -0.500000000    
           6           5  0.138571620      -3.05665899E-02 -0.500000000    
           6           6  0.148229986       1.03545077E-02 -0.500000000    
           6           7   8.22918415E-02   1.07357483E-02 -0.500000000    
           6           8  0.106521741       1.29578616E-02 -0.500000000    
           6           9   8.64695758E-02   5.22269960E-03 -0.500000000    
           6          10  0.109785534      -2.95026004E-02 -0.500000000    
           6          11   5.67676872E-02  -6.83636442E-02 -0.500000000    
           6          12   6.36887327E-02  -8.14449862E-02 -0.500000000    
           6          13   3.82815339E-02  -8.94823670E-02 -0.500000000    
           6          14   4.53419462E-02 -0.118791677     -0.500000000    
           6          15   4.66586091E-02 -0.148566544     -0.500000000    
           6          16  0.196728215     -0.157685980     -0.500000000    
           6          17  0.287133694     -0.159089953     -0.500000000    
           6          18   3.08365151E-02 -0.147149205     -0.500000000    
           6          19  -4.84157316E-02 -0.138926759     -0.500000000    
           6          20   3.51548754E-02 -0.135024905     -0.500000000    
           6          21   8.56523216E-02 -0.126149520     -0.500000000    
           6          22   3.86725850E-02 -0.110923097     -0.500000000    
           6          23  -9.51667875E-02  -8.57819766E-02 -0.500000000    
           6          24 -0.111244664      -5.93283847E-02 -0.500000000    
           6          25   4.02646288E-02  -6.50364310E-02 -0.500000000    
           6          26  0.124369092      -7.53134117E-02 -0.500000000    
           6          27  0.184500664      -5.71979024E-02 -0.500000000    
           6          28  0.265972972      -7.04766065E-02 -0.500000000    
           6          29  0.395067602      -7.91201219E-02 -0.500000000    
           6          30  0.373686731      -7.35026300E-02 -0.500000000    
           6          31  0.248539701      -6.30273446E-02 -0.500000000    
           6          32  0.193087608      -5.42246327E-02 -0.500000000    
           6          33   9.44681168E-02  -5.37977368E-02 -0.500000000    
           7           1  0.271318644      -3.55679281E-02 -0.500000000    
           7           2  0.205541313      -2.29711272E-02 -0.500000000    
           7           3  0.156988040      -3.49232405E-02 -0.500000000    
           7           4  0.151942417      -4.55893092E-02 -0.500000000    
           7           5  0.202364922      -2.39629708E-02 -0.500000000    
           7           6   8.21778849E-02   1.07293278E-02 -0.500000000    
           7           7   7.13075623E-02   3.78999999E-03 -0.500000000    
           7           8  0.148259297       1.10886879E-02 -0.500000000    
           7           9  0.130349025      -1.03947520E-02 -0.500000000    
           7          10  0.247719377      -5.43581322E-02 -0.500000000    
           7          11  0.173373893      -8.40474740E-02 -0.500000000    
           7          12  0.106137916      -8.50281268E-02 -0.500000000    
           7          13   4.46965396E-02  -7.96339437E-02 -0.500000000    
           7          14   4.32949737E-02 -0.102308907     -0.500000000    
           7          15  0.128364086     -0.132596567     -0.500000000    
           7          16  0.153463766     -0.142239839     -0.500000000    
           7          17   6.89068809E-02 -0.138188154     -0.500000000    
           7          18   1.41698327E-02 -0.122710876     -0.500000000    
           7          19  -3.70019674E-02 -0.119625129     -0.500000000    
           7          20   7.32162446E-02 -0.120636083     -0.500000000    
           7          21  0.190887481     -0.117930524     -0.500000000    
           7          22  0.118324861     -0.106887303     -0.500000000    
           7          23   2.11078692E-02  -8.50944817E-02 -0.500000000    
           7          24  -8.81849229E-02  -6.28184155E-02 -0.500000000    
           7          25  -9.83608980E-03  -6.05739281E-02 -0.500000000    
           7          26   5.65047972E-02  -6.53148443E-02 -0.500000000    
           7          27   8.07817355E-02  -3.86541076E-02 -0.500000000    
           7          28  0.200920537      -4.50399891E-02 -0.500000000    
           7          29  0.280416548      -5.72296344E-02 -0.500000000    
           7          30  0.177519947      -4.37749438E-02 -0.500000000    
           7          31   5.98205999E-03  -3.58357467E-02 -0.500000000    
           7          32   6.74173832E-02  -4.33527529E-02 -0.500000000    
           7          33  0.180152088      -6.39589056E-02 -0.500000000    
           8           1  0.436863661      -6.52890429E-02 -0.500000000    
           8           2  0.228030279      -5.04007079E-02 -0.500000000    
           8           3  0.153942630      -4.58094552E-02 -0.500000000    
           8           4  0.185555175      -4.05965634E-02 -0.500000000    
           8           5  0.119655669      -1.95692703E-02 -0.500000000    
           8           6  0.106397882       1.29497005E-02 -0.500000000    
           8           7  0.148257166       1.10917166E-02 -0.500000000    
           8           8  0.198037222      -2.83849705E-03 -0.500000000    
           8           9  0.120507911      -4.18669432E-02 -0.500000000    
           8          10  0.314064711     -0.103382654     -0.500000000    
           8          11  0.244717330     -0.129189223     -0.500000000    
           8          12  0.193345696     -0.137596995     -0.500000000    
           8          13   4.23110723E-02 -0.115421407     -0.500000000    
           8          14   3.06348242E-02 -0.106983349     -0.500000000    
           8          15  0.112685390     -0.114607953     -0.500000000    
           8          16   8.54443982E-02 -0.106497906     -0.500000000    
           8          17  -8.03648904E-02  -9.07122344E-02 -0.500000000    
           8          18  -2.19934620E-02  -9.05414075E-02 -0.500000000    
           8          19   8.16598348E-03  -9.70940962E-02 -0.500000000    
           8          20   5.86470682E-03 -0.118694611     -0.500000000    
           8          21  0.221949026     -0.143633023     -0.500000000    
           8          22  0.242967665     -0.154576540     -0.500000000    
           8          23  0.157521442     -0.137023270     -0.500000000    
           8          24  -2.07089987E-02 -0.101592928     -0.500000000    
           8          25  -3.32428738E-02  -7.33956322E-02 -0.500000000    
           8          26  -7.12403795E-03  -6.64090663E-02 -0.500000000    
           8          27   8.77597742E-03  -3.60184312E-02 -0.500000000    
           8          28   8.23743492E-02  -3.78100835E-02 -0.500000000    
           8          29  0.147045583      -4.56281528E-02 -0.500000000    
           8          30   8.70012566E-02  -2.89571993E-02 -0.500000000    
           8          31   1.49939703E-02  -1.30067244E-02 -0.500000000    
           8          32   5.06102201E-03  -2.36693379E-02 -0.500000000    
           8          33   5.32033369E-02  -4.75550741E-02 -0.500000000    
           9           1  0.596070170      -7.32654780E-02 -0.500000000    
           9           2  0.323313951      -6.32004738E-02 -0.500000000    
           9           3  0.193285257      -6.19818941E-02 -0.500000000    
           9           4  0.136300504      -5.14560901E-02 -0.500000000    
           9           5   3.32200751E-02  -2.60041077E-02 -0.500000000    
           9           6   8.64366740E-02   5.22982189E-03 -0.500000000    
           9           7  0.130363092      -1.03931818E-02 -0.500000000    
           9           8  0.120561004      -4.18790169E-02 -0.500000000    
           9           9   5.43743595E-02  -7.64939934E-02 -0.500000000    
           9          10   8.25619772E-02 -0.135757431     -0.500000000    
           9          11  0.184046224     -0.157417700     -0.500000000    
           9          12  0.106984794     -0.157159835     -0.500000000    
           9          13   9.97174624E-03 -0.137847751     -0.500000000    
           9          14   7.13401064E-02 -0.118354581     -0.500000000    
           9          15   7.76302665E-02 -0.126036435     -0.500000000    
           9          16  0.127010375     -0.120377682     -0.500000000    
           9          17  -1.49449073E-02 -0.104800008     -0.500000000    
           9          18  -5.41931763E-02 -0.114705279     -0.500000000    
           9          19   4.07672487E-02 -0.109284297     -0.500000000    
           9          20   7.09019881E-03 -0.115612537     -0.500000000    
           9          21  0.161984637     -0.143051088     -0.500000000    
           9          22  0.211165249     -0.174537241     -0.500000000    
           9          23  0.118136600     -0.185841843     -0.500000000    
           9          24  -4.60616052E-02 -0.170316413     -0.500000000    
           9          25   4.95460890E-02 -0.116418086     -0.500000000    
           9          26   2.56646518E-02  -7.67438933E-02 -0.500000000    
           9          27   8.19481313E-02  -3.30363475E-02 -0.500000000    
           9          28   7.29280263E-02  -1.71233378E-02 -0.500000000    
           9          29   8.94430280E-02  -1.03185717E-02 -0.500000000    
           9          30   9.16037634E-02  -2.72154342E-03 -0.500000000    
           9          31   4.17901948E-02   1.18611017E-02 -0.500000000    
           9          32  -1.63854267E-02   1.40529424E-02 -0.500000000    
           9          33   5.61283305E-02   3.53794196E-03 -0.500000000    
          10           1  0.517170548      -5.15924320E-02 -0.500000000    
          10           2  0.473745674      -5.09638749E-02 -0.500000000    
          10           3  0.280650944      -5.05357422E-02 -0.500000000    
          10           4  0.119063981      -4.54523563E-02 -0.500000000    
          10           5   7.97593445E-02  -4.07447256E-02 -0.500000000    
          10           6  0.109797783      -2.94665806E-02 -0.500000000    
          10           7  0.247729465      -5.43298125E-02 -0.500000000    
          10           8  0.314139605     -0.103379190     -0.500000000    
          10           9   8.26249346E-02 -0.135757580     -0.500000000    
          10          10  -3.97451706E-02 -0.166662648     -0.500000000    
          10          11   2.44579818E-02 -0.180370182     -0.500000000    
          10          12  -3.61859240E-02 -0.175819129     -0.500000000    
          10          13 -0.119421169     -0.173794553     -0.500000000    
          10          14  -2.08793599E-02 -0.154094964     -0.500000000    
          10          15   2.04777811E-02 -0.139462754     -0.500000000    
          10          16  0.126072407     -0.131543458     -0.500000000    
          10          17  0.120281473     -0.123395294     -0.500000000    
          10          18   5.72452061E-02 -0.136580810     -0.500000000    
          10          19   7.05979243E-02 -0.138351694     -0.500000000    
          10          20   3.93339954E-02 -0.137836680     -0.500000000    
          10          21   4.93966881E-03 -0.154569209     -0.500000000    
          10          22   6.26184121E-02 -0.188791126     -0.500000000    
          10          23   3.26412134E-02 -0.206322521     -0.500000000    
          10          24   7.31284730E-03 -0.214928195     -0.500000000    
          10          25  0.176206604     -0.187079445     -0.500000000    
          10          26  0.219059676     -0.135550976     -0.500000000    
          10          27  0.142346650      -8.26404840E-02 -0.500000000    
          10          28  0.162237436      -5.25237881E-02 -0.500000000    
          10          29  0.145014539      -1.99078452E-02 -0.500000000    
          10          30   8.59235525E-02   1.30100716E-02 -0.500000000    
          10          31   7.11737648E-02   3.47530618E-02 -0.500000000    
          10          32  -2.36800555E-02   3.87742296E-02 -0.500000000    
          10          33 -0.101806797       3.34068239E-02 -0.500000000    
          11           1  0.187501654      -3.77549157E-02 -0.500000000    
          11           2  0.373656780      -3.91973108E-02 -0.500000000    
          11           3  0.256291538      -4.14019711E-02 -0.500000000    
          11           4   1.59554258E-02  -4.75094430E-02 -0.500000000    
          11           5  -2.22926661E-02  -6.06696531E-02 -0.500000000    
          11           6   5.67374155E-02  -6.83277547E-02 -0.500000000    
          11           7  0.173287287      -8.40106234E-02 -0.500000000    
          11           8  0.244604185     -0.129161164     -0.500000000    
          11           9  0.183963805     -0.157394633     -0.500000000    
          11          10   2.44205575E-02 -0.180336624     -0.500000000    
          11          11   2.03874893E-02 -0.215619847     -0.500000000    
          11          12   7.00009018E-02 -0.214886799     -0.500000000    
          11          13  -3.66596878E-02 -0.212565973     -0.500000000    
          11          14  -9.60388128E-03 -0.175176814     -0.500000000    
          11          15   8.03410560E-02 -0.133935779     -0.500000000    
          11          16   6.49568513E-02 -0.124477200     -0.500000000    
          11          17  0.131103858     -0.139279678     -0.500000000    
          11          18   9.04630497E-02 -0.150689393     -0.500000000    
          11          19   8.90260339E-02 -0.164127067     -0.500000000    
          11          20   8.97822008E-02 -0.167316034     -0.500000000    
          11          21   8.62287916E-03 -0.165893883     -0.500000000    
          11          22  -4.03892398E-02 -0.194029525     -0.500000000    
          11          23   2.99329478E-02 -0.212834761     -0.500000000    
          11          24  0.185334831     -0.219825014     -0.500000000    
          11          25  0.312032938     -0.206549972     -0.500000000    
          11          26  0.283804536     -0.164049715     -0.500000000    
          11          27  0.201267838     -0.130672514     -0.500000000    
          11          28  0.137292385     -0.106528886     -0.500000000    
          11          29  0.107402705      -5.34004867E-02 -0.500000000    
          11          30  0.101804920       1.55682396E-03 -0.500000000    
          11          31  0.130673826       3.02550942E-02 -0.500000000    
          11          32   4.53817621E-02   3.73396426E-02 -0.500000000    
          11          33 -0.104425028       3.20919454E-02 -0.500000000    
          12           1  0.103747442      -4.08006646E-02 -0.500000000    
          12           2  0.182562634      -4.64284495E-02 -0.500000000    
          12           3   8.87276530E-02  -5.78264669E-02 -0.500000000    
          12           4   2.03026440E-02  -6.86207786E-02 -0.500000000    
          12           5   5.17604984E-02  -8.58318731E-02 -0.500000000    
          12           6   6.38625026E-02  -8.14388171E-02 -0.500000000    
          12           7  0.106248997      -8.50135386E-02 -0.500000000    
          12           8  0.193390220     -0.137578174     -0.500000000    
          12           9  0.106931016     -0.157133207     -0.500000000    
          12          10  -3.63345481E-02 -0.175772548     -0.500000000    
          12          11   6.98612109E-02 -0.214839086     -0.500000000    
          12          12  0.264756620     -0.240418464     -0.500000000    
          12          13  0.260513663     -0.250082970     -0.500000000    
          12          14   3.40302363E-02 -0.201498762     -0.500000000    
          12          15  -4.07376327E-03 -0.129061803     -0.500000000    
          12          16   4.63686287E-02  -9.71616954E-02 -0.500000000    
          12          17  0.129709810     -0.119162977     -0.500000000    
          12          18   9.94945094E-02 -0.143014386     -0.500000000    
          12          19   3.31697688E-02 -0.169122368     -0.500000000    
          12          20  0.108168654     -0.184431866     -0.500000000    
          12          21  0.132516488     -0.186274260     -0.500000000    
          12          22   2.92222947E-03 -0.187898487     -0.500000000    
          12          23   9.48972721E-03 -0.196758687     -0.500000000    
          12          24  0.146091729     -0.199740544     -0.500000000    
          12          25  0.262139112     -0.186853781     -0.500000000    
          12          26  0.188818619     -0.145685300     -0.500000000    
          12          27   7.59609863E-02 -0.117658705     -0.500000000    
          12          28   2.48626024E-02 -0.115035556     -0.500000000    
          12          29  -1.04460455E-02  -7.90930092E-02 -0.500000000    
          12          30  -1.23630362E-02  -3.67527008E-02 -0.500000000    
          12          31   9.07208398E-03  -1.54215796E-02 -0.500000000    
          12          32   1.90842375E-02  -7.27617973E-03 -0.500000000    
          12          33   1.65497046E-02  -8.74291733E-03 -0.500000000    
          13           1  0.201590136      -5.22934310E-02 -0.500000000    
          13           2   9.08974633E-02  -6.35457858E-02 -0.500000000    
          13           3   6.38673007E-02  -7.96371996E-02 -0.500000000    
          13           4   3.98985371E-02  -9.64745507E-02 -0.500000000    
          13           5   1.34996809E-02 -0.104404129     -0.500000000    
          13           6   3.84015739E-02  -8.94755051E-02 -0.500000000    
          13           7   4.48128916E-02  -7.96340927E-02 -0.500000000    
          13           8   4.24396880E-02 -0.115424007     -0.500000000    
          13           9   1.00997770E-02 -0.137837380     -0.500000000    
          13          10 -0.119365960     -0.173751503     -0.500000000    
          13          11  -3.67661044E-02 -0.212487012     -0.500000000    
          13          12  0.260201275     -0.250027508     -0.500000000    
          13          13  0.471866667     -0.238803849     -0.500000000    
          13          14   6.92720637E-02 -0.178336039     -0.500000000    
          13          15  -4.95474078E-02 -0.113461241     -0.500000000    
          13          16   4.28227670E-02  -8.67064893E-02 -0.500000000    
          13          17   9.71164703E-02  -9.04519856E-02 -0.500000000    
          13          18   5.00012562E-02 -0.109447859     -0.500000000    
          13          19  -1.98774152E-02 -0.141812846     -0.500000000    
          13          20   4.10431810E-02 -0.167009383     -0.500000000    
          13          21  0.169745609     -0.177766591     -0.500000000    
          13          22   8.35554302E-02 -0.172405154     -0.500000000    
          13          23   7.86300227E-02 -0.172079876     -0.500000000    
          13          24   9.57680941E-02 -0.167249471     -0.500000000    
          13          25  0.120616488     -0.159379035     -0.500000000    
          13          26   5.44866808E-02 -0.121342577     -0.500000000    
          13          27   2.78300084E-02 -0.106640346     -0.500000000    
          13          28   2.32734550E-02 -0.125296295     -0.500000000    
          13          29   6.83445185E-02 -0.122644454     -0.500000000    
          13          30   8.89351368E-02  -9.06906873E-02 -0.500000000    
          13          31   6.82917684E-02  -6.53736293E-02 -0.500000000    
          13          32  0.181910276      -5.12309037E-02 -0.500000000    
          13          33  0.324604362      -4.70603704E-02 -0.500000000    
          14           1  0.252657562      -5.01960665E-02 -0.500000000    
          14           2  0.235023081      -7.21098408E-02 -0.500000000    
          14           3  0.170545802     -0.108073995     -0.500000000    
          14           4   6.25230670E-02 -0.132048875     -0.500000000    
          14           5   3.65202948E-02 -0.131669730     -0.500000000    
          14           6   4.53759767E-02 -0.118779078     -0.500000000    
          14           7   4.33200188E-02 -0.102302402     -0.500000000    
          14           8   3.06203756E-02 -0.106977612     -0.500000000    
          14           9   7.14006871E-02 -0.118346848     -0.500000000    
          14          10  -2.07749810E-02 -0.154073760     -0.500000000    
          14          11  -9.54314787E-03 -0.175117701     -0.500000000    
          14          12   3.39694545E-02 -0.201416463     -0.500000000    
          14          13   6.90418333E-02 -0.178283677     -0.500000000    
          14          14   8.74294993E-03 -0.132509634     -0.500000000    
          14          15  0.103272848      -9.58971009E-02 -0.500000000    
          14          16  0.171857208      -6.01932965E-02 -0.500000000    
          14          17  0.261063010      -3.98947895E-02 -0.500000000    
          14          18  0.220945820      -4.52988856E-02 -0.500000000    
          14          19  0.136167809      -9.37418863E-02 -0.500000000    
          14          20  0.130034238     -0.145074308     -0.500000000    
          14          21   4.78079021E-02 -0.173814893     -0.500000000    
          14          22 -0.132167965     -0.169889912     -0.500000000    
          14          23  -8.78646523E-02 -0.154929370     -0.500000000    
          14          24   6.77760467E-02 -0.122194067     -0.500000000    
          14          25  0.114052959     -0.108814716     -0.500000000    
          14          26   6.64220750E-02  -9.98736992E-02 -0.500000000    
          14          27   4.70134318E-02 -0.109063059     -0.500000000    
          14          28   2.35611368E-02 -0.125741541     -0.500000000    
          14          29   6.99561834E-02 -0.129547298     -0.500000000    
          14          30  0.179224432     -0.116368636     -0.500000000    
          14          31  0.295717984      -8.61686021E-02 -0.500000000    
          14          32  0.347777784      -5.44939712E-02 -0.500000000    
          14          33  0.430801630      -4.36887667E-02 -0.500000000    
          15           1   1.35872178E-02   1.27707571E-02 -0.500000000    
          15           2  0.118509471      -3.64063568E-02 -0.500000000    
          15           3  0.181195766      -9.59767029E-02 -0.500000000    
          15           4  0.162832007     -0.130085975     -0.500000000    
          15           5   4.88189571E-02 -0.141041026     -0.500000000    
          15           6   4.64919433E-02 -0.148576424     -0.500000000    
          15           7  0.128309712     -0.132612199     -0.500000000    
          15           8  0.112599216     -0.114616446     -0.500000000    
          15           9   7.75424242E-02 -0.126040116     -0.500000000    
          15          10   2.05542184E-02 -0.139467672     -0.500000000    
          15          11   8.05176646E-02 -0.133920014     -0.500000000    
          15          12  -3.89024615E-03 -0.128998354     -0.500000000    
          15          13  -4.96318825E-02 -0.113398626     -0.500000000    
          15          14  0.103187889      -9.58670750E-02 -0.500000000    
          15          15   4.07521147E-03  -6.10003509E-02 -0.500000000    
          15          16  0.133772507      -1.57955103E-02 -0.500000000    
          15          17  0.248036519       1.53135927E-03 -0.500000000    
          15          18  0.229015157      -8.37850384E-03 -0.500000000    
          15          19  0.259671509      -5.67933358E-02 -0.500000000    
          15          20  0.234302700     -0.127232507     -0.500000000    
          15          21  0.311284184     -0.181198001     -0.500000000    
          15          22  0.167553872     -0.174264416     -0.500000000    
          15          23   1.46690961E-02 -0.134827778     -0.500000000    
          15          24   6.51793703E-02  -8.32990855E-02 -0.500000000    
          15          25   9.90961492E-02  -5.92396446E-02 -0.500000000    
          15          26  0.149011239      -7.26801232E-02 -0.500000000    
          15          27   9.12259892E-02 -0.110651545     -0.500000000    
          15          28  -5.00519201E-02 -0.130771101     -0.500000000    
          15          29  -5.32964878E-02 -0.134754777     -0.500000000    
          15          30   6.12250976E-02 -0.122651830     -0.500000000    
          15          31  0.117492124      -8.80720764E-02 -0.500000000    
          15          32  0.143650845      -3.67904305E-02 -0.500000000    
          15          33  0.101155616      -4.72099334E-03 -0.500000000    
          16           1  0.128356919       7.73070455E-02 -0.500000000    
          16           2  0.198882654      -5.88876603E-04 -0.500000000    
          16           3  0.284217060      -8.41964260E-02 -0.500000000    
          16           4  0.253759056     -0.131014615     -0.500000000    
          16           5  0.191040337     -0.145695597     -0.500000000    
          16           6  0.196217552     -0.157709762     -0.500000000    
          16           7  0.153229579     -0.142268822     -0.500000000    
          16           8   8.54607597E-02 -0.106534377     -0.500000000    
          16           9  0.127061591     -0.120416045     -0.500000000    
          16          10  0.126261383     -0.131584257     -0.500000000    
          16          11   6.51960969E-02 -0.124500036     -0.500000000    
          16          12   4.64495160E-02  -9.71359387E-02 -0.500000000    
          16          13   4.27500010E-02  -8.66478086E-02 -0.500000000    
          16          14  0.171703547      -6.01604730E-02 -0.500000000    
          16          15  0.133976892      -1.57945417E-02 -0.500000000    
          16          16   9.26192701E-02   8.95684119E-03 -0.500000000    
          16          17  0.148199037       9.69928224E-03 -0.500000000    
          16          18  0.186207920      -9.59108304E-03 -0.500000000    
          16          19  0.183681265      -5.49123362E-02 -0.500000000    
          16          20  0.274198264     -0.112560399     -0.500000000    
          16          21  0.342039615     -0.164440632     -0.500000000    
          16          22  0.382695258     -0.165874630     -0.500000000    
          16          23  0.288924932     -0.123136505     -0.500000000    
          16          24  0.227763355      -7.92370290E-02 -0.500000000    
          16          25  0.124259159      -4.21948954E-02 -0.500000000    
          16          26  0.139419079      -6.32574260E-02 -0.500000000    
          16          27  0.180794165     -0.120335154     -0.500000000    
          16          28  0.140057012     -0.137788266     -0.500000000    
          16          29  0.181071937     -0.144550413     -0.500000000    
          16          30  0.216340333     -0.125532806     -0.500000000    
          16          31  0.167227060      -6.41575456E-02 -0.500000000    
          16          32  0.150490358       1.21303666E-02 -0.500000000    
          16          33  0.159273550       6.26627505E-02 -0.500000000    
          17           1  0.181416988      0.102351755     -0.500000000    
          17           2  0.194879353       1.42093971E-02 -0.500000000    
          17           3  0.223387256      -7.48990476E-02 -0.500000000    
          17           4  0.253516823     -0.124329232     -0.500000000    
          17           5  0.293690503     -0.143667236     -0.500000000    
          17           6  0.286969513     -0.159121454     -0.500000000    
          17           7   6.88189492E-02 -0.138231069     -0.500000000    
          17           8  -8.04942846E-02  -9.07664225E-02 -0.500000000    
          17           9  -1.48791280E-02 -0.104856573     -0.500000000    
          17          10  0.120498128     -0.123446338     -0.500000000    
          17          11  0.131306618     -0.139311403     -0.500000000    
          17          12  0.129851893     -0.119158484     -0.500000000    
          17          13   9.70650017E-02  -9.04076174E-02 -0.500000000    
          17          14  0.260804713      -3.98495346E-02 -0.500000000    
          17          15  0.248083279       1.52758486E-03 -0.500000000    
          17          16  0.148403287       9.68119502E-03 -0.500000000    
          17          17  0.144268960      -4.21778299E-04 -0.500000000    
          17          18  0.181846902      -2.41145790E-02 -0.500000000    
          17          19  0.180666015      -5.20583279E-02 -0.500000000    
          17          20  0.215083972     -0.106362045     -0.500000000    
          17          21  0.269419163     -0.127763301     -0.500000000    
          17          22  0.381304264     -0.138022855     -0.500000000    
          17          23  0.344351947     -0.121770047     -0.500000000    
          17          24  0.256784976      -9.24429074E-02 -0.500000000    
          17          25  0.176927492      -4.55933288E-02 -0.500000000    
          17          26  0.217294499      -6.42528534E-02 -0.500000000    
          17          27  0.226325184     -0.128830761     -0.500000000    
          17          28  0.165344641     -0.149501801     -0.500000000    
          17          29  0.196875125     -0.159929961     -0.500000000    
          17          30  0.270439506     -0.148477465     -0.500000000    
          17          31  0.232716173      -8.81428048E-02 -0.500000000    
          17          32  0.247249052      -1.36714545E-03 -0.500000000    
          17          33  0.291528106       6.08200096E-02 -0.500000000    
          18           1  0.105713665       5.37087359E-02 -0.500000000    
          18           2  0.211229309      -1.49107734E-02 -0.500000000    
          18           3  0.211634338      -8.94308016E-02 -0.500000000    
          18           4  0.142139003     -0.132841706     -0.500000000    
          18           5   6.25134483E-02 -0.144016221     -0.500000000    
          18           6   3.09135802E-02 -0.147241101     -0.500000000    
          18           7   1.42171327E-02 -0.122771427     -0.500000000    
          18           8  -2.19858196E-02  -9.05778855E-02 -0.500000000    
          18           9  -5.43167554E-02 -0.114740022     -0.500000000    
          18          10   5.72228022E-02 -0.136612535     -0.500000000    
          18          11   9.06035230E-02 -0.150709301     -0.500000000    
          18          12   9.97329280E-02 -0.143016249     -0.500000000    
          18          13   5.01527451E-02 -0.109420337     -0.500000000    
          18          14  0.220525429      -4.52462994E-02 -0.500000000    
          18          15  0.228810102      -8.34490824E-03 -0.500000000    
          18          16  0.186295822      -9.61472467E-03 -0.500000000    
          18          17  0.181980893      -2.41406783E-02 -0.500000000    
          18          18  0.296317071      -3.66920717E-02 -0.500000000    
          18          19  0.265424192      -4.78455909E-02 -0.500000000    
          18          20  0.126914456      -9.24862698E-02 -0.500000000    
          18          21  0.163075060     -0.117938943     -0.500000000    
          18          22  0.177693412     -0.129953608     -0.500000000    
          18          23  0.106789179     -0.118223317     -0.500000000    
          18          24   9.58777592E-02  -9.76069272E-02 -0.500000000    
          18          25   6.55581877E-02  -6.13194667E-02 -0.500000000    
          18          26   8.92213285E-02  -7.49849230E-02 -0.500000000    
          18          27   8.30070078E-02 -0.122885622     -0.500000000    
          18          28  -6.24826364E-02 -0.142446190     -0.500000000    
          18          29  -4.23010178E-02 -0.161785662     -0.500000000    
          18          30  0.117881007     -0.161813825     -0.500000000    
          18          31  0.176338300     -0.115578704     -0.500000000    
          18          32  0.207152799      -4.57037799E-02 -0.500000000    
          18          33  0.124605104       2.69516930E-03 -0.500000000    
          19           1  0.129099667      -2.61486471E-02 -0.500000000    
          19           2  0.189860016      -6.83095455E-02 -0.500000000    
          19           3  0.163207054     -0.120807990     -0.500000000    
          19           4   3.77393439E-02 -0.148281515     -0.500000000    
          19           5  -4.11350727E-02 -0.146999106     -0.500000000    
          19           6  -4.81561124E-02 -0.139052033     -0.500000000    
          19           7  -3.68154049E-02 -0.119728364     -0.500000000    
          19           8   8.26333556E-03  -9.71520245E-02 -0.500000000    
          19           9   4.07124422E-02 -0.109301180     -0.500000000    
          19          10   7.04967827E-02 -0.138367221     -0.500000000    
          19          11   8.91580880E-02 -0.164155930     -0.500000000    
          19          12   3.34546268E-02 -0.169141084     -0.500000000    
          19          13  -1.95271336E-02 -0.141786322     -0.500000000    
          19          14  0.135945514      -9.36896801E-02 -0.500000000    
          19          15  0.259227544      -5.67505732E-02 -0.500000000    
          19          16  0.183638647      -5.49259186E-02 -0.500000000    
          19          17  0.180693775      -5.20928651E-02 -0.500000000    
          19          18  0.265441805      -4.78557348E-02 -0.500000000    
          19          19  0.167028472      -5.51873483E-02 -0.500000000    
          19          20   5.83868735E-02  -9.84988511E-02 -0.500000000    
          19          21   6.10986650E-02 -0.152717888     -0.500000000    
          19          22   9.90894064E-02 -0.170080826     -0.500000000    
          19          23   6.63558170E-02 -0.158824235     -0.500000000    
          19          24   1.22130904E-02 -0.118606888     -0.500000000    
          19          25  -2.78667733E-02  -7.39616156E-02 -0.500000000    
          19          26   2.70965621E-02  -7.36647323E-02 -0.500000000    
          19          27   1.99738592E-02 -0.107601888     -0.500000000    
          19          28  -5.72272092E-02 -0.134466812     -0.500000000    
          19          29  -6.36887476E-02 -0.156963363     -0.500000000    
          19          30  0.113936499     -0.159850448     -0.500000000    
          19          31  0.304374784     -0.125730798     -0.500000000    
          19          32  0.394526958      -7.78410584E-02 -0.500000000    
          19          33  0.462542355      -5.35618253E-02 -0.500000000    
          20           1  0.328348994     -0.107087851     -0.500000000    
          20           2  0.245283917     -0.131849945     -0.500000000    
          20           3  0.172598407     -0.159106478     -0.500000000    
          20           4   3.68406512E-02 -0.168017790     -0.500000000    
          20           5  -3.89826968E-02 -0.154383674     -0.500000000    
          20           6   3.52502353E-02 -0.135071039     -0.500000000    
          20           7   7.33857527E-02 -0.120696120     -0.500000000    
          20           8   6.14046119E-03 -0.118769079     -0.500000000    
          20           9   7.20438361E-03 -0.115683116     -0.500000000    
          20          10   3.92576605E-02 -0.137873352     -0.500000000    
          20          11   8.96921530E-02 -0.167347610     -0.500000000    
          20          12  0.108482651     -0.184474066     -0.500000000    
          20          13   4.13796492E-02 -0.167010576     -0.500000000    
          20          14  0.129901305     -0.145034149     -0.500000000    
          20          15  0.233802661     -0.127209648     -0.500000000    
          20          16  0.274066359     -0.112574339     -0.500000000    
          20          17  0.215096414     -0.106390640     -0.500000000    
          20          18  0.126792222      -9.24928784E-02 -0.500000000    
          20          19   5.83367571E-02  -9.84968767E-02 -0.500000000    
          20          20   3.02955154E-02 -0.152976245     -0.500000000    
          20          21  0.140657574     -0.208616972     -0.500000000    
          20          22  0.143824562     -0.206561670     -0.500000000    
          20          23   2.71992795E-02 -0.172573149     -0.500000000    
          20          24   7.89837912E-02 -0.128295347     -0.500000000    
          20          25   5.14223203E-02 -0.103024937     -0.500000000    
          20          26   4.75860536E-02  -8.37178379E-02 -0.500000000    
          20          27   8.57300982E-02  -9.59469303E-02 -0.500000000    
          20          28   4.59607653E-02 -0.135808915     -0.500000000    
          20          29   5.66076152E-02 -0.168111071     -0.500000000    
          20          30  0.180284083     -0.164743125     -0.500000000    
          20          31  0.311873674     -0.134006262     -0.500000000    
          20          32  0.498253763      -9.64256898E-02 -0.500000000    
          20          33  0.631964386      -7.67995566E-02 -0.500000000    
          21           1  0.134650707     -0.119791850     -0.500000000    
          21           2  0.193433449     -0.145829156     -0.500000000    
          21           3  0.177665040     -0.169611171     -0.500000000    
          21           4  0.103696421     -0.171739861     -0.500000000    
          21           5   7.96097666E-02 -0.156843409     -0.500000000    
          21           6   8.54264721E-02 -0.126113206     -0.500000000    
          21           7  0.190727949     -0.117934279     -0.500000000    
          21           8  0.221844107     -0.143656313     -0.500000000    
          21           9  0.162104756     -0.143088102     -0.500000000    
          21          10   5.07046375E-03 -0.154640913     -0.500000000    
          21          11   8.48178379E-03 -0.165963307     -0.500000000    
          21          12  0.132565588     -0.186328530     -0.500000000    
          21          13  0.170024067     -0.177804068     -0.500000000    
          21          14   4.77120653E-02 -0.173806280     -0.500000000    
          21          15  0.310870916     -0.181185201     -0.500000000    
          21          16  0.341883123     -0.164450228     -0.500000000    
          21          17  0.269305289     -0.127791151     -0.500000000    
          21          18  0.163010582     -0.117937334     -0.500000000    
          21          19   6.10515028E-02 -0.152724013     -0.500000000    
          21          20  0.140670091     -0.208624065     -0.500000000    
          21          21  0.212130249     -0.240253553     -0.500000000    
          21          22   4.92889695E-02 -0.217253670     -0.500000000    
          21          23   6.13008067E-02 -0.176431507     -0.500000000    
          21          24  0.115986861     -0.136099502     -0.500000000    
          21          25  0.222539008     -0.135217994     -0.500000000    
          21          26  0.197856724     -0.120614320     -0.500000000    
          21          27  0.154035196     -0.131881684     -0.500000000    
          21          28  0.120298639     -0.171165958     -0.500000000    
          21          29  0.123754196     -0.176812723     -0.500000000    
          21          30  0.153900012     -0.146924973     -0.500000000    
          21          31  0.193374619      -9.98420119E-02 -0.500000000    
          21          32  0.216824561      -4.71605845E-02 -0.500000000    
          21          33  0.282018512      -2.22303849E-02 -0.500000000    
          22           1   3.95959988E-02 -0.100397915     -0.500000000    
          22           2  0.214790523     -0.121961556     -0.500000000    
          22           3  0.251427025     -0.143871084     -0.500000000    
          22           4  0.136197016     -0.145569861     -0.500000000    
          22           5   5.30568808E-02 -0.132056147     -0.500000000    
          22           6   3.82073782E-02 -0.110814422     -0.500000000    
          22           7  0.117980123     -0.106816314     -0.500000000    
          22           8  0.242589891     -0.154548764     -0.500000000    
          22           9  0.210808277     -0.174524337     -0.500000000    
          22          10   6.24796674E-02 -0.188810647     -0.500000000    
          22          11  -4.03479487E-02 -0.194126666     -0.500000000    
          22          12   2.81522004E-03 -0.187995300     -0.500000000    
          22          13   8.38079005E-02 -0.172477230     -0.500000000    
          22          14 -0.131955683     -0.169910878     -0.500000000    
          22          15  0.167194605     -0.174259126     -0.500000000    
          22          16  0.382567644     -0.165862978     -0.500000000    
          22          17  0.381060779     -0.138029024     -0.500000000    
          22          18  0.177604213     -0.129971802     -0.500000000    
          22          19   9.90894288E-02 -0.170100734     -0.500000000    
          22          20  0.143726483     -0.206557408     -0.500000000    
          22          21   4.92864139E-02 -0.217260003     -0.500000000    
          22          22   1.93296615E-02 -0.207167700     -0.500000000    
          22          23   2.36423444E-02 -0.185323641     -0.500000000    
          22          24  0.133130312     -0.165304452     -0.500000000    
          22          25  0.231696516     -0.172804803     -0.500000000    
          22          26  0.188182816     -0.161544085     -0.500000000    
          22          27  0.156689093     -0.170691177     -0.500000000    
          22          28  0.118039116     -0.180307359     -0.500000000    
          22          29  0.135782674     -0.155841544     -0.500000000    
          22          30  0.290290505     -0.107198834     -0.500000000    
          22          31  0.305222243      -4.77349274E-02 -0.500000000    
          22          32  0.158031538       4.69831191E-03 -0.500000000    
          22          33  -1.72082931E-02   2.77285408E-02 -0.500000000    
          23           1   9.82811004E-02  -6.89868927E-02 -0.500000000    
          23           2  0.151474178      -8.90738741E-02 -0.500000000    
          23           3   8.91037732E-02 -0.107044473     -0.500000000    
          23           4  -2.35543400E-02 -0.111818045     -0.500000000    
          23           5  -9.67242643E-02 -0.105368711     -0.500000000    
          23           6  -9.54729542E-02  -8.56435299E-02 -0.500000000    
          23           7   2.07142476E-02  -8.49742964E-02 -0.500000000    
          23           8  0.157097146     -0.136928946     -0.500000000    
          23           9  0.117610313     -0.185786173     -0.500000000    
          23          10   3.21735218E-02 -0.206313148     -0.500000000    
          23          11   2.98498943E-02 -0.212889388     -0.500000000    
          23          12   9.50003229E-03 -0.196875781     -0.500000000    
          23          13   7.87247643E-02 -0.172185376     -0.500000000    
          23          14  -8.75930935E-02 -0.154975846     -0.500000000    
          23          15   1.44077465E-02 -0.134822503     -0.500000000    
          23          16  0.288961202     -0.123095714     -0.500000000    
          23          17  0.344320446     -0.121751040     -0.500000000    
          23          18  0.106750980     -0.118249744     -0.500000000    
          23          19   6.62796423E-02 -0.158839732     -0.500000000    
          23          20   2.72398088E-02 -0.172582716     -0.500000000    
          23          21   6.14701137E-02 -0.176445946     -0.500000000    
          23          22   2.36896165E-02 -0.185329452     -0.500000000    
          23          23  -3.13817374E-02 -0.190374017     -0.500000000    
          23          24  -3.06523256E-02 -0.191249803     -0.500000000    
          23          25  0.143401578     -0.195625156     -0.500000000    
          23          26  0.214679480     -0.180791661     -0.500000000    
          23          27  0.126420766     -0.159720957     -0.500000000    
          23          28  0.123784564     -0.160898000     -0.500000000    
          23          29  0.164518595     -0.135196313     -0.500000000    
          23          30  0.214845508      -7.44377449E-02 -0.500000000    
          23          31  0.213991478      -1.07557736E-02 -0.500000000    
          23          32  0.103007443       3.74239944E-02 -0.500000000    
          23          33   4.28945832E-02   6.11257106E-02 -0.500000000    
          24           1  0.106338121      -6.15711957E-02 -0.500000000    
          24           2   4.36805096E-03  -7.34556615E-02 -0.500000000    
          24           3  -5.31790368E-02  -9.23053101E-02 -0.500000000    
          24           4  -7.87322670E-02  -9.79005918E-02 -0.500000000    
          24           5 -0.103784509      -8.36734548E-02 -0.500000000    
          24           6 -0.111278921      -5.91480806E-02 -0.500000000    
          24           7  -8.84115547E-02  -6.26983419E-02 -0.500000000    
          24           8  -2.10106634E-02 -0.101486936     -0.500000000    
          24           9  -4.65151258E-02 -0.170222566     -0.500000000    
          24          10   6.83951378E-03 -0.214889914     -0.500000000    
          24          11  0.184981436     -0.219853312     -0.500000000    
          24          12  0.146070212     -0.199820906     -0.500000000    
          24          13   9.58231539E-02 -0.167383239     -0.500000000    
          24          14   6.78928643E-02 -0.122256309     -0.500000000    
          24          15   6.49511740E-02  -8.32818374E-02 -0.500000000    
          24          16  0.227853239      -7.91935921E-02 -0.500000000    
          24          17  0.256932110      -9.24136788E-02 -0.500000000    
          24          18   9.58887488E-02  -9.76113603E-02 -0.500000000    
          24          19   1.19935730E-02 -0.118590213     -0.500000000    
          24          20   7.92414770E-02 -0.128320202     -0.500000000    
          24          21  0.116161063     -0.136137024     -0.500000000    
          24          22  0.133119881     -0.165314659     -0.500000000    
          24          23  -3.06489822E-02 -0.191241264     -0.500000000    
          24          24 -0.146016896     -0.200096339     -0.500000000    
          24          25  -2.43742578E-02 -0.194879696     -0.500000000    
          24          26   5.32147437E-02 -0.166584983     -0.500000000    
          24          27  0.115789033     -0.140602022     -0.500000000    
          24          28  0.152857378     -0.132693261     -0.500000000    
          24          29  0.199383587     -0.107761391     -0.500000000    
          24          30  0.256476313      -6.48715124E-02 -0.500000000    
          24          31  0.222797588      -9.94271040E-03 -0.500000000    
          24          32  0.212823123       2.93153413E-02 -0.500000000    
          24          33  0.255379587       4.61757369E-02 -0.500000000    
          25           1  0.158939764      -9.37601626E-02 -0.500000000    
          25           2   5.66223115E-02  -9.13747475E-02 -0.500000000    
          25           3  -3.21431123E-02  -9.89739820E-02 -0.500000000    
          25           4  -3.66175957E-02  -9.85628441E-02 -0.500000000    
          25           5  -2.10189428E-02  -8.50662515E-02 -0.500000000    
          25           6   4.02394496E-02  -6.48299158E-02 -0.500000000    
          25           7  -1.00252405E-02  -6.04418106E-02 -0.500000000    
          25           8  -3.33261862E-02  -7.33360052E-02 -0.500000000    
          25           9   4.91032228E-02 -0.116344802     -0.500000000    
          25          10  0.175689384     -0.187029183     -0.500000000    
          25          11  0.311607629     -0.206558526     -0.500000000    
          25          12  0.262001127     -0.186918870     -0.500000000    
          25          13  0.120843269     -0.159512728     -0.500000000    
          25          14  0.114121020     -0.108896703     -0.500000000    
          25          15   9.88873392E-02  -5.92246801E-02 -0.500000000    
          25          16  0.124328151      -4.21618596E-02 -0.500000000    
          25          17  0.177051395      -4.55657206E-02 -0.500000000    
          25          18   6.55300245E-02  -6.12919107E-02 -0.500000000    
          25          19  -2.78793573E-02  -7.39348903E-02 -0.500000000    
          25          20   5.14595024E-02 -0.103042409     -0.500000000    
          25          21  0.222622618     -0.135254934     -0.500000000    
          25          22  0.231730163     -0.172819123     -0.500000000    
          25          23  0.143408716     -0.195617408     -0.500000000    
          25          24  -2.43245345E-02 -0.194873288     -0.500000000    
          25          25  -1.15605420E-03 -0.153023958     -0.500000000    
          25          26   6.50439262E-02 -0.127085134     -0.500000000    
          25          27   8.29527006E-02 -0.103072390     -0.500000000    
          25          28  0.123327665      -9.81863737E-02 -0.500000000    
          25          29  0.115047388      -7.92451426E-02 -0.500000000    
          25          30  0.101914287      -4.81503680E-02 -0.500000000    
          25          31  0.121136628      -1.62091255E-02 -0.500000000    
          25          32  0.193543404      -1.04139862E-03 -0.500000000    
          25          33  0.199132681       4.60518349E-04 -0.500000000    
          26           1  0.121927373     -0.147292182     -0.500000000    
          26           2   4.19618599E-02 -0.132283390     -0.500000000    
          26           3  -2.15707049E-02 -0.129583165     -0.500000000    
          26           4  -7.53820688E-03 -0.126787096     -0.500000000    
          26           5   7.60521218E-02 -0.107702613     -0.500000000    
          26           6  0.124192655      -7.50737563E-02 -0.500000000    
          26           7   5.60427159E-02  -6.51836321E-02 -0.500000000    
          26           8  -7.19815679E-03  -6.63663596E-02 -0.500000000    
          26           9   2.54157186E-02  -7.67292082E-02 -0.500000000    
          26          10  0.218637332     -0.135507852     -0.500000000    
          26          11  0.283540845     -0.164044917     -0.500000000    
          26          12  0.188791052     -0.145752996     -0.500000000    
          26          13   5.47565632E-02 -0.121451005     -0.500000000    
          26          14   6.65689111E-02  -9.99690369E-02 -0.500000000    
          26          15  0.148907006      -7.26874173E-02 -0.500000000    
          26          16  0.139493763      -6.32357746E-02 -0.500000000    
          26          17  0.217392311      -6.42311797E-02 -0.500000000    
          26          18   8.90653953E-02  -7.49222040E-02 -0.500000000    
          26          19   2.72050425E-02  -7.36433193E-02 -0.500000000    
          26          20   4.75385413E-02  -8.37341473E-02 -0.500000000    
          26          21  0.197910517     -0.120653778     -0.500000000    
          26          22  0.188239262     -0.161558330     -0.500000000    
          26          23  0.214682072     -0.180782005     -0.500000000    
          26          24   5.32926247E-02 -0.166570038     -0.500000000    
          26          25   6.50871024E-02 -0.127087533     -0.500000000    
          26          26  -8.33144505E-03 -0.101998456     -0.500000000    
          26          27   4.62810583E-02  -6.70750216E-02 -0.500000000    
          26          28   9.54656228E-02  -6.29228875E-02 -0.500000000    
          26          29  0.103772461      -6.76993206E-02 -0.500000000    
          26          30   1.06579335E-02  -5.15629724E-02 -0.500000000    
          26          31   4.33993079E-02  -3.22369672E-02 -0.500000000    
          26          32   8.00682977E-02  -3.47796753E-02 -0.500000000    
          26          33   4.62092645E-02  -4.76496667E-02 -0.500000000    
          27           1   8.28327015E-02 -0.152212486     -0.500000000    
          27           2  0.185089946     -0.149873868     -0.500000000    
          27           3  0.165883005     -0.153053433     -0.500000000    
          27           4  0.148897916     -0.144485876     -0.500000000    
          27           5  0.189503327     -0.109259441     -0.500000000    
          27           6  0.183512986      -5.68681248E-02 -0.500000000    
          27           7   7.98950344E-02  -3.84938456E-02 -0.500000000    
          27           8   8.52893479E-03  -3.59904431E-02 -0.500000000    
          27           9   8.18317533E-02  -3.30654792E-02 -0.500000000    
          27          10  0.142070621      -8.26449692E-02 -0.500000000    
          27          11  0.201208532     -0.130678385     -0.500000000    
          27          12   7.60566965E-02 -0.117709719     -0.500000000    
          27          13   2.79558916E-02 -0.106707349     -0.500000000    
          27          14   4.71901521E-02 -0.109138414     -0.500000000    
          27          15   9.12596956E-02 -0.110683978     -0.500000000    
          27          16  0.180902243     -0.120334677     -0.500000000    
          27          17  0.226438016     -0.128818244     -0.500000000    
          27          18   8.28203633E-02 -0.122810453     -0.500000000    
          27          19   1.99129619E-02 -0.107569456     -0.500000000    
          27          20   8.57556984E-02  -9.59634781E-02 -0.500000000    
          27          21  0.154150888     -0.131924033     -0.500000000    
          27          22  0.156803206     -0.170708299     -0.500000000    
          27          23  0.126445770     -0.159714282     -0.500000000    
          27          24  0.115833625     -0.140593842     -0.500000000    
          27          25   8.30405951E-02 -0.103098780     -0.500000000    
          27          26   4.63221781E-02  -6.70988709E-02 -0.500000000    
          27          27   8.23391005E-02  -2.90431753E-02 -0.500000000    
          27          28  0.227665216      -4.45388630E-02 -0.500000000    
          27          29  0.235029116      -6.25642613E-02 -0.500000000    
          27          30  0.257036895      -6.98479339E-02 -0.500000000    
          27          31  0.256314784      -6.86251447E-02 -0.500000000    
          27          32  0.213807464      -6.41339719E-02 -0.500000000    
          27          33   8.42896253E-02  -5.87022342E-02 -0.500000000    
          28           1   6.91576079E-02 -0.166698053     -0.500000000    
          28           2  0.331825733     -0.182076022     -0.500000000    
          28           3  0.494623184     -0.177925825     -0.500000000    
          28           4  0.393148512     -0.155690730     -0.500000000    
          28           5  0.333761483     -0.122603133     -0.500000000    
          28           6  0.263285995      -7.00823143E-02 -0.500000000    
          28           7  0.199199393      -4.48446274E-02 -0.500000000    
          28           8   8.18010718E-02  -3.77872102E-02 -0.500000000    
          28           9   7.28943124E-02  -1.71696544E-02 -0.500000000    
          28          10  0.162157953      -5.25764413E-02 -0.500000000    
          28          11  0.137329102     -0.106551886     -0.500000000    
          28          12   2.51161866E-02 -0.115057729     -0.500000000    
          28          13   2.32579000E-02 -0.125311911     -0.500000000    
          28          14   2.37285849E-02 -0.125777528     -0.500000000    
          28          15  -4.99416739E-02 -0.130823627     -0.500000000    
          28          16  0.140197143     -0.137818828     -0.500000000    
          28          17  0.165472567     -0.149501160     -0.500000000    
          28          18  -6.26364201E-02 -0.142378241     -0.500000000    
          28          19  -5.74119836E-02 -0.134423062     -0.500000000    
          28          20   4.60264049E-02 -0.135821253     -0.500000000    
          28          21  0.120479524     -0.171201333     -0.500000000    
          28          22  0.118179798     -0.180322379     -0.500000000    
          28          23  0.123812854     -0.160901681     -0.500000000    
          28          24  0.152942151     -0.132708356     -0.500000000    
          28          25  0.123345509      -9.82345566E-02 -0.500000000    
          28          26   9.52810571E-02  -6.29614219E-02 -0.500000000    
          28          27  0.227357462      -4.45533656E-02 -0.500000000    
          28          28  0.287935734      -6.05580509E-02 -0.500000000    
          28          29  0.331523716      -9.53449383E-02 -0.500000000    
          28          30  0.485004574     -0.118687868     -0.500000000    
          28          31  0.514774561     -0.120954558     -0.500000000    
          28          32  0.304677844     -0.101507962     -0.500000000    
          28          33  -4.81842943E-02  -7.27691203E-02 -0.500000000    
          29           1   3.82743552E-02 -0.207594633     -0.500000000    
          29           2  0.261270583     -0.223595768     -0.500000000    
          29           3  0.398386359     -0.223344386     -0.500000000    
          29           4  0.396888375     -0.181576833     -0.500000000    
          29           5  0.422388196     -0.129507080     -0.500000000    
          29           6  0.391206920      -7.87953734E-02 -0.500000000    
          29           7  0.278343558      -5.71119413E-02 -0.500000000    
          29           8  0.146465063      -4.56625372E-02 -0.500000000    
          29           9   8.95621330E-02  -1.03937788E-02 -0.500000000    
          29          10  0.145013988      -1.99822113E-02 -0.500000000    
          29          11  0.107559979      -5.34159690E-02 -0.500000000    
          29          12  -1.01653449E-02  -7.90774450E-02 -0.500000000    
          29          13   6.82773069E-02 -0.122612327     -0.500000000    
          29          14   7.00576305E-02 -0.129535869     -0.500000000    
          29          15  -5.31887710E-02 -0.134812921     -0.500000000    
          29          16  0.181246087     -0.144614145     -0.500000000    
          29          17  0.197005823     -0.159939677     -0.500000000    
          29          18  -4.24008220E-02 -0.161727518     -0.500000000    
          29          19  -6.38492778E-02 -0.156919658     -0.500000000    
          29          20   5.66794351E-02 -0.168115050     -0.500000000    
          29          21  0.123928897     -0.176834822     -0.500000000    
          29          22  0.135957181     -0.155857503     -0.500000000    
          29          23  0.164565057     -0.135204777     -0.500000000    
          29          24  0.199334666     -0.107787721     -0.500000000    
          29          25  0.114870369      -7.93001056E-02 -0.500000000    
          29          26  0.103354685      -6.77430481E-02 -0.500000000    
          29          27  0.234453529      -6.25892580E-02 -0.500000000    
          29          28  0.331212163      -9.53572169E-02 -0.500000000    
          29          29  0.322587103     -0.137545988     -0.500000000    
          29          30  0.412630290     -0.160079896     -0.500000000    
          29          31  0.441864938     -0.153206900     -0.500000000    
          29          32  0.193312094     -0.119095646     -0.500000000    
          29          33 -0.129682258     -0.104111664     -0.500000000    
          30           1  0.234801158     -0.163279638     -0.500000000    
          30           2  0.273355931     -0.168877795     -0.500000000    
          30           3  0.304249287     -0.175677642     -0.500000000    
          30           4  0.388875604     -0.176662639     -0.500000000    
          30           5  0.540191412     -0.141227260     -0.500000000    
          30           6  0.369855285      -7.32211992E-02 -0.500000000    
          30           7  0.176195785      -4.37638871E-02 -0.500000000    
          30           8   8.70976746E-02  -2.90763937E-02 -0.500000000    
          30           9   9.22175944E-02  -2.84253061E-03 -0.500000000    
          30          10   8.62095207E-02   1.29063446E-02 -0.500000000    
          30          11  0.102004640       1.55510160E-03 -0.500000000    
          30          12  -1.21623045E-02  -3.66841964E-02 -0.500000000    
          30          13   8.88470709E-02  -9.06048939E-02 -0.500000000    
          30          14  0.179220855     -0.116310798     -0.500000000    
          30          15   6.12968542E-02 -0.122694388     -0.500000000    
          30          16  0.216536134     -0.125612274     -0.500000000    
          30          17  0.270465553     -0.148486406     -0.500000000    
          30          18  0.117774248     -0.161771521     -0.500000000    
          30          19  0.113812461     -0.159816161     -0.500000000    
          30          20  0.180286020     -0.164737061     -0.500000000    
          30          21  0.154056519     -0.146939650     -0.500000000    
          30          22  0.290458828     -0.107208692     -0.500000000    
          30          23  0.214758322      -7.44400769E-02 -0.500000000    
          30          24  0.256268859      -6.48977011E-02 -0.500000000    
          30          25  0.101677381      -4.82107699E-02 -0.500000000    
          30          26   1.02036698E-02  -5.16230799E-02 -0.500000000    
          30          27  0.256297380      -6.98975325E-02 -0.500000000    
          30          28  0.484558672     -0.118740454     -0.500000000    
          30          29  0.412589580     -0.160125837     -0.500000000    
          30          30  0.325995713     -0.155023128     -0.500000000    
          30          31  0.227121487     -0.122345209     -0.500000000    
          30          32   7.13538826E-02 -0.102526173     -0.500000000    
          30          33  -8.69774744E-02  -8.01257864E-02 -0.500000000    
          31           1  0.452626586      -9.56240222E-02 -0.500000000    
          31           2  0.285214722     -0.103636049     -0.500000000    
          31           3  0.406319320     -0.115775250     -0.500000000    
          31           4  0.644921303     -0.135924384     -0.500000000    
          31           5  0.567803681     -0.117403410     -0.500000000    
          31           6  0.245451421      -6.28881305E-02 -0.500000000    
          31           7   5.47613390E-03  -3.58212143E-02 -0.500000000    
          31           8   1.50365885E-02  -1.31375864E-02 -0.500000000    
          31           9   4.24597263E-02   1.17085679E-02 -0.500000000    
          31          10   7.18274787E-02   3.46319005E-02 -0.500000000    
          31          11  0.131113827       3.02640721E-02 -0.500000000    
          31          12   9.25600342E-03  -1.53189059E-02 -0.500000000    
          31          13   6.81906417E-02  -6.52275607E-02 -0.500000000    
          31          14  0.295672625      -8.60668942E-02 -0.500000000    
          31          15  0.117564730      -8.80889297E-02 -0.500000000    
          31          16  0.167419299      -6.42331839E-02 -0.500000000    
          31          17  0.232546985      -8.81452337E-02 -0.500000000    
          31          18  0.176381156     -0.115563482     -0.500000000    
          31          19  0.304327488     -0.125716358     -0.500000000    
          31          20  0.311853379     -0.134003803     -0.500000000    
          31          21  0.193512216      -9.98541415E-02 -0.500000000    
          31          22  0.305288821      -4.77425158E-02 -0.500000000    
          31          23  0.213803723      -1.07572721E-02 -0.500000000    
          31          24  0.222589016      -9.97978076E-03 -0.500000000    
          31          25  0.120932519      -1.62927769E-02 -0.500000000    
          31          26   4.29489128E-02  -3.23344208E-02 -0.500000000    
          31          27  0.255696952      -6.87314495E-02 -0.500000000    
          31          28  0.514638662     -0.121079430     -0.500000000    
          31          29  0.442051977     -0.153302774     -0.500000000    
          31          30  0.227257758     -0.122392736     -0.500000000    
          31          31   6.41915351E-02  -8.43061134E-02 -0.500000000    
          31          32 -0.135540277      -6.33748472E-02 -0.500000000    
          31          33  -1.36270290E-02  -3.87195386E-02 -0.500000000    
          32           1  0.461329252      -1.41706662E-02 -0.500000000    
          32           2  0.318733335      -3.73962149E-02 -0.500000000    
          32           3  0.365925431      -6.82842508E-02 -0.500000000    
          32           4  0.519402444      -8.35218951E-02 -0.500000000    
          32           5  0.312483907      -7.90290758E-02 -0.500000000    
          32           6  0.191404462      -5.42523563E-02 -0.500000000    
          32           7   6.69185519E-02  -4.33564596E-02 -0.500000000    
          32           8   4.93044313E-03  -2.37159096E-02 -0.500000000    
          32           9  -1.62397064E-02   1.39056509E-02 -0.500000000    
          32          10  -2.33269483E-02   3.86380032E-02 -0.500000000    
          32          11   4.58572805E-02   3.73636037E-02 -0.500000000    
          32          12   1.94470305E-02  -7.15119205E-03 -0.500000000    
          32          13  0.181929260      -5.10543138E-02 -0.500000000    
          32          14  0.347820997      -5.43495528E-02 -0.500000000    
          32          15  0.143690094      -3.67773063E-02 -0.500000000    
          32          16  0.150647476       1.20663652E-02 -0.500000000    
          32          17  0.246835515      -1.36724627E-03 -0.500000000    
          32          18  0.207415089      -4.57154289E-02 -0.500000000    
          32          19  0.394575506      -7.78497308E-02 -0.500000000    
          32          20  0.498310894      -9.64400545E-02 -0.500000000    
          32          21  0.216861561      -4.71692942E-02 -0.500000000    
          32          22  0.158047870       4.69057774E-03 -0.500000000    
          32          23  0.102928087       3.74062806E-02 -0.500000000    
          32          24  0.212653369       2.92564128E-02 -0.500000000    
          32          25  0.193318620      -1.16075121E-03 -0.500000000    
          32          26   7.97388330E-02  -3.49320844E-02 -0.500000000    
          32          27  0.213537961      -6.43115565E-02 -0.500000000    
          32          28  0.305198163     -0.101681106     -0.500000000    
          32          29  0.193799108     -0.119226560     -0.500000000    
          32          30   7.16037676E-02 -0.102623098     -0.500000000    
          32          31 -0.135688573      -6.34674504E-02 -0.500000000    
          32          32 -0.176596358      -3.09575778E-02 -0.500000000    
          32          33  -8.39667991E-02   1.34699726E-02 -0.500000000    
          33           1  0.424446553       4.65639457E-02 -0.500000000    
          33           2  0.372309059       1.39789302E-02 -0.500000000    
          33           3  0.300744951      -2.72726845E-02 -0.500000000    
          33           4  0.226012349      -5.85696325E-02 -0.500000000    
          33           5   6.91671371E-02  -6.42741919E-02 -0.500000000    
          33           6   9.41587240E-02  -5.39369322E-02 -0.500000000    
          33           7  0.180035025      -6.39801696E-02 -0.500000000    
          33           8   5.30865081E-02  -4.75490429E-02 -0.500000000    
          33           9   5.57596311E-02   3.40805459E-03 -0.500000000    
          33          10 -0.101974651       3.32711302E-02 -0.500000000    
          33          11 -0.104096837       3.21231335E-02 -0.500000000    
          33          12   1.68161355E-02  -8.60751979E-03 -0.500000000    
          33          13  0.324896842      -4.68672886E-02 -0.500000000    
          33          14  0.430990398      -4.35238071E-02 -0.500000000    
          33          15  0.101070419      -4.68665967E-03 -0.500000000    
          33          16  0.159338549       6.26108944E-02 -0.500000000    
          33          17  0.290929049       6.08152337E-02 -0.500000000    
          33          18  0.124941111       2.67197983E-03 -0.500000000    
          33          19  0.462648481      -5.35868034E-02 -0.500000000    
          33          20  0.632102370      -7.68292472E-02 -0.500000000    
          33          21  0.281971544      -2.22392380E-02 -0.500000000    
          33          22  -1.70990359E-02   2.77194846E-02 -0.500000000    
          33          23   4.29421812E-02   6.10960983E-02 -0.500000000    
          33          24  0.255176634       4.60959822E-02 -0.500000000    
          33          25  0.198957101       3.16839782E-04 -0.500000000    
          33          26   4.60506082E-02  -4.78447340E-02 -0.500000000    
          33          27   8.43810365E-02  -5.89137450E-02 -0.500000000    
          33          28  -4.75181825E-02  -7.29598776E-02 -0.500000000    
          33          29 -0.130015537     -0.104306221     -0.500000000    
          33          30  -8.76796395E-02  -8.02967176E-02 -0.500000000    
          33          31  -1.44998636E-02  -3.89062762E-02 -0.500000000    
          33          32  -8.44140202E-02   1.33323036E-02 -0.500000000    
          33          33 -0.169048131       6.31501451E-02 -0.500000000    
