           1           1 -0.193626449      0.100147724     -0.500000000    
           1           2  -4.20142245E-03  0.112049848     -0.500000000    
           1           3   1.88607983E-02   9.67198610E-02 -0.500000000    
           1           4   1.99913830E-02   7.35720694E-02 -0.500000000    
           1           5   3.89082432E-02   5.12592532E-02 -0.500000000    
           1           6  -5.97057715E-02   1.83137804E-02 -0.500000000    
           1           7 -0.119050995      -8.91602691E-03 -0.500000000    
           1           8 -0.106594518      -8.87675490E-03 -0.500000000    
           1           9  -8.50302950E-02  -1.64117180E-02 -0.500000000    
           1          10 -0.140812844      -4.24089730E-02 -0.500000000    
           1          11 -0.201030582      -4.45078760E-02 -0.500000000    
           1          12  -8.03674012E-02  -2.41535548E-02 -0.500000000    
           1          13  0.105300367      -1.07222470E-02 -0.500000000    
           1          14  0.128563017      -5.09683378E-02 -0.500000000    
           1          15   7.52702951E-02 -0.101492636     -0.500000000    
           1          16   2.75711548E-02 -0.135235265     -0.500000000    
           1          17  -6.44755661E-02 -0.129340813     -0.500000000    
           1          18  0.153926790      -8.73253420E-02 -0.500000000    
           1          19  0.176902875      -4.35357504E-02 -0.500000000    
           1          20   7.64007345E-02  -8.71878956E-03 -0.500000000    
           1          21  0.171900257       4.59791976E-04 -0.500000000    
           1          22  0.121501610      -3.40506900E-03 -0.500000000    
           1          23   3.07234749E-02  -9.96787567E-03 -0.500000000    
           1          24   4.12079841E-02  -5.37267793E-03 -0.500000000    
           1          25   2.36789417E-02  -1.07819121E-02 -0.500000000    
           1          26   6.36960715E-02   4.16916274E-02 -0.500000000    
           1          27   9.89197940E-02  0.108192116     -0.500000000    
           1          28   5.84289432E-02  0.138017401     -0.500000000    
           1          29   4.14986014E-02  0.153519496     -0.500000000    
           1          30   8.73124152E-02  0.115938969     -0.500000000    
           1          31  0.260160446       7.54108056E-02 -0.500000000    
           1          32  0.601343095       1.46515723E-02 -0.500000000    
           1          33  0.780183375      -2.91526336E-02 -0.500000000    
           2           1  -4.22425754E-03  0.112037666     -0.500000000    
           2           2   7.11878166E-02  0.130730882     -0.500000000    
           2           3   7.67285675E-02  0.117228590     -0.500000000    
           2           4   7.33610764E-02   9.91857350E-02 -0.500000000    
           2           5  0.156845391       6.90206513E-02 -0.500000000    
           2           6   9.52538252E-02   4.15394939E-02 -0.500000000    
           2           7  -3.52735561E-03   1.45864040E-02 -0.500000000    
           2           8  -9.27281603E-02   5.39524760E-03 -0.500000000    
           2           9  -4.54713590E-02  -1.33242961E-02 -0.500000000    
           2          10   5.48813492E-04  -3.23520675E-02 -0.500000000    
           2          11  -8.57713521E-02  -1.95497572E-02 -0.500000000    
           2          12   2.24436205E-02   5.96046261E-03 -0.500000000    
           2          13   8.48427191E-02   1.95931103E-02 -0.500000000    
           2          14   8.70167911E-02  -1.19756544E-02 -0.500000000    
           2          15   7.97032788E-02  -6.34463876E-02 -0.500000000    
           2          16  0.176146954      -9.50359479E-02 -0.500000000    
           2          17  0.142409995      -9.34643298E-02 -0.500000000    
           2          18  0.153620854      -5.85390665E-02 -0.500000000    
           2          19  0.154986039      -2.49889889E-03 -0.500000000    
           2          20  0.208518192       4.03605811E-02 -0.500000000    
           2          21  0.302867442       5.42801619E-02 -0.500000000    
           2          22  0.132028684       4.64176610E-02 -0.500000000    
           2          23   7.88291469E-02   1.43979769E-02 -0.500000000    
           2          24   4.56457138E-02  -5.64916339E-03 -0.500000000    
           2          25  -2.09307894E-02  -8.77226889E-03 -0.500000000    
           2          26   7.60957226E-02   4.24181484E-02 -0.500000000    
           2          27  0.203677297      0.109244242     -0.500000000    
           2          28  0.222061783      0.138555273     -0.500000000    
           2          29  0.197061434      0.151008978     -0.500000000    
           2          30   4.90497090E-02  0.122934081     -0.500000000    
           2          31  0.191238254       8.69074166E-02 -0.500000000    
           2          32  0.654793978       2.10189465E-02 -0.500000000    
           2          33  0.968474388      -2.29675919E-02 -0.500000000    
           3           1   1.88941099E-02   9.67330039E-02 -0.500000000    
           3           2   7.68580362E-02  0.117244206     -0.500000000    
           3           3   5.43405414E-02  0.111746103     -0.500000000    
           3           4   5.30597530E-02   8.76323208E-02 -0.500000000    
           3           5   7.59320110E-02   6.56835362E-02 -0.500000000    
           3           6  0.234350532       2.66168248E-02 -0.500000000    
           3           7  0.168620303       1.19433571E-02 -0.500000000    
           3           8  -8.14352557E-02  -9.46057029E-03 -0.500000000    
           3           9  -4.81256396E-02  -2.96873283E-02 -0.500000000    
           3          10   2.05531716E-02  -2.85122637E-02 -0.500000000    
           3          11  -4.61569801E-03  -8.89042672E-03 -0.500000000    
           3          12  -7.58883450E-03   2.88382433E-02 -0.500000000    
           3          13   1.50127485E-02   4.03426439E-02 -0.500000000    
           3          14   5.31155132E-02   1.79526955E-02 -0.500000000    
           3          15  0.150537729      -6.93561183E-03 -0.500000000    
           3          16  0.256718576      -2.82240883E-02 -0.500000000    
           3          17  0.300637126      -3.21503244E-02 -0.500000000    
           3          18  0.176763654      -1.36067839E-02 -0.500000000    
           3          19  0.101397231       2.52901278E-02 -0.500000000    
           3          20  0.212516993       6.73458800E-02 -0.500000000    
           3          21  0.363514364       9.05634463E-02 -0.500000000    
           3          22  0.220625281       8.05633292E-02 -0.500000000    
           3          23  0.117732614       1.68892276E-02 -0.500000000    
           3          24  -9.05937236E-03  -2.15760469E-02 -0.500000000    
           3          25  -9.47918221E-02  -4.10341881E-02 -0.500000000    
           3          26  0.113682762       9.96977091E-03 -0.500000000    
           3          27  0.302718967       7.41536841E-02 -0.500000000    
           3          28  0.173585549      0.110278249     -0.500000000    
           3          29  0.150615975      0.126484886     -0.500000000    
           3          30   5.72096407E-02  0.100734800     -0.500000000    
           3          31  0.115493387       7.08288103E-02 -0.500000000    
           3          32  0.680413783       1.55676100E-02 -0.500000000    
           3          33  0.926088214      -1.45117640E-02 -0.500000000    
           4           1   1.98736601E-02   7.36070573E-02 -0.500000000    
           4           2   7.33190924E-02   9.92050320E-02 -0.500000000    
           4           3   5.30382879E-02   8.76292735E-02 -0.500000000    
           4           4  -3.01355440E-02   6.67426512E-02 -0.500000000    
           4           5  -3.26404944E-02   3.99418920E-02 -0.500000000    
           4           6  0.215258166      -3.25178774E-03 -0.500000000    
           4           7  0.165584207      -2.17047315E-02 -0.500000000    
           4           8  -1.72117911E-02  -5.02613671E-02 -0.500000000    
           4           9  -2.05925386E-02  -6.29344881E-02 -0.500000000    
           4          10  -2.11036820E-02  -6.04865514E-02 -0.500000000    
           4          11  -7.47463405E-02  -4.85968366E-02 -0.500000000    
           4          12  -8.89947787E-02  -8.76640249E-03 -0.500000000    
           4          13  -3.57601829E-02   1.13089690E-02 -0.500000000    
           4          14   6.44326508E-02   1.87077690E-02 -0.500000000    
           4          15  0.168672413       4.26540188E-02 -0.500000000    
           4          16  0.282778203       5.49543574E-02 -0.500000000    
           4          17  0.295509577       4.73494530E-02 -0.500000000    
           4          18  0.189395890       3.59989442E-02 -0.500000000    
           4          19   2.55274680E-02   3.57713029E-02 -0.500000000    
           4          20  0.112439685       4.64104600E-02 -0.500000000    
           4          21  0.270013541       6.03542291E-02 -0.500000000    
           4          22  0.188399538       4.21226807E-02 -0.500000000    
           4          23  0.105214529      -2.49150470E-02 -0.500000000    
           4          24   2.65722517E-02  -7.34843686E-02 -0.500000000    
           4          25  -9.45736617E-02  -9.91252735E-02 -0.500000000    
           4          26   5.84539957E-02  -7.47849047E-02 -0.500000000    
           4          27  0.217042580       1.23136658E-02 -0.500000000    
           4          28  0.120250024       4.61135954E-02 -0.500000000    
           4          29   9.16388631E-02   6.27529696E-02 -0.500000000    
           4          30   5.57233244E-02   5.14582247E-02 -0.500000000    
           4          31  0.179371983       3.86246406E-02 -0.500000000    
           4          32  0.591161251       2.62012077E-03 -0.500000000    
           4          33  0.797110200      -1.23431543E-02 -0.500000000    
           5           1   3.88168693E-02   5.12862913E-02 -0.500000000    
           5           2  0.156783149       6.90359399E-02 -0.500000000    
           5           3   7.58137181E-02   6.56813011E-02 -0.500000000    
           5           4  -3.28737050E-02   3.99412774E-02 -0.500000000    
           5           5  -2.91890074E-02   1.57382004E-02 -0.500000000    
           5           6   6.27386868E-02  -1.39975529E-02 -0.500000000    
           5           7   7.55378157E-02  -3.81492190E-02 -0.500000000    
           5           8  -1.66850984E-02  -5.73883057E-02 -0.500000000    
           5           9  -5.49638532E-02  -6.93535358E-02 -0.500000000    
           5          10  -7.40021095E-02  -7.97062814E-02 -0.500000000    
           5          11 -0.131572828      -7.35890120E-02 -0.500000000    
           5          12  -5.81009164E-02  -4.56729904E-02 -0.500000000    
           5          13  -2.82925237E-02  -1.57660879E-02 -0.500000000    
           5          14   7.11218566E-02   1.84652358E-02 -0.500000000    
           5          15  0.176020265       5.22738323E-02 -0.500000000    
           5          16  0.285946906       7.14745149E-02 -0.500000000    
           5          17  0.295339137       5.98272607E-02 -0.500000000    
           5          18  0.138716608       3.96566167E-02 -0.500000000    
           5          19   3.41852964E-03   1.94109976E-02 -0.500000000    
           5          20  -7.72780273E-04   1.60829555E-02 -0.500000000    
           5          21  0.247158438       1.04195522E-02 -0.500000000    
           5          22  0.124963790      -1.06390268E-02 -0.500000000    
           5          23   8.04656595E-02  -6.62122890E-02 -0.500000000    
           5          24  -2.33616382E-02 -0.113419026     -0.500000000    
           5          25  -3.61319892E-02 -0.131129324     -0.500000000    
           5          26  -4.04542591E-03 -0.127605528     -0.500000000    
           5          27   8.49854797E-02  -4.75166999E-02 -0.500000000    
           5          28   6.36842921E-02   6.55166991E-03 -0.500000000    
           5          29  0.106874943       1.10738613E-02 -0.500000000    
           5          30   5.32587096E-02   1.04290703E-02 -0.500000000    
           5          31  0.158866838       2.12916415E-02 -0.500000000    
           5          32  0.446571767       4.75449488E-03 -0.500000000    
           5          33  0.545249760       3.10710398E-03 -0.500000000    
           6           1  -5.97873554E-02   1.83367040E-02 -0.500000000    
           6           2   9.53106955E-02   4.15723100E-02 -0.500000000    
           6           3  0.234436914       2.66344547E-02 -0.500000000    
           6           4  0.215187877      -3.25779570E-03 -0.500000000    
           6           5   6.27647936E-02  -1.39970109E-02 -0.500000000    
           6           6   9.20834020E-03  -4.90546711E-02 -0.500000000    
           6           7   4.35147341E-03  -7.65698627E-02 -0.500000000    
           6           8  -9.14363489E-02  -8.58621299E-02 -0.500000000    
           6           9  -4.58490103E-02  -8.94668996E-02 -0.500000000    
           6          10  -3.62634063E-02  -7.98368007E-02 -0.500000000    
           6          11   1.70739982E-02  -7.63988644E-02 -0.500000000    
           6          12   2.40784828E-02  -5.25129214E-02 -0.500000000    
           6          13  -2.95324698E-02  -1.92058459E-02 -0.500000000    
           6          14   9.44568440E-02   1.83958951E-02 -0.500000000    
           6          15  0.141760364       3.20548564E-02 -0.500000000    
           6          16  0.239899933       3.59410346E-02 -0.500000000    
           6          17  0.190428510       2.97796763E-02 -0.500000000    
           6          18   9.43338424E-02   1.41922608E-02 -0.500000000    
           6          19   4.06483896E-02   1.02493539E-03 -0.500000000    
           6          20   5.17526530E-02  -1.26619684E-02 -0.500000000    
           6          21  0.259242386      -3.44966874E-02 -0.500000000    
           6          22  0.247057274      -4.78346273E-02 -0.500000000    
           6          23  0.102249905      -8.43204856E-02 -0.500000000    
           6          24   1.58433840E-02 -0.120029353     -0.500000000    
           6          25   2.66663847E-03 -0.136136442     -0.500000000    
           6          26  -1.11871222E-02 -0.142093405     -0.500000000    
           6          27  -6.16226345E-04 -0.109365828     -0.500000000    
           6          28  0.105230108      -5.74342646E-02 -0.500000000    
           6          29   8.51603523E-02  -4.80149016E-02 -0.500000000    
           6          30   4.34258059E-02  -4.26672399E-02 -0.500000000    
           6          31   1.05606075E-02  -4.02531726E-03 -0.500000000    
           6          32  0.158743620      -2.38551060E-03 -0.500000000    
           6          33  0.319974780      -5.73147088E-03 -0.500000000    
           7           1 -0.118946135      -8.99444427E-03 -0.500000000    
           7           2  -3.22360313E-03   1.45265758E-02 -0.500000000    
           7           3  0.168952346       1.18887536E-02 -0.500000000    
           7           4  0.165817261      -2.17509922E-02 -0.500000000    
           7           5   7.57877603E-02  -3.81495506E-02 -0.500000000    
           7           6   4.38341731E-03  -7.65566006E-02 -0.500000000    
           7           7  -9.33973417E-02  -9.70673263E-02 -0.500000000    
           7           8 -0.181250244      -9.69332680E-02 -0.500000000    
           7           9   2.01077200E-03  -8.40744674E-02 -0.500000000    
           7          10   9.28749889E-02  -6.54832944E-02 -0.500000000    
           7          11  0.145759463      -7.89977014E-02 -0.500000000    
           7          12  0.105676517      -6.03326261E-02 -0.500000000    
           7          13  -1.67597970E-03  -2.40323320E-02 -0.500000000    
           7          14  0.119111426       9.84858815E-03 -0.500000000    
           7          15  0.169819668       1.06924716E-02 -0.500000000    
           7          16  0.166928038       6.55758707E-03 -0.500000000    
           7          17  0.109455667       5.74314035E-03 -0.500000000    
           7          18   8.03431422E-02  -1.65432133E-03 -0.500000000    
           7          19  0.114052467      -2.04276014E-03 -0.500000000    
           7          20  0.181128472      -2.77613867E-02 -0.500000000    
           7          21  0.288917005      -6.16713800E-02 -0.500000000    
           7          22  0.336339086      -7.74675608E-02 -0.500000000    
           7          23  0.198214397      -9.06339586E-02 -0.500000000    
           7          24   4.58725989E-02 -0.102897160     -0.500000000    
           7          25  -4.16092994E-03 -0.115295537     -0.500000000    
           7          26  -1.43327285E-02 -0.130789757     -0.500000000    
           7          27  -4.50800918E-02 -0.142260253     -0.500000000    
           7          28   6.25004545E-02 -0.125620052     -0.500000000    
           7          29   4.88834605E-02 -0.120469242     -0.500000000    
           7          30   1.57081503E-02  -8.78654122E-02 -0.500000000    
           7          31   1.49641763E-02  -3.51970606E-02 -0.500000000    
           7          32  0.153088570      -1.48553150E-02 -0.500000000    
           7          33  0.448822528      -2.30168682E-02 -0.500000000    
           8           1 -0.106697060      -9.03472584E-03 -0.500000000    
           8           2  -9.27552730E-02   5.26756141E-03 -0.500000000    
           8           3  -8.13362151E-02  -9.56362858E-03 -0.500000000    
           8           4  -1.68223493E-02  -5.03411628E-02 -0.500000000    
           8           5  -1.63664501E-02  -5.74225821E-02 -0.500000000    
           8           6  -9.12945569E-02  -8.58750790E-02 -0.500000000    
           8           7 -0.181093037      -9.69485641E-02 -0.500000000    
           8           8 -0.222485915      -8.41493756E-02 -0.500000000    
           8           9  -4.53332253E-02  -4.93872836E-02 -0.500000000    
           8          10   1.69494767E-02  -4.04530913E-02 -0.500000000    
           8          11   7.35374764E-02  -5.75129837E-02 -0.500000000    
           8          12   8.97525176E-02  -4.32701409E-02 -0.500000000    
           8          13  -8.06412939E-03  -1.32003129E-02 -0.500000000    
           8          14  0.100907497      -6.03713095E-04 -0.500000000    
           8          15  0.141118526       1.26475003E-03 -0.500000000    
           8          16  0.127354875      -9.73528344E-03 -0.500000000    
           8          17   9.05308351E-02  -1.84316263E-02 -0.500000000    
           8          18   9.94768087E-03  -1.14411246E-02 -0.500000000    
           8          19  0.105452329      -2.96460977E-03 -0.500000000    
           8          20  0.180086717      -7.97201321E-03 -0.500000000    
           8          21  0.268263310      -2.42110901E-02 -0.500000000    
           8          22  0.258201271      -6.17997944E-02 -0.500000000    
           8          23  0.223455265      -7.28837326E-02 -0.500000000    
           8          24   1.51083972E-02  -7.53589049E-02 -0.500000000    
           8          25  -3.22084203E-02  -8.79300386E-02 -0.500000000    
           8          26  -9.42101255E-02 -0.110225722     -0.500000000    
           8          27  -7.05876425E-02 -0.129667938     -0.500000000    
           8          28  -6.07572421E-02 -0.144229159     -0.500000000    
           8          29   1.23650171E-02 -0.161079824     -0.500000000    
           8          30   2.41002478E-02 -0.135406896     -0.500000000    
           8          31   3.88580374E-02  -8.51050317E-02 -0.500000000    
           8          32  0.180171043      -6.27278835E-02 -0.500000000    
           8          33  0.276385367      -5.02988659E-02 -0.500000000    
           9           1  -8.57421830E-02  -1.65564250E-02 -0.500000000    
           9           2  -4.60028760E-02  -1.34443427E-02 -0.500000000    
           9           3  -4.84078713E-02  -2.97805201E-02 -0.500000000    
           9           4  -2.05993857E-02  -6.30091801E-02 -0.500000000    
           9           5  -5.49836010E-02  -6.94062337E-02 -0.500000000    
           9           6  -4.59046662E-02  -8.94975364E-02 -0.500000000    
           9           7   2.07818300E-03  -8.41140673E-02 -0.500000000    
           9           8  -4.51850593E-02  -4.94207926E-02 -0.500000000    
           9           9   5.50965406E-03  -1.34907933E-02 -0.500000000    
           9          10  -4.66114841E-03  -1.25626530E-02 -0.500000000    
           9          11   4.27966155E-02  -1.87125318E-02 -0.500000000    
           9          12  0.125230879      -1.71562433E-02 -0.500000000    
           9          13   5.39127924E-03   2.84273643E-03 -0.500000000    
           9          14   1.61542874E-02   9.31807607E-03 -0.500000000    
           9          15   8.70406926E-02   2.08940648E-04 -0.500000000    
           9          16  0.112288848      -1.82608161E-02 -0.500000000    
           9          17   6.85686991E-02  -3.13281342E-02 -0.500000000    
           9          18  -1.07890917E-02  -7.86324311E-03 -0.500000000    
           9          19 -0.113312274       1.14975590E-02 -0.500000000    
           9          20   7.21522272E-02   2.68137753E-02 -0.500000000    
           9          21  0.188168883       2.28567272E-02 -0.500000000    
           9          22  0.227468088      -1.78061184E-02 -0.500000000    
           9          23  0.336692959      -3.71691324E-02 -0.500000000    
           9          24  0.138515532      -3.96298356E-02 -0.500000000    
           9          25   6.14055023E-02  -5.27114123E-02 -0.500000000    
           9          26   2.05101315E-02  -9.11075026E-02 -0.500000000    
           9          27   2.89725643E-02 -0.110131763     -0.500000000    
           9          28   6.21482171E-03 -0.135060623     -0.500000000    
           9          29  0.103684157     -0.156802848     -0.500000000    
           9          30   9.32793394E-02 -0.152766779     -0.500000000    
           9          31   7.62776732E-02 -0.130060300     -0.500000000    
           9          32  0.119224191     -0.107012682     -0.500000000    
           9          33  0.110651560      -9.72568914E-02 -0.500000000    
          10           1 -0.140933573      -4.25695181E-02 -0.500000000    
          10           2   3.52540519E-04  -3.24779265E-02 -0.500000000    
          10           3   2.02807840E-02  -2.86030937E-02 -0.500000000    
          10           4  -2.12556422E-02  -6.05571046E-02 -0.500000000    
          10           5  -7.39774257E-02  -7.97494575E-02 -0.500000000    
          10           6  -3.61149795E-02  -7.98413008E-02 -0.500000000    
          10           7   9.30387303E-02  -6.54938892E-02 -0.500000000    
          10           8   1.70409791E-02  -4.04881872E-02 -0.500000000    
          10           9  -4.77319583E-03  -1.25936838E-02 -0.500000000    
          10          10  -3.04652918E-02   8.35307501E-03 -0.500000000    
          10          11  -2.88478145E-03   2.40552090E-02 -0.500000000    
          10          12   9.21942815E-02   2.55350620E-02 -0.500000000    
          10          13   8.71441513E-03   4.26808931E-02 -0.500000000    
          10          14  -7.28859827E-02   4.96603511E-02 -0.500000000    
          10          15   9.67665911E-02   3.05900890E-02 -0.500000000    
          10          16  0.206710920       1.65814646E-02 -0.500000000    
          10          17  0.169381842      -3.17181763E-03 -0.500000000    
          10          18  0.117806345       1.10497121E-02 -0.500000000    
          10          19  -7.42662996E-02   4.33148779E-02 -0.500000000    
          10          20   3.09219081E-02   7.88252503E-02 -0.500000000    
          10          21  0.120182045       6.95613176E-02 -0.500000000    
          10          22   5.57882227E-02   3.42312194E-02 -0.500000000    
          10          23  0.139096141       4.85773943E-03 -0.500000000    
          10          24  0.149425462      -1.00565478E-02 -0.500000000    
          10          25  0.167897314      -2.98221856E-02 -0.500000000    
          10          26  0.227168620      -6.31436631E-02 -0.500000000    
          10          27  0.199702650      -7.30481297E-02 -0.500000000    
          10          28   5.11951484E-02  -8.94299448E-02 -0.500000000    
          10          29  0.110079840     -0.114810660     -0.500000000    
          10          30  0.144866824     -0.113489605     -0.500000000    
          10          31  0.138151050     -0.111846715     -0.500000000    
          10          32   8.11033696E-02 -0.113785461     -0.500000000    
          10          33   1.76483132E-02 -0.108046360     -0.500000000    
          11           1 -0.200904444      -4.46627401E-02 -0.500000000    
          11           2  -8.57279226E-02  -1.96883120E-02 -0.500000000    
          11           3  -4.63786162E-03  -9.00802482E-03 -0.500000000    
          11           4  -7.46503472E-02  -4.86943647E-02 -0.500000000    
          11           5 -0.131239250      -7.36563057E-02 -0.500000000    
          11           6   1.72277261E-02  -7.64262751E-02 -0.500000000    
          11           7  0.145739451      -7.90222585E-02 -0.500000000    
          11           8   7.35189989E-02  -5.75526245E-02 -0.500000000    
          11           9   4.26546782E-02  -1.87531970E-02 -0.500000000    
          11          10  -3.05581535E-03   2.40444057E-02 -0.500000000    
          11          11   4.55199033E-02   6.38228133E-02 -0.500000000    
          11          12  0.262825131       7.82080665E-02 -0.500000000    
          11          13  0.216119558       8.95657390E-02 -0.500000000    
          11          14   9.50469226E-02   9.98472422E-02 -0.500000000    
          11          15   7.33022317E-02   7.57024363E-02 -0.500000000    
          11          16  0.127612993       6.53330386E-02 -0.500000000    
          11          17   8.77748057E-02   4.69657183E-02 -0.500000000    
          11          18   4.36543040E-02   3.70688476E-02 -0.500000000    
          11          19   9.88692492E-02   6.84285685E-02 -0.500000000    
          11          20   4.96352762E-02  0.102864534     -0.500000000    
          11          21   7.63533711E-02   8.59288648E-02 -0.500000000    
          11          22   5.41362837E-02   7.34024346E-02 -0.500000000    
          11          23   1.41627295E-02   5.18076904E-02 -0.500000000    
          11          24  0.179693282       2.83583831E-02 -0.500000000    
          11          25  0.188459128       9.85406525E-03 -0.500000000    
          11          26  0.249658078      -1.92046575E-02 -0.500000000    
          11          27  0.270880133      -3.30030657E-02 -0.500000000    
          11          28  0.148031101      -4.97224741E-02 -0.500000000    
          11          29  0.127388462      -6.41523600E-02 -0.500000000    
          11          30  0.125601500      -5.53792827E-02 -0.500000000    
          11          31   5.61176874E-02  -6.60848245E-02 -0.500000000    
          11          32  -2.02443246E-02  -8.45633000E-02 -0.500000000    
          11          33  -2.80974768E-02  -9.16899219E-02 -0.500000000    
          12           1  -8.02598521E-02  -2.42305063E-02 -0.500000000    
          12           2   2.25935671E-02   5.88127784E-03 -0.500000000    
          12           3  -7.45822210E-03   2.87619680E-02 -0.500000000    
          12           4  -8.87924954E-02  -8.83997884E-03 -0.500000000    
          12           5  -5.79680875E-02  -4.57385443E-02 -0.500000000    
          12           6   2.40146630E-02  -5.25506213E-02 -0.500000000    
          12           7  0.105541445      -6.03513345E-02 -0.500000000    
          12           8   8.97123888E-02  -4.33125272E-02 -0.500000000    
          12           9  0.125242278      -1.72119830E-02 -0.500000000    
          12          10   9.20134634E-02   2.54947804E-02 -0.500000000    
          12          11  0.262612283       7.81931952E-02 -0.500000000    
          12          12  0.364175528       9.41915736E-02 -0.500000000    
          12          13  0.261917502       9.96949226E-02 -0.500000000    
          12          14   9.81238037E-02  0.111955814     -0.500000000    
          12          15   3.68209705E-02   8.80274400E-02 -0.500000000    
          12          16   7.48702064E-02   7.61534646E-02 -0.500000000    
          12          17  0.153111830       5.93062416E-02 -0.500000000    
          12          18  0.143534884       4.47708368E-02 -0.500000000    
          12          19  0.244550437       6.27321005E-02 -0.500000000    
          12          20   4.94806916E-02   8.15518647E-02 -0.500000000    
          12          21  -8.19069892E-02   6.53406605E-02 -0.500000000    
          12          22  -4.74520810E-02   7.45054781E-02 -0.500000000    
          12          23   1.58548802E-02   7.04367533E-02 -0.500000000    
          12          24  0.202819765       5.30576259E-02 -0.500000000    
          12          25  0.245667130       4.04909179E-02 -0.500000000    
          12          26  0.135307133       1.53840771E-02 -0.500000000    
          12          27  0.131194204      -1.01457490E-02 -0.500000000    
          12          28   8.61052573E-02  -3.20405960E-02 -0.500000000    
          12          29  0.113506727      -4.84179333E-02 -0.500000000    
          12          30  0.129681006      -2.04537474E-02 -0.500000000    
          12          31   8.80076066E-02  -1.38569614E-02 -0.500000000    
          12          32   5.73718622E-02  -3.29875313E-02 -0.500000000    
          12          33   6.73643947E-02  -4.24030498E-02 -0.500000000    
          13           1  0.105125114      -1.07677942E-02 -0.500000000    
          13           2   8.46891999E-02   1.95396934E-02 -0.500000000    
          13           3   1.48305241E-02   4.02883887E-02 -0.500000000    
          13           4  -3.57384458E-02   1.12596396E-02 -0.500000000    
          13           5  -2.80623566E-02  -1.58009268E-02 -0.500000000    
          13           6  -2.92796716E-02  -1.92196947E-02 -0.500000000    
          13           7  -1.49392337E-03  -2.40245610E-02 -0.500000000    
          13           8  -8.04961100E-03  -1.32068675E-02 -0.500000000    
          13           9   5.36312349E-03   2.79999198E-03 -0.500000000    
          13          10   8.58945772E-03   4.26105708E-02 -0.500000000    
          13          11  0.215954021       8.95189419E-02 -0.500000000    
          13          12  0.261775732       9.96786281E-02 -0.500000000    
          13          13  0.244469509      0.100164004     -0.500000000    
          13          14  0.152082354       8.07983205E-02 -0.500000000    
          13          15  0.180912599       5.14674746E-02 -0.500000000    
          13          16   2.57476233E-02   2.05132421E-02 -0.500000000    
          13          17   3.88819426E-02   6.63032662E-03 -0.500000000    
          13          18  0.127610043       1.52523499E-02 -0.500000000    
          13          19  0.135488898       3.89639921E-02 -0.500000000    
          13          20  0.132367119       5.04344665E-02 -0.500000000    
          13          21  -2.01106016E-02   5.33547997E-02 -0.500000000    
          13          22  -2.86015812E-02   6.28915429E-02 -0.500000000    
          13          23   7.36225620E-02   5.73088638E-02 -0.500000000    
          13          24  0.145872056       3.61075327E-02 -0.500000000    
          13          25  0.186460748       2.57808361E-02 -0.500000000    
          13          26  0.176598772       1.05000818E-02 -0.500000000    
          13          27   8.88486579E-02  -1.50277680E-02 -0.500000000    
          13          28  -1.25092955E-03  -2.01641917E-02 -0.500000000    
          13          29   3.28681059E-02  -2.68230867E-02 -0.500000000    
          13          30   8.03821087E-02  -2.55542225E-03 -0.500000000    
          13          31  0.157756254       9.90655972E-04 -0.500000000    
          13          32  0.230623931      -1.28943846E-02 -0.500000000    
          13          33  0.253290534      -1.73803940E-02 -0.500000000    
          14           1  0.128623113      -5.09779081E-02 -0.500000000    
          14           2   8.70491564E-02  -1.19953994E-02 -0.500000000    
          14           3   5.32337017E-02   1.79256033E-02 -0.500000000    
          14           4   6.45770803E-02   1.86828859E-02 -0.500000000    
          14           5   7.11512342E-02   1.84487570E-02 -0.500000000    
          14           6   9.44279507E-02   1.83924492E-02 -0.500000000    
          14           7  0.119244963       9.87132825E-03 -0.500000000    
          14           8  0.101160049      -5.65433584E-04 -0.500000000    
          14           9   1.63602401E-02   9.32295248E-03 -0.500000000    
          14          10  -7.29075149E-02   4.96200286E-02 -0.500000000    
          14          11   9.49004814E-02   9.97907445E-02 -0.500000000    
          14          12   9.79999602E-02  0.111922689     -0.500000000    
          14          13  0.152002886       8.07813555E-02 -0.500000000    
          14          14   1.05250487E-02   2.61826664E-02 -0.500000000    
          14          15   3.33674215E-02  -1.90987177E-02 -0.500000000    
          14          16   6.42867684E-02  -4.73032668E-02 -0.500000000    
          14          17  0.153804198      -3.68639529E-02 -0.500000000    
          14          18  0.176493704      -7.20960647E-03 -0.500000000    
          14          19   4.97853868E-02   2.62845773E-02 -0.500000000    
          14          20   4.62810099E-02   3.01462878E-02 -0.500000000    
          14          21   4.75347899E-02   4.36261371E-02 -0.500000000    
          14          22   2.11123656E-02   5.72925471E-02 -0.500000000    
          14          23   7.01437965E-02   5.21209836E-02 -0.500000000    
          14          24  -6.34551933E-03   2.03070883E-02 -0.500000000    
          14          25  -5.43974414E-02  -1.95934977E-02 -0.500000000    
          14          26  -6.29787967E-02  -2.86445096E-02 -0.500000000    
          14          27  -6.73116446E-02  -2.69798674E-02 -0.500000000    
          14          28  -1.30756479E-03  -7.89452344E-03 -0.500000000    
          14          29   1.20963128E-02  -3.77846044E-03 -0.500000000    
          14          30   1.26979407E-03  -7.93272862E-04 -0.500000000    
          14          31   1.83855370E-02  -7.97461532E-03 -0.500000000    
          14          32  0.102510951      -3.37782837E-02 -0.500000000    
          14          33  0.160111085      -5.36248498E-02 -0.500000000    
          15           1   7.51055181E-02 -0.101487666     -0.500000000    
          15           2   7.96416029E-02  -6.34438545E-02 -0.500000000    
          15           3  0.150542960      -6.93751220E-03 -0.500000000    
          15           4  0.168613181       4.26501147E-02 -0.500000000    
          15           5  0.175908104       5.22642136E-02 -0.500000000    
          15           6  0.141708598       3.20363082E-02 -0.500000000    
          15           7  0.169864625       1.06803421E-02 -0.500000000    
          15           8  0.141278133       1.28613692E-03 -0.500000000    
          15           9   8.72277543E-02   2.32299790E-04 -0.500000000    
          15          10   9.70723778E-02   3.05870082E-02 -0.500000000    
          15          11   7.33487606E-02   7.56631792E-02 -0.500000000    
          15          12   3.66967097E-02   8.79876912E-02 -0.500000000    
          15          13  0.180755645       5.14315851E-02 -0.500000000    
          15          14   3.32319923E-02  -1.91355404E-02 -0.500000000    
          15          15   8.93965960E-02  -6.17634803E-02 -0.500000000    
          15          16  0.199501589      -7.47951418E-02 -0.500000000    
          15          17  0.132564917      -4.48873527E-02 -0.500000000    
          15          18  0.163591713      -4.35553258E-03 -0.500000000    
          15          19   9.80014056E-02   2.45187450E-02 -0.500000000    
          15          20   9.68368053E-02   4.23081666E-02 -0.500000000    
          15          21  0.113236167       5.42621277E-02 -0.500000000    
          15          22  0.129266068       4.58584093E-02 -0.500000000    
          15          23   7.69580230E-02   1.92085207E-02 -0.500000000    
          15          24  -7.09115267E-02  -8.23786482E-03 -0.500000000    
          15          25  -1.09452130E-02  -3.33597809E-02 -0.500000000    
          15          26   8.01775753E-02  -3.94836739E-02 -0.500000000    
          15          27   2.41750851E-02  -1.99634209E-02 -0.500000000    
          15          28  0.105717339       1.74866039E-02 -0.500000000    
          15          29  0.179468974       3.96951810E-02 -0.500000000    
          15          30  0.164314836       2.54277550E-02 -0.500000000    
          15          31  0.144884393      -1.53782647E-02 -0.500000000    
          15          32  0.140922621      -6.55455291E-02 -0.500000000    
          15          33  0.263085753      -9.85609591E-02 -0.500000000    
          16           1   2.76777484E-02 -0.135220155     -0.500000000    
          16           2  0.176242724      -9.50121880E-02 -0.500000000    
          16           3  0.256700128      -2.81834546E-02 -0.500000000    
          16           4  0.282535672       5.50150797E-02 -0.500000000    
          16           5  0.285666764       7.15439692E-02 -0.500000000    
          16           6  0.239730865       3.59903201E-02 -0.500000000    
          16           7  0.166816846       6.57100976E-03 -0.500000000    
          16           8  0.127394274      -9.73690581E-03 -0.500000000    
          16           9  0.112470597      -1.82746779E-02 -0.500000000    
          16          10  0.206960052       1.65590961E-02 -0.500000000    
          16          11  0.127943397       6.53137565E-02 -0.500000000    
          16          12   7.49492794E-02   7.61234239E-02 -0.500000000    
          16          13   2.55707018E-02   2.04559024E-02 -0.500000000    
          16          14   6.40793815E-02  -4.73793522E-02 -0.500000000    
          16          15  0.199305788      -7.48505816E-02 -0.500000000    
          16          16  0.258437663      -7.38771185E-02 -0.500000000    
          16          17  0.220778957      -5.39233088E-02 -0.500000000    
          16          18  0.233702928      -2.75005065E-02 -0.500000000    
          16          19  0.289288729       7.15421885E-03 -0.500000000    
          16          20  0.306883156       4.17117961E-02 -0.500000000    
          16          21  0.264542758       6.60074502E-02 -0.500000000    
          16          22  0.157063484       5.54613732E-02 -0.500000000    
          16          23   8.04715976E-02   1.03562372E-02 -0.500000000    
          16          24  0.110437691      -2.64281444E-02 -0.500000000    
          16          25  0.194876999      -3.95023413E-02 -0.500000000    
          16          26  0.201061532      -4.09282073E-02 -0.500000000    
          16          27   7.33419657E-02  -1.20625952E-02 -0.500000000    
          16          28   6.63924441E-02   3.50478180E-02 -0.500000000    
          16          29   8.51119906E-02   7.44896829E-02 -0.500000000    
          16          30  0.140295744       3.11368015E-02 -0.500000000    
          16          31  0.153968230      -3.26447785E-02 -0.500000000    
          16          32   7.65530542E-02  -8.43849555E-02 -0.500000000    
          16          33  -5.14838845E-02 -0.130727828     -0.500000000    
          17           1  -6.45440146E-02 -0.129335850     -0.500000000    
          17           2  0.142424569      -9.34423879E-02 -0.500000000    
          17           3  0.300687969      -3.20858322E-02 -0.500000000    
          17           4  0.295640796       4.74680513E-02 -0.500000000    
          17           5  0.295403421       5.99778853E-02 -0.500000000    
          17           6  0.190355748       2.99250651E-02 -0.500000000    
          17           7  0.109243073       5.85458381E-03 -0.500000000    
          17           8   9.03590173E-02  -1.83678139E-02 -0.500000000    
          17           9   6.85934722E-02  -3.13039273E-02 -0.500000000    
          17          10  0.169581667      -3.18824453E-03 -0.500000000    
          17          11   8.80477801E-02   4.69361097E-02 -0.500000000    
          17          12  0.153284341       5.92804141E-02 -0.500000000    
          17          13   3.87171991E-02   6.58310903E-03 -0.500000000    
          17          14  0.153635457      -3.69449966E-02 -0.500000000    
          17          15  0.132440194      -4.49803434E-02 -0.500000000    
          17          16  0.220639035      -5.39752468E-02 -0.500000000    
          17          17  0.317505509      -9.53934267E-02 -0.500000000    
          17          18  0.238027304      -8.46418664E-02 -0.500000000    
          17          19  0.209425077      -3.50746252E-02 -0.500000000    
          17          20  0.176129624       2.95591149E-02 -0.500000000    
          17          21  0.253400356       9.33476835E-02 -0.500000000    
          17          22  0.293169230       9.40792859E-02 -0.500000000    
          17          23  0.244647637       1.98280700E-02 -0.500000000    
          17          24  0.135194555      -5.10202721E-02 -0.500000000    
          17          25  0.101080582      -6.23130575E-02 -0.500000000    
          17          26  0.115135670      -5.69951460E-02 -0.500000000    
          17          27   4.05734368E-02  -3.23585421E-02 -0.500000000    
          17          28  0.104267791      -1.50057458E-04 -0.500000000    
          17          29   6.19781762E-02   3.42455022E-02 -0.500000000    
          17          30   3.64941657E-02  -5.81619982E-03 -0.500000000    
          17          31   8.57778043E-02  -5.73312193E-02 -0.500000000    
          17          32  -4.21675891E-02 -0.101317249     -0.500000000    
          17          33 -0.188072920     -0.153614566     -0.500000000    
          18           1  0.153537735      -8.72700810E-02 -0.500000000    
          18           2  0.153295204      -5.84880449E-02 -0.500000000    
          18           3  0.176688135      -1.35486601E-02 -0.500000000    
          18           4  0.189648449       3.60993743E-02 -0.500000000    
          18           5  0.139129832       3.98271903E-02 -0.500000000    
          18           6   9.47488844E-02   1.44026820E-02 -0.500000000    
          18           7   8.05842280E-02  -1.45253097E-03 -0.500000000    
          18           8   1.00199664E-02  -1.12910997E-02 -0.500000000    
          18           9  -1.09046893E-02  -7.76713854E-03 -0.500000000    
          18          10  0.117612571       1.11146383E-02 -0.500000000    
          18          11   4.36410829E-02   3.70764323E-02 -0.500000000    
          18          12  0.143786758       4.47358005E-02 -0.500000000    
          18          13  0.127735361       1.52200162E-02 -0.500000000    
          18          14  0.176261246      -7.24906567E-03 -0.500000000    
          18          15  0.163455695      -4.41606343E-03 -0.500000000    
          18          16  0.233861491      -2.75537819E-02 -0.500000000    
          18          17  0.238505810      -8.46552327E-02 -0.500000000    
          18          18   2.62398757E-02  -9.66633707E-02 -0.500000000    
          18          19  -1.77653134E-02  -6.25980571E-02 -0.500000000    
          18          20   1.74729712E-02   1.78314168E-02 -0.500000000    
          18          21  0.262908161       8.22003707E-02 -0.500000000    
          18          22  0.144644603       8.70313942E-02 -0.500000000    
          18          23   4.07997221E-02   2.05903780E-02 -0.500000000    
          18          24   1.31581314E-02  -5.58487400E-02 -0.500000000    
          18          25  -5.37490174E-02  -7.42480531E-02 -0.500000000    
          18          26  -5.41628301E-02  -7.16222078E-02 -0.500000000    
          18          27 -0.117205516      -5.59880063E-02 -0.500000000    
          18          28  -7.05649555E-02  -1.96908209E-02 -0.500000000    
          18          29   8.11171532E-03   1.10666323E-02 -0.500000000    
          18          30   5.10187447E-02  -1.70856509E-02 -0.500000000    
          18          31   4.83184606E-02  -5.68053462E-02 -0.500000000    
          18          32  -1.53626064E-02  -9.59758908E-02 -0.500000000    
          18          33 -0.168724492     -0.136867464     -0.500000000    
          19           1  0.176917940      -4.34167683E-02 -0.500000000    
          19           2  0.155007005      -2.40381202E-03 -0.500000000    
          19           3  0.101347961       2.53661666E-02 -0.500000000    
          19           4   2.55657695E-02   3.58409286E-02 -0.500000000    
          19           5   3.77504900E-03   1.95104014E-02 -0.500000000    
          19           6   4.11823057E-02   1.19137997E-03 -0.500000000    
          19           7  0.114620581      -1.83144992E-03 -0.500000000    
          19           8  0.105822451      -2.76214210E-03 -0.500000000    
          19           9 -0.113183454       1.16595253E-02 -0.500000000    
          19          10  -7.43030086E-02   4.34267335E-02 -0.500000000    
          19          11   9.87029597E-02   6.84942752E-02 -0.500000000    
          19          12  0.244537398       6.27568290E-02 -0.500000000    
          19          13  0.135745123       3.89514416E-02 -0.500000000    
          19          14   4.96699251E-02   2.62725353E-02 -0.500000000    
          19          15   9.76365060E-02   2.45021135E-02 -0.500000000    
          19          16  0.289202839       7.11192796E-03 -0.500000000    
          19          17  0.209836498      -3.50753143E-02 -0.500000000    
          19          18  -1.74424723E-02  -6.25498891E-02 -0.500000000    
          19          19  -6.33295625E-03  -4.70414124E-02 -0.500000000    
          19          20   7.69432262E-02   8.47120490E-03 -0.500000000    
          19          21   8.05604458E-02   6.24462664E-02 -0.500000000    
          19          22   3.32715102E-02   7.69016072E-02 -0.500000000    
          19          23  -4.28276993E-02   3.39313708E-02 -0.500000000    
          19          24 -0.188591599      -2.93681175E-02 -0.500000000    
          19          25 -0.183725208      -6.90246299E-02 -0.500000000    
          19          26 -0.100251786      -6.14623465E-02 -0.500000000    
          19          27 -0.119925499      -4.34062183E-02 -0.500000000    
          19          28  -4.57572490E-02  -2.17376836E-02 -0.500000000    
          19          29  -1.86137985E-02  -4.34415322E-03 -0.500000000    
          19          30  -5.23893675E-03  -2.23937482E-02 -0.500000000    
          19          31  -3.33916955E-02  -4.68895137E-02 -0.500000000    
          19          32  -6.35896102E-02  -8.29492062E-02 -0.500000000    
          19          33 -0.101278514     -0.120172493     -0.500000000    
          20           1   7.67048523E-02  -8.51755589E-03 -0.500000000    
          20           2  0.208845884       4.05212119E-02 -0.500000000    
          20           3  0.212523803       6.74546584E-02 -0.500000000    
          20           4  0.112150714       4.64822613E-02 -0.500000000    
          20           5  -1.00187305E-03   1.61351636E-02 -0.500000000    
          20           6   5.19297309E-02  -1.25915641E-02 -0.500000000    
          20           7  0.181490570      -2.76352670E-02 -0.500000000    
          20           8  0.180391446      -7.81940948E-03 -0.500000000    
          20           9   7.23374337E-02   2.69731618E-02 -0.500000000    
          20          10   3.11213378E-02   7.89637640E-02 -0.500000000    
          20          11   4.97463532E-02  0.102974564     -0.500000000    
          20          12   4.94475365E-02   8.16369355E-02 -0.500000000    
          20          13  0.132345915       5.04929684E-02 -0.500000000    
          20          14   4.64582853E-02   3.01600993E-02 -0.500000000    
          20          15   9.65778455E-02   4.22832258E-02 -0.500000000    
          20          16  0.306509972       4.16550525E-02 -0.500000000    
          20          17  0.176252648       2.95675751E-02 -0.500000000    
          20          18   1.78818144E-02   1.78926215E-02 -0.500000000    
          20          19   7.69853964E-02   8.51843972E-03 -0.500000000    
          20          20   6.77380189E-02   3.33956033E-02 -0.500000000    
          20          21   4.95423004E-02   6.45845011E-02 -0.500000000    
          20          22   5.78670613E-02   6.89526722E-02 -0.500000000    
          20          23   6.86338097E-02   4.78773788E-02 -0.500000000    
          20          24  -6.76604360E-02   1.40141393E-03 -0.500000000    
          20          25  -6.08381890E-02  -3.30140665E-02 -0.500000000    
          20          26   3.16547751E-02  -3.82928438E-02 -0.500000000    
          20          27   5.22526866E-03  -3.71938236E-02 -0.500000000    
          20          28  -6.29760027E-02  -1.01492433E-02 -0.500000000    
          20          29  -6.87864348E-02   1.85578631E-03 -0.500000000    
          20          30  -1.41330156E-02   4.76022670E-03 -0.500000000    
          20          31   2.78363507E-02  -1.38303572E-02 -0.500000000    
          20          32  -3.27057317E-02  -6.35819212E-02 -0.500000000    
          20          33  -9.05901417E-02 -0.109524563     -0.500000000    
          21           1  0.172269419       6.41707447E-04 -0.500000000    
          21           2  0.303231925       5.44454306E-02 -0.500000000    
          21           3  0.363638490       9.06875283E-02 -0.500000000    
          21           4  0.269788742       6.04313128E-02 -0.500000000    
          21           5  0.246826723       1.04568386E-02 -0.500000000    
          21           6  0.259151489      -3.44921239E-02 -0.500000000    
          21           7  0.289198637      -6.16666451E-02 -0.500000000    
          21           8  0.268537432      -2.41492279E-02 -0.500000000    
          21           9  0.188350946       2.29485724E-02 -0.500000000    
          21          10  0.120320864       6.96839616E-02 -0.500000000    
          21          11   7.65262321E-02   8.60783309E-02 -0.500000000    
          21          12  -8.19274262E-02   6.54974803E-02 -0.500000000    
          21          13  -2.02447083E-02   5.34797050E-02 -0.500000000    
          21          14   4.75678928E-02   4.36804853E-02 -0.500000000    
          21          15  0.113340415       5.42185046E-02 -0.500000000    
          21          16  0.264142245       6.59544244E-02 -0.500000000    
          21          17  0.253459841       9.33500081E-02 -0.500000000    
          21          18  0.263139606       8.22270215E-02 -0.500000000    
          21          19   8.05270821E-02   6.24775179E-02 -0.500000000    
          21          20   4.95622866E-02   6.46025836E-02 -0.500000000    
          21          21  -3.92511450E-02   8.74646977E-02 -0.500000000    
          21          22  -1.42552843E-03   7.80026093E-02 -0.500000000    
          21          23   9.36684161E-02   4.64783497E-02 -0.500000000    
          21          24   7.59025738E-02   1.26624107E-02 -0.500000000    
          21          25  0.101678833      -2.28062067E-02 -0.500000000    
          21          26  0.129646793      -3.33874449E-02 -0.500000000    
          21          27   2.96943169E-03  -2.39823889E-02 -0.500000000    
          21          28  -2.72863451E-02   5.44594461E-03 -0.500000000    
          21          29   8.19129422E-02   2.24414952E-02 -0.500000000    
          21          30  0.165093154       3.65628973E-02 -0.500000000    
          21          31  0.124692574       5.02875028E-03 -0.500000000    
          21          32   8.94603436E-05  -7.05961585E-02 -0.500000000    
          21          33 -0.119987570     -0.127693444     -0.500000000    
          22           1  0.121436685      -3.30036040E-03 -0.500000000    
          22           2  0.132114440       4.65389937E-02 -0.500000000    
          22           3  0.220777899       8.06822032E-02 -0.500000000    
          22           4  0.188405499       4.22020890E-02 -0.500000000    
          22           5  0.124756053      -1.06179537E-02 -0.500000000    
          22           6  0.246784389      -4.78606634E-02 -0.500000000    
          22           7  0.336395800      -7.75177926E-02 -0.500000000    
          22           8  0.258576989      -6.17977679E-02 -0.500000000    
          22           9  0.227588877      -1.77425649E-02 -0.500000000    
          22          10   5.57564124E-02   3.43076661E-02 -0.500000000    
          22          11   5.41925430E-02   7.35477880E-02 -0.500000000    
          22          12  -4.73531112E-02   7.46935084E-02 -0.500000000    
          22          13  -2.85150968E-02   6.30599558E-02 -0.500000000    
          22          14   2.09736917E-02   5.73719516E-02 -0.500000000    
          22          15  0.129352301       4.58466075E-02 -0.500000000    
          22          16  0.156944305       5.54271266E-02 -0.500000000    
          22          17  0.293395251       9.40573066E-02 -0.500000000    
          22          18  0.144860372       8.70524868E-02 -0.500000000    
          22          19   3.31515484E-02   7.69223943E-02 -0.500000000    
          22          20   5.79520017E-02   6.89691976E-02 -0.500000000    
          22          21  -1.33580761E-03   7.80047178E-02 -0.500000000    
          22          22  -9.38796904E-04   7.20511377E-02 -0.500000000    
          22          23   1.43530099E-02   5.58300950E-02 -0.500000000    
          22          24   7.86645561E-02   1.57470945E-02 -0.500000000    
          22          25   4.21130359E-02  -2.30957530E-02 -0.500000000    
          22          26   8.84963647E-02  -3.44291702E-02 -0.500000000    
          22          27   7.82290027E-02  -7.87262525E-03 -0.500000000    
          22          28   5.94872907E-02   2.23735943E-02 -0.500000000    
          22          29   8.54345113E-02   1.62608940E-02 -0.500000000    
          22          30   9.65901911E-02   2.01659296E-02 -0.500000000    
          22          31  -1.98462466E-03  -1.94480810E-02 -0.500000000    
          22          32 -0.146308988      -9.81024057E-02 -0.500000000    
          22          33 -0.255397230     -0.154181302     -0.500000000    
          23           1   3.04512791E-02  -9.99589171E-03 -0.500000000    
          23           2   7.87645653E-02   1.44258011E-02 -0.500000000    
          23           3  0.117971741       1.69818420E-02 -0.500000000    
          23           4  0.105469413      -2.48069968E-02 -0.500000000    
          23           5   8.03740695E-02  -6.61467984E-02 -0.500000000    
          23           6  0.101875491      -8.43275189E-02 -0.500000000    
          23           7  0.197889671      -9.06830132E-02 -0.500000000    
          23           8  0.223614112      -7.29027092E-02 -0.500000000    
          23           9  0.336794406      -3.71071100E-02 -0.500000000    
          23          10  0.138913676       4.93455073E-03 -0.500000000    
          23          11   1.41385552E-02   5.19035459E-02 -0.500000000    
          23          12   1.60415731E-02   7.06087872E-02 -0.500000000    
          23          13   7.38255307E-02   5.74821793E-02 -0.500000000    
          23          14   7.02449903E-02   5.22211418E-02 -0.500000000    
          23          15   7.68807605E-02   1.92458816E-02 -0.500000000    
          23          16   8.04350525E-02   1.03344563E-02 -0.500000000    
          23          17  0.244688228       1.97732076E-02 -0.500000000    
          23          18   4.10513058E-02   2.05988754E-02 -0.500000000    
          23          19  -4.29098085E-02   3.39519531E-02 -0.500000000    
          23          20   6.87069222E-02   4.79031727E-02 -0.500000000    
          23          21   9.37725976E-02   4.65005487E-02 -0.500000000    
          23          22   1.44163566E-02   5.58453314E-02 -0.500000000    
          23          23  -9.26556587E-02   3.56533416E-02 -0.500000000    
          23          24   1.66451652E-02   6.69605215E-04 -0.500000000    
          23          25   7.23364279E-02  -1.74199194E-02 -0.500000000    
          23          26  0.150733799      -2.09713113E-02 -0.500000000    
          23          27  0.154940873      -1.68122724E-03 -0.500000000    
          23          28  0.102510981       5.94905624E-03 -0.500000000    
          23          29  0.139129251      -1.60218794E-02 -0.500000000    
          23          30  0.114097543      -2.62426641E-02 -0.500000000    
          23          31  0.111118615      -7.10506886E-02 -0.500000000    
          23          32   5.53357974E-02 -0.126186252     -0.500000000    
          23          33  -3.20172906E-02 -0.155199781     -0.500000000    
          24           1   4.00492102E-02  -5.60828857E-03 -0.500000000    
          24           2   4.48116288E-02  -5.80925355E-03 -0.500000000    
          24           3  -9.15824063E-03  -2.16166377E-02 -0.500000000    
          24           4   2.68718693E-02  -7.34151900E-02 -0.500000000    
          24           5  -2.34319773E-02 -0.113315172     -0.500000000    
          24           6   1.53201772E-02 -0.119968355     -0.500000000    
          24           7   4.53120023E-02 -0.102888927     -0.500000000    
          24           8   1.49165336E-02  -7.53444359E-02 -0.500000000    
          24           9  0.138653725      -3.95392589E-02 -0.500000000    
          24          10  0.149231657      -9.94502846E-03 -0.500000000    
          24          11  0.179600418       2.84608305E-02 -0.500000000    
          24          12  0.203084886       5.31865768E-02 -0.500000000    
          24          13  0.146108687       3.62720974E-02 -0.500000000    
          24          14  -6.11126563E-03   2.04235986E-02 -0.500000000    
          24          15  -7.09923282E-02  -8.16526916E-03 -0.500000000    
          24          16  0.110340036      -2.64400095E-02 -0.500000000    
          24          17  0.135071814      -5.10977581E-02 -0.500000000    
          24          18   1.33182062E-02  -5.58777675E-02 -0.500000000    
          24          19 -0.188629955      -2.93605216E-02 -0.500000000    
          24          20  -6.76172897E-02   1.41791196E-03 -0.500000000    
          24          21   7.59065226E-02   1.26932515E-02 -0.500000000    
          24          22   7.86731169E-02   1.57737397E-02 -0.500000000    
          24          23   1.66101120E-02   6.85755746E-04 -0.500000000    
          24          24   7.19828531E-02  -1.41433738E-02 -0.500000000    
          24          25  -1.48681141E-02  -1.41357714E-02 -0.500000000    
          24          26   4.82121594E-02  -2.54115704E-02 -0.500000000    
          24          27  0.126685709      -1.95879955E-02 -0.500000000    
          24          28  0.109929629      -2.81298254E-02 -0.500000000    
          24          29  0.103492357      -5.61010465E-02 -0.500000000    
          24          30  0.131056920      -6.85382634E-02 -0.500000000    
          24          31  0.159901157      -8.86907950E-02 -0.500000000    
          24          32  0.161264941     -0.116958603     -0.500000000    
          24          33  0.129057661     -0.134711221     -0.500000000    
          25           1   2.25655772E-02  -1.12103689E-02 -0.500000000    
          25           2  -2.22135838E-02  -9.14837699E-03 -0.500000000    
          25           3  -9.58047360E-02  -4.13094983E-02 -0.500000000    
          25           4  -9.43416730E-02  -9.92500186E-02 -0.500000000    
          25           5  -3.58814895E-02 -0.131107032     -0.500000000    
          25           6   2.40828772E-03 -0.136052981     -0.500000000    
          25           7  -4.73303162E-03 -0.115209445     -0.500000000    
          25           8  -3.26712430E-02  -8.78397524E-02 -0.500000000    
          25           9   6.14667609E-02  -5.25457971E-02 -0.500000000    
          25          10  0.167800695      -2.96363514E-02 -0.500000000    
          25          11  0.188335404       9.98484250E-03 -0.500000000    
          25          12  0.245901063       4.05901968E-02 -0.500000000    
          25          13  0.186674267       2.59096585E-02 -0.500000000    
          25          14  -5.42420298E-02  -1.94755998E-02 -0.500000000    
          25          15  -1.09663745E-02  -3.32534313E-02 -0.500000000    
          25          16  0.194663405      -3.95067781E-02 -0.500000000    
          25          17  0.101052426      -6.24093972E-02 -0.500000000    
          25          18  -5.36356010E-02  -7.43182600E-02 -0.500000000    
          25          19 -0.183844179      -6.90449625E-02 -0.500000000    
          25          20  -6.08099811E-02  -3.30249481E-02 -0.500000000    
          25          21  0.101760648      -2.27835365E-02 -0.500000000    
          25          22   4.21882011E-02  -2.30778754E-02 -0.500000000    
          25          23   7.22107738E-02  -1.74087174E-02 -0.500000000    
          25          24  -1.49709219E-02  -1.41319903E-02 -0.500000000    
          25          25  -5.41588664E-02  -2.30753087E-02 -0.500000000    
          25          26  -5.61765209E-02  -3.14199328E-02 -0.500000000    
          25          27   4.70809415E-02  -4.40328941E-02 -0.500000000    
          25          28   2.69587990E-02  -6.41260073E-02 -0.500000000    
          25          29   1.42700654E-02  -7.96992183E-02 -0.500000000    
          25          30   3.27646732E-04  -6.70425147E-02 -0.500000000    
          25          31   1.52657693E-02  -5.47104403E-02 -0.500000000    
          25          32   6.17381744E-02  -6.19687699E-02 -0.500000000    
          25          33   8.36526304E-02  -7.73746073E-02 -0.500000000    
          26           1   6.30859584E-02   4.11462449E-02 -0.500000000    
          26           2   7.53295571E-02   4.19362932E-02 -0.500000000    
          26           3  0.112502508       9.55913030E-03 -0.500000000    
          26           4   5.73569573E-02  -7.50747621E-02 -0.500000000    
          26           5  -4.09060717E-03 -0.127682075     -0.500000000    
          26           6  -1.09986318E-02 -0.142015234     -0.500000000    
          26           7  -1.43079087E-02 -0.130631864     -0.500000000    
          26           8  -9.43873525E-02 -0.110043600     -0.500000000    
          26           9   2.05240604E-02  -9.08585116E-02 -0.500000000    
          26          10  0.227233216      -6.28888533E-02 -0.500000000    
          26          11  0.249534771      -1.90447606E-02 -0.500000000    
          26          12  0.135448411       1.54811507E-02 -0.500000000    
          26          13  0.176778346       1.05881682E-02 -0.500000000    
          26          14  -6.29669279E-02  -2.85315923E-02 -0.500000000    
          26          15   8.02763030E-02  -3.93722914E-02 -0.500000000    
          26          16  0.200845569      -4.09180559E-02 -0.500000000    
          26          17  0.115139388      -5.70983328E-02 -0.500000000    
          26          18  -5.41228205E-02  -7.17330873E-02 -0.500000000    
          26          19 -0.100420445      -6.15261048E-02 -0.500000000    
          26          20   3.16915289E-02  -3.83462124E-02 -0.500000000    
          26          21  0.129739702      -3.33934911E-02 -0.500000000    
          26          22   8.84658545E-02  -3.44127975E-02 -0.500000000    
          26          23  0.150719538      -2.09392123E-02 -0.500000000    
          26          24   4.83598933E-02  -2.53948886E-02 -0.500000000    
          26          25  -5.60107566E-02  -3.14255916E-02 -0.500000000    
          26          26 -0.106101677      -4.75055724E-02 -0.500000000    
          26          27   4.29575853E-02  -7.68602416E-02 -0.500000000    
          26          28  -8.00170563E-03  -8.44230503E-02 -0.500000000    
          26          29  -1.84296258E-02  -6.91793486E-02 -0.500000000    
          26          30  0.119130075      -2.70085465E-02 -0.500000000    
          26          31  0.180089667       1.25166895E-02 -0.500000000    
          26          32  0.108210646       1.24588758E-02 -0.500000000    
          26          33   7.99966082E-02   1.18172099E-03 -0.500000000    
          27           1   9.84973609E-02  0.107596710     -0.500000000    
          27           2  0.203055725      0.108698972     -0.500000000    
          27           3  0.301371992       7.36657009E-02 -0.500000000    
          27           4  0.215214074       1.19110383E-02 -0.500000000    
          27           5   8.46053213E-02  -4.76899855E-02 -0.500000000    
          27           6   2.89542601E-04 -0.109300956     -0.500000000    
          27           7  -4.39788401E-02 -0.142046958     -0.500000000    
          27           8  -6.99267015E-02 -0.129363179     -0.500000000    
          27           9   2.90332250E-02 -0.109797716     -0.500000000    
          27          10  0.199681073      -7.27559328E-02 -0.500000000    
          27          11  0.270873904      -3.28529701E-02 -0.500000000    
          27          12  0.131488368      -1.00654103E-02 -0.500000000    
          27          13   8.90502259E-02  -1.49704507E-02 -0.500000000    
          27          14  -6.73819631E-02  -2.68716570E-02 -0.500000000    
          27          15   2.43149921E-02  -1.98715460E-02 -0.500000000    
          27          16   7.33199790E-02  -1.20404260E-02 -0.500000000    
          27          17   4.05454785E-02  -3.24218534E-02 -0.500000000    
          27          18 -0.117218778      -5.60985468E-02 -0.500000000    
          27          19 -0.120021902      -4.35055047E-02 -0.500000000    
          27          20   5.34168957E-03  -3.72800864E-02 -0.500000000    
          27          21   3.06582171E-03  -2.39988361E-02 -0.500000000    
          27          22   7.83201233E-02  -7.83139933E-03 -0.500000000    
          27          23  0.155137748      -1.61191728E-03 -0.500000000    
          27          24  0.127000451      -1.95635855E-02 -0.500000000    
          27          25   4.72763963E-02  -4.40585651E-02 -0.500000000    
          27          26   4.30224314E-02  -7.68901631E-02 -0.500000000    
          27          27   6.40892684E-02  -9.05271694E-02 -0.500000000    
          27          28   2.72705592E-02  -6.32648319E-02 -0.500000000    
          27          29   4.68353853E-02  -2.39804033E-02 -0.500000000    
          27          30  0.174227163       2.98678502E-02 -0.500000000    
          27          31  0.193813309       8.64452645E-02 -0.500000000    
          27          32   7.31110275E-02   9.96881872E-02 -0.500000000    
          27          33  -7.67250806E-02   8.65432844E-02 -0.500000000    
          28           1   5.85467741E-02  0.137696937     -0.500000000    
          28           2  0.221773803      0.138217062     -0.500000000    
          28           3  0.172632754      0.109909363     -0.500000000    
          28           4  0.119646937       4.58021238E-02 -0.500000000    
          28           5   6.40144572E-02   6.35439157E-03 -0.500000000    
          28           6  0.106263101      -5.74641638E-02 -0.500000000    
          28           7   6.39765784E-02 -0.125450730     -0.500000000    
          28           8  -5.94930612E-02 -0.143904567     -0.500000000    
          28           9   7.01648928E-03 -0.134626135     -0.500000000    
          28          10   5.13532311E-02  -8.90774354E-02 -0.500000000    
          28          11  0.147919178      -4.95725647E-02 -0.500000000    
          28          12   8.63090158E-02  -3.19846347E-02 -0.500000000    
          28          13  -1.11386133E-03  -2.01583225E-02 -0.500000000    
          28          14  -1.46048609E-03  -7.83062261E-03 -0.500000000    
          28          15  0.105738834       1.75414160E-02 -0.500000000    
          28          16   6.65506721E-02   3.50725986E-02 -0.500000000    
          28          17  0.104193337      -1.67525461E-04 -0.500000000    
          28          18  -7.06035122E-02  -1.97746791E-02 -0.500000000    
          28          19  -4.58489321E-02  -2.18404215E-02 -0.500000000    
          28          20  -6.29495159E-02  -1.02314865E-02 -0.500000000    
          28          21  -2.70874966E-02   5.43275010E-03 -0.500000000    
          28          22   5.97823486E-02   2.24212650E-02 -0.500000000    
          28          23  0.102767423       6.01830892E-03 -0.500000000    
          28          24  0.110190205      -2.81097703E-02 -0.500000000    
          28          25   2.71099638E-02  -6.41670004E-02 -0.500000000    
          28          26  -7.98223726E-03  -8.44746158E-02 -0.500000000    
          28          27   2.71153152E-02  -6.32823929E-02 -0.500000000    
          28          28  0.112179883      -1.98186431E-02 -0.500000000    
          28          29  0.187454075       1.82832237E-02 -0.500000000    
          28          30  0.285213470       7.70907849E-02 -0.500000000    
          28          31  0.277074069      0.130868673     -0.500000000    
          28          32  0.141799748      0.139089435     -0.500000000    
          28          33   2.30861586E-02  0.139412507     -0.500000000    
          29           1   4.22125012E-02  0.153487563     -0.500000000    
          29           2  0.197811931      0.150940388     -0.500000000    
          29           3  0.150598928      0.126369610     -0.500000000    
          29           4   9.25198048E-02   6.26370758E-02 -0.500000000    
          29           5  0.107571170       1.09262327E-02 -0.500000000    
          29           6   8.66469294E-02  -4.80748713E-02 -0.500000000    
          29           7   5.11478297E-02 -0.120330267     -0.500000000    
          29           8   1.37831215E-02 -0.160789564     -0.500000000    
          29           9  0.104763977     -0.156397343     -0.500000000    
          29          10  0.110732414     -0.114412010     -0.500000000    
          29          11  0.127525017      -6.39880076E-02 -0.500000000    
          29          12  0.113463208      -4.83886749E-02 -0.500000000    
          29          13   3.25836390E-02  -2.68820301E-02 -0.500000000    
          29          14   1.19248051E-02  -3.79094970E-03 -0.500000000    
          29          15  0.179482251       3.96857299E-02 -0.500000000    
          29          16   8.53240266E-02   7.45188296E-02 -0.500000000    
          29          17   6.18784912E-02   3.42648923E-02 -0.500000000    
          29          18   8.09109397E-03   1.10141784E-02 -0.500000000    
          29          19  -1.87449753E-02  -4.43483749E-03 -0.500000000    
          29          20  -6.87728226E-02   1.78714283E-03 -0.500000000    
          29          21   8.22760314E-02   2.24210229E-02 -0.500000000    
          29          22   8.57090205E-02   1.62896086E-02 -0.500000000    
          29          23  0.139288500      -1.59835536E-02 -0.500000000    
          29          24  0.103734918      -5.61100170E-02 -0.500000000    
          29          25   1.44484453E-02  -7.97599703E-02 -0.500000000    
          29          26  -1.85805559E-02  -6.92144111E-02 -0.500000000    
          29          27   4.64130491E-02  -2.39759795E-02 -0.500000000    
          29          28  0.187107578       1.82868913E-02 -0.500000000    
          29          29  0.395912826       6.13500103E-02 -0.500000000    
          29          30  0.458149642      0.119611599     -0.500000000    
          29          31  0.296061426      0.164945036     -0.500000000    
          29          32   6.66725412E-02  0.164021179     -0.500000000    
          29          33   3.20817418E-02  0.156704575     -0.500000000    
          30           1   9.08345729E-02  0.116229601     -0.500000000    
          30           2   5.14623113E-02  0.123182803     -0.500000000    
          30           3   5.85409813E-02  0.100990549     -0.500000000    
          30           4   5.78317158E-02   5.17364033E-02 -0.500000000    
          30           5   5.48697598E-02   1.05558075E-02 -0.500000000    
          30           6   4.50466089E-02  -4.26244140E-02 -0.500000000    
          30           7   1.78471953E-02  -8.77478495E-02 -0.500000000    
          30           8   2.60488428E-02 -0.135179847     -0.500000000    
          30           9   9.41136181E-02 -0.152422890     -0.500000000    
          30          10  0.145532370     -0.113162585     -0.500000000    
          30          11  0.125989392      -5.52329570E-02 -0.500000000    
          30          12  0.129746929      -2.04594322E-02 -0.500000000    
          30          13   7.98776522E-02  -2.68694991E-03 -0.500000000    
          30          14   8.78387596E-04  -8.80920503E-04 -0.500000000    
          30          15  0.164398149       2.53631473E-02 -0.500000000    
          30          16  0.140520275       3.11610922E-02 -0.500000000    
          30          17   3.64056453E-02  -5.76337054E-03 -0.500000000    
          30          18   5.10030687E-02  -1.70995835E-02 -0.500000000    
          30          19  -5.39721362E-03  -2.24704836E-02 -0.500000000    
          30          20  -1.40931103E-02   4.68908530E-03 -0.500000000    
          30          21  0.165374368       3.65255252E-02 -0.500000000    
          30          22   9.67528298E-02   2.01657452E-02 -0.500000000    
          30          23  0.114265837      -2.62455586E-02 -0.500000000    
          30          24  0.131317049      -6.85738474E-02 -0.500000000    
          30          25   3.96907795E-04  -6.70833215E-02 -0.500000000    
          30          26  0.118662119      -2.70008761E-02 -0.500000000    
          30          27  0.173716083       2.99016256E-02 -0.500000000    
          30          28  0.285147905       7.71301389E-02 -0.500000000    
          30          29  0.458662778      0.119670212     -0.500000000    
          30          30  0.397144556      0.163593620     -0.500000000    
          30          31  0.141442344      0.185924411     -0.500000000    
          30          32   5.95980547E-02  0.159212485     -0.500000000    
          30          33   4.42248769E-02  0.143733963     -0.500000000    
          31           1  0.274032891       7.57402182E-02 -0.500000000    
          31           2  0.201291010       8.71980414E-02 -0.500000000    
          31           3  0.121329427       7.11844936E-02 -0.500000000    
          31           4  0.184550270       3.91557738E-02 -0.500000000    
          31           5  0.162606835       2.18104385E-02 -0.500000000    
          31           6   1.24417339E-02  -3.70483752E-03 -0.500000000    
          31           7   1.64935011E-02  -3.49722244E-02 -0.500000000    
          31           8   4.00972478E-02  -8.48771557E-02 -0.500000000    
          31           9   7.67064989E-02 -0.129796341     -0.500000000    
          31          10  0.138538495     -0.111650005     -0.500000000    
          31          11   5.64696305E-02  -6.59993067E-02 -0.500000000    
          31          12   8.81500095E-02  -1.39118349E-02 -0.500000000    
          31          13  0.157322720       7.94542430E-04 -0.500000000    
          31          14   1.80332549E-02  -8.12305138E-03 -0.500000000    
          31          15  0.144848511      -1.54774925E-02 -0.500000000    
          31          16  0.154086575      -3.26355584E-02 -0.500000000    
          31          17   8.57208967E-02  -5.72663024E-02 -0.500000000    
          31          18   4.82952148E-02  -5.67929484E-02 -0.500000000    
          31          19  -3.35099883E-02  -4.69626449E-02 -0.500000000    
          31          20   2.78014466E-02  -1.39089096E-02 -0.500000000    
          31          21  0.124781236       4.97938460E-03 -0.500000000    
          31          22  -1.88928097E-03  -1.94783136E-02 -0.500000000    
          31          23  0.111305416      -7.10953325E-02 -0.500000000    
          31          24  0.160199374      -8.87344852E-02 -0.500000000    
          31          25   1.50897289E-02  -5.47100268E-02 -0.500000000    
          31          26  0.179805234       1.25575876E-02 -0.500000000    
          31          27  0.193827361       8.65246281E-02 -0.500000000    
          31          28  0.277669311      0.130977780     -0.500000000    
          31          29  0.297200918      0.165096313     -0.500000000    
          31          30  0.142064378      0.186049014     -0.500000000    
          31          31  0.125178054      0.168010488     -0.500000000    
          31          32  0.223490268      0.139314517     -0.500000000    
          31          33  0.385928601      0.119024873     -0.500000000    
          32           1  0.626847982       1.47059588E-02 -0.500000000    
          32           2  0.670828700       2.10995805E-02 -0.500000000    
          32           3  0.686211765       1.57960635E-02 -0.500000000    
          32           4  0.594861746       3.08542699E-03 -0.500000000    
          32           5  0.450326741       5.36216656E-03 -0.500000000    
          32           6  0.160580471      -1.80336437E-03 -0.500000000    
          32           7  0.153577447      -1.43943289E-02 -0.500000000    
          32           8  0.180160552      -6.24032505E-02 -0.500000000    
          32           9  0.119047016     -0.106832780     -0.500000000    
          32          10   8.12468901E-02 -0.113716215     -0.500000000    
          32          11  -2.01277211E-02  -8.45616236E-02 -0.500000000    
          32          12   5.76434806E-02  -3.30800153E-02 -0.500000000    
          32          13  0.230273306      -1.31548438E-02 -0.500000000    
          32          14  0.102290794      -3.39758806E-02 -0.500000000    
          32          15  0.140810683      -6.56733066E-02 -0.500000000    
          32          16   7.65735358E-02  -8.43894482E-02 -0.500000000    
          32          17  -4.22695279E-02 -0.101252772     -0.500000000    
          32          18  -1.53330974E-02  -9.59595740E-02 -0.500000000    
          32          19  -6.36066645E-02  -8.30278918E-02 -0.500000000    
          32          20  -3.28726843E-02  -6.36603460E-02 -0.500000000    
          32          21  -3.37080564E-07  -7.06535429E-02 -0.500000000    
          32          22 -0.146283090      -9.81584638E-02 -0.500000000    
          32          23   5.55730090E-02 -0.126258492     -0.500000000    
          32          24  0.161603913     -0.116992719     -0.500000000    
          32          25   6.14818111E-02  -6.19346537E-02 -0.500000000    
          32          26  0.108397812       1.25414748E-02 -0.500000000    
          32          27   7.36571178E-02   9.98087600E-02 -0.500000000    
          32          28  0.142645076      0.139240816     -0.500000000    
          32          29   6.76393658E-02  0.164225295     -0.500000000    
          32          30   6.04355559E-02  0.159440085     -0.500000000    
          32          31  0.224211708      0.139456257     -0.500000000    
          32          32  0.537079394      0.113458112     -0.500000000    
          32          33  0.695404649       8.85377824E-02 -0.500000000    
          33           1  0.809129655      -2.93354280E-02 -0.500000000    
          33           2  0.975904167      -2.30351016E-02 -0.500000000    
          33           3  0.926268518      -1.44042466E-02 -0.500000000    
          33           4  0.797196388      -1.19991433E-02 -0.500000000    
          33           5  0.547248900       3.64910881E-03 -0.500000000    
          33           6  0.321891546      -5.15528582E-03 -0.500000000    
          33           7  0.449239284      -2.23670453E-02 -0.500000000    
          33           8  0.275969446      -4.98073660E-02 -0.500000000    
          33           9  0.110254303      -9.71473828E-02 -0.500000000    
          33          10   1.75410546E-02 -0.108066723     -0.500000000    
          33          11  -2.82331854E-02  -9.17433426E-02 -0.500000000    
          33          12   6.76134825E-02  -4.25082669E-02 -0.500000000    
          33          13  0.253076345      -1.76819935E-02 -0.500000000    
          33          14  0.159911469      -5.38615957E-02 -0.500000000    
          33          15  0.263013750      -9.87049192E-02 -0.500000000    
          33          16  -5.14846593E-02 -0.130733222     -0.500000000    
          33          17 -0.188168898     -0.153554529     -0.500000000    
          33          18 -0.168616146     -0.136850983     -0.500000000    
          33          19 -0.101199791     -0.120256156     -0.500000000    
          33          20  -9.09213722E-02 -0.109591916     -0.500000000    
          33          21 -0.120295882     -0.127755478     -0.500000000    
          33          22 -0.255432934     -0.154253617     -0.500000000    
          33          23  -3.17041352E-02 -0.155282199     -0.500000000    
          33          24  0.129444942     -0.134738922     -0.500000000    
          33          25   8.34364891E-02  -7.73235410E-02 -0.500000000    
          33          26   8.04939717E-02   1.29585201E-03 -0.500000000    
          33          27  -7.59362951E-02   8.66725296E-02 -0.500000000    
          33          28   2.38908958E-02  0.139576390     -0.500000000    
          33          29   3.30251604E-02  0.156942680     -0.500000000    
          33          30   4.56476286E-02  0.144024283     -0.500000000    
          33          31  0.387425601      0.119199611     -0.500000000    
          33          32  0.695836127       8.85661319E-02 -0.500000000    
          33          33  0.832870960       7.92157874E-02 -0.500000000    
