           1           1  0.595049083      -4.08218205E-02 -0.500000000    
           1           2  0.393605798      -2.91267969E-02 -0.500000000    
           1           3  0.284052432      -5.78176789E-02 -0.500000000    
           1           4  0.147501916     -0.113538072     -0.500000000    
           1           5   9.29594692E-03 -0.132002681     -0.500000000    
           1           6  -6.36929497E-02  -9.58214849E-02 -0.500000000    
           1           7   5.81952110E-02  -2.15128586E-02 -0.500000000    
           1           8  0.206653148       4.18692231E-02 -0.500000000    
           1           9  0.150889814       7.77128786E-02 -0.500000000    
           1          10  0.229897529       7.22038746E-02 -0.500000000    
           1          11  0.168487981       5.80570512E-02 -0.500000000    
           1          12  0.141754434       6.94020241E-02 -0.500000000    
           1          13  0.194479719      0.120724216     -0.500000000    
           1          14  0.109775618      0.157160670     -0.500000000    
           1          15  -4.18137386E-02  0.171113014     -0.500000000    
           1          16  -2.24459656E-02  0.139997050     -0.500000000    
           1          17  -1.02710128E-02  0.108680464     -0.500000000    
           1          18  -9.66473594E-02  0.105267294     -0.500000000    
           1          19 -0.156752825      0.101607680     -0.500000000    
           1          20  -1.23593062E-02   7.52243400E-02 -0.500000000    
           1          21   4.22014296E-02   6.13286048E-02 -0.500000000    
           1          22  0.121377498       8.26976225E-02 -0.500000000    
           1          23  0.123282149       7.15988949E-02 -0.500000000    
           1          24  0.124546275       5.63368239E-02 -0.500000000    
           1          25   3.82775888E-02   4.66535091E-02 -0.500000000    
           1          26  0.163716331       5.39511268E-04 -0.500000000    
           1          27  0.153895631      -6.58586770E-02 -0.500000000    
           1          28  0.148305625     -0.127282649     -0.500000000    
           1          29   8.26447830E-02 -0.145180166     -0.500000000    
           1          30 -0.129827946      -8.91323909E-02 -0.500000000    
           1          31 -0.181791753       1.36410892E-02 -0.500000000    
           1          32  -5.89283556E-02   7.46348351E-02 -0.500000000    
           1          33  0.183831751      0.122186266     -0.500000000    
           2           1  0.393116385      -2.91146040E-02 -0.500000000    
           2           2  0.369720876      -4.79334965E-03 -0.500000000    
           2           3  0.253246784      -2.34002750E-02 -0.500000000    
           2           4  0.126826882      -6.39404207E-02 -0.500000000    
           2           5   3.60886101E-04  -6.78564906E-02 -0.500000000    
           2           6  -8.43874961E-02  -3.95314544E-02 -0.500000000    
           2           7   9.27709714E-02   2.75219046E-02 -0.500000000    
           2           8  0.357419729       8.42817873E-02 -0.500000000    
           2           9  0.229661897      0.116909452     -0.500000000    
           2          10   8.64202082E-02  0.102848575     -0.500000000    
           2          11  0.246095851       8.81643891E-02 -0.500000000    
           2          12  0.234195292       8.41151327E-02 -0.500000000    
           2          13  0.161825240      0.108607799     -0.500000000    
           2          14  0.127879873      0.141204983     -0.500000000    
           2          15   7.16597363E-02  0.139063820     -0.500000000    
           2          16   6.13066331E-02  0.119528435     -0.500000000    
           2          17   5.99129051E-02   9.08430368E-02 -0.500000000    
           2          18  0.115487412       7.01393485E-02 -0.500000000    
           2          19   4.46125269E-02   7.68288821E-02 -0.500000000    
           2          20   6.56923801E-02   7.34084696E-02 -0.500000000    
           2          21   5.89397140E-02   7.77728260E-02 -0.500000000    
           2          22  0.172187537      0.122027844     -0.500000000    
           2          23  0.113852933      0.118432328     -0.500000000    
           2          24  0.112856805      0.116396323     -0.500000000    
           2          25   7.52822459E-02  0.112697072     -0.500000000    
           2          26   9.81564745E-02   7.71312490E-02 -0.500000000    
           2          27   5.82908243E-02   1.00059323E-02 -0.500000000    
           2          28   2.49211453E-02  -5.29373512E-02 -0.500000000    
           2          29  -2.93952879E-04  -8.49054232E-02 -0.500000000    
           2          30  -3.26475874E-02  -6.25859797E-02 -0.500000000    
           2          31  -6.72230944E-02   2.03810502E-02 -0.500000000    
           2          32   6.65063411E-02   6.80360198E-02 -0.500000000    
           2          33  0.204200253      0.106056482     -0.500000000    
           3           1  0.283161461      -5.78364953E-02 -0.500000000    
           3           2  0.252891421      -2.34223306E-02 -0.500000000    
           3           3  0.202911645      -2.31342390E-02 -0.500000000    
           3           4  0.142137349      -2.58584805E-02 -0.500000000    
           3           5   1.51853375E-02   8.09681442E-05 -0.500000000    
           3           6  -2.59477589E-02   3.71908769E-02 -0.500000000    
           3           7   8.40421692E-02   9.67725590E-02 -0.500000000    
           3           8  0.313918382      0.133186609     -0.500000000    
           3           9  0.110594578      0.142459020     -0.500000000    
           3          10   3.05708405E-03  0.117653832     -0.500000000    
           3          11  0.155697957       8.58399644E-02 -0.500000000    
           3          12  0.119187936       6.70249313E-02 -0.500000000    
           3          13  0.108088285       8.26673731E-02 -0.500000000    
           3          14  0.199412823      0.110916197     -0.500000000    
           3          15  0.247124597      0.121566616     -0.500000000    
           3          16   7.90463313E-02  0.111081697     -0.500000000    
           3          17   8.55104923E-02   8.30604061E-02 -0.500000000    
           3          18  0.246939048       5.10275699E-02 -0.500000000    
           3          19  0.205653936       5.65909632E-02 -0.500000000    
           3          20  0.122265227       7.46958777E-02 -0.500000000    
           3          21   6.88159168E-02   9.17919427E-02 -0.500000000    
           3          22  0.193609580      0.137659922     -0.500000000    
           3          23   7.60055780E-02  0.146733329     -0.500000000    
           3          24   4.61625382E-02  0.142004326     -0.500000000    
           3          25   2.52580717E-02  0.154286295     -0.500000000    
           3          26   4.96733338E-02  0.141619310     -0.500000000    
           3          27   6.22891774E-03  0.100275934     -0.500000000    
           3          28   2.01914404E-02   4.46113199E-02 -0.500000000    
           3          29   3.77273001E-02  -2.02465281E-02 -0.500000000    
           3          30   3.44643407E-02  -5.20654805E-02 -0.500000000    
           3          31  0.106119536      -1.23715224E-02 -0.500000000    
           3          32  0.191624448       1.66104008E-02 -0.500000000    
           3          33  0.255415380       4.05419618E-02 -0.500000000    
           4           1  0.146730334     -0.113542818     -0.500000000    
           4           2  0.126460627      -6.39476106E-02 -0.500000000    
           4           3  0.142080978      -2.58557256E-02 -0.500000000    
           4           4  0.198658049       8.15137103E-03 -0.500000000    
           4           5  0.185878843       5.20985834E-02 -0.500000000    
           4           6  0.102338694       9.67340693E-02 -0.500000000    
           4           7  0.159393638      0.137365729     -0.500000000    
           4           8  0.219324395      0.160647467     -0.500000000    
           4           9  0.219510540      0.162455201     -0.500000000    
           4          10  0.113018900      0.145128012     -0.500000000    
           4          11   3.92148457E-02   8.99892673E-02 -0.500000000    
           4          12   6.81206957E-02   5.57093918E-02 -0.500000000    
           4          13   7.09028989E-02   5.10798581E-02 -0.500000000    
           4          14  0.179276243       7.07052425E-02 -0.500000000    
           4          15  0.216837764      0.101837710     -0.500000000    
           4          16   9.97472107E-02  0.104695164     -0.500000000    
           4          17   5.62440045E-03   8.64264444E-02 -0.500000000    
           4          18  0.186987787       6.20722659E-02 -0.500000000    
           4          19  0.170818210       4.67483215E-02 -0.500000000    
           4          20  0.140225187       5.92943989E-02 -0.500000000    
           4          21  0.131164014       8.16881880E-02 -0.500000000    
           4          22  0.175863206      0.135425910     -0.500000000    
           4          23  0.126663849      0.169900283     -0.500000000    
           4          24  0.131773070      0.170333043     -0.500000000    
           4          25  -6.26383126E-02  0.177969560     -0.500000000    
           4          26   6.91461191E-02  0.181753591     -0.500000000    
           4          27   5.79542480E-02  0.165472269     -0.500000000    
           4          28  0.116080143      0.115996458     -0.500000000    
           4          29  0.152576476       3.74065265E-02 -0.500000000    
           4          30  0.104688101      -3.16960141E-02 -0.500000000    
           4          31  0.149186686      -4.07174192E-02 -0.500000000    
           4          32  0.280684531      -4.73495722E-02 -0.500000000    
           4          33  0.334449798      -5.28792106E-02 -0.500000000    
           5           1   9.02621262E-03 -0.131958336     -0.500000000    
           5           2   4.18842654E-04  -6.78224564E-02 -0.500000000    
           5           3   1.55001739E-02   1.19583048E-04 -0.500000000    
           5           4  0.186261147       5.21398559E-02 -0.500000000    
           5           5  0.214877680       8.90639797E-02 -0.500000000    
           5           6  0.139359295      0.120758116     -0.500000000    
           5           7   3.70896235E-02  0.151913494     -0.500000000    
           5           8   6.16081767E-02  0.161289379     -0.500000000    
           5           9  0.147413045      0.175359428     -0.500000000    
           5          10   6.50603697E-02  0.152132913     -0.500000000    
           5          11   3.50986840E-03  0.115457542     -0.500000000    
           5          12   6.74625933E-02   6.61333054E-02 -0.500000000    
           5          13   7.12151602E-02   3.42671089E-02 -0.500000000    
           5          14  0.108613119       5.29790185E-02 -0.500000000    
           5          15  0.137288958       8.69700313E-02 -0.500000000    
           5          16  0.150876909       9.93432924E-02 -0.500000000    
           5          17  0.107259922       8.02209228E-02 -0.500000000    
           5          18   3.91323715E-02   5.97060882E-02 -0.500000000    
           5          19  0.123385340       3.70018296E-02 -0.500000000    
           5          20  0.167148501       4.86223847E-02 -0.500000000    
           5          21  0.164798275       8.23776126E-02 -0.500000000    
           5          22  0.202302501      0.143600047     -0.500000000    
           5          23  0.155414999      0.190658927     -0.500000000    
           5          24   6.34864122E-02  0.187987268     -0.500000000    
           5          25 -0.100709654      0.176667243     -0.500000000    
           5          26  -2.81992927E-02  0.194255665     -0.500000000    
           5          27   6.17922097E-02  0.186969161     -0.500000000    
           5          28  0.184696168      0.154450148     -0.500000000    
           5          29  0.208591014       8.59875679E-02 -0.500000000    
           5          30  0.120891251       2.27290504E-02 -0.500000000    
           5          31  0.166072711      -5.32699330E-03 -0.500000000    
           5          32  0.262009233      -2.66855471E-02 -0.500000000    
           5          33  0.394432992      -5.11726849E-02 -0.500000000    
           6           1  -6.35462627E-02  -9.57586393E-02 -0.500000000    
           6           2  -8.39903802E-02  -3.94921042E-02 -0.500000000    
           6           3  -2.55409814E-02   3.72354314E-02 -0.500000000    
           6           4  0.102854341       9.67869908E-02 -0.500000000    
           6           5  0.139640123      0.120777398     -0.500000000    
           6           6  0.108947076      0.135757953     -0.500000000    
           6           7   2.93581188E-02  0.144488394     -0.500000000    
           6           8   2.43141828E-03  0.154156610     -0.500000000    
           6           9  -2.38304865E-02  0.170166343     -0.500000000    
           6          10  -1.48991421E-02  0.164181247     -0.500000000    
           6          11  -1.24359671E-02  0.151438177     -0.500000000    
           6          12   6.84877038E-02   9.57441106E-02 -0.500000000    
           6          13   7.58532509E-02   4.96332720E-02 -0.500000000    
           6          14  0.128481120       5.62847927E-02 -0.500000000    
           6          15  0.180579633       8.54069516E-02 -0.500000000    
           6          16  0.151699871       9.80087444E-02 -0.500000000    
           6          17  0.124481134       9.06205699E-02 -0.500000000    
           6          18   1.39012858E-02   6.82886615E-02 -0.500000000    
           6          19   5.09756058E-02   4.23289761E-02 -0.500000000    
           6          20   9.80502218E-02   4.39893641E-02 -0.500000000    
           6          21  0.150702015       8.68549198E-02 -0.500000000    
           6          22  0.241084754      0.147690892     -0.500000000    
           6          23  0.344551712      0.213594332     -0.500000000    
           6          24   5.86901791E-02  0.207193300     -0.500000000    
           6          25  -4.10690457E-02  0.194623724     -0.500000000    
           6          26  -4.43335511E-02  0.204383194     -0.500000000    
           6          27   4.25813487E-03  0.205973446     -0.500000000    
           6          28   7.66820610E-02  0.186895579     -0.500000000    
           6          29  0.105071522      0.141001269     -0.500000000    
           6          30   7.25178048E-02   9.48294476E-02 -0.500000000    
           6          31  0.115993060       6.88529909E-02 -0.500000000    
           6          32  0.198228091       5.03749624E-02 -0.500000000    
           6          33  0.303242147       3.42845172E-02 -0.500000000    
           7           1   5.84950075E-02  -2.13589221E-02 -0.500000000    
           7           2   9.33045894E-02   2.76434068E-02 -0.500000000    
           7           3   8.44188780E-02   9.68726277E-02 -0.500000000    
           7           4  0.159653857      0.137454897     -0.500000000    
           7           5   3.73641998E-02  0.151958033     -0.500000000    
           7           6   2.95222253E-02  0.144489974     -0.500000000    
           7           7  -8.41822773E-02  0.143494248     -0.500000000    
           7           8  -4.00616713E-02  0.147249565     -0.500000000    
           7           9  -2.48299111E-02  0.149112806     -0.500000000    
           7          10   5.77554405E-02  0.161437407     -0.500000000    
           7          11  -1.62137486E-02  0.152191028     -0.500000000    
           7          12  -4.79527516E-03  0.115387671     -0.500000000    
           7          13   1.75899118E-02   8.40056986E-02 -0.500000000    
           7          14  0.152809545       7.33701140E-02 -0.500000000    
           7          15  0.213331223       8.42978880E-02 -0.500000000    
           7          16  0.213522494       9.44901258E-02 -0.500000000    
           7          17  0.167088136       9.55771431E-02 -0.500000000    
           7          18  0.128355473       6.87432885E-02 -0.500000000    
           7          19  0.169561997       5.33969440E-02 -0.500000000    
           7          20   9.06352997E-02   5.99549189E-02 -0.500000000    
           7          21  0.115633123      0.100087561     -0.500000000    
           7          22  0.160677433      0.149955690     -0.500000000    
           7          23  0.378209442      0.215759113     -0.500000000    
           7          24  0.136423856      0.227861017     -0.500000000    
           7          25   6.02385551E-02  0.216849849     -0.500000000    
           7          26  -2.04002317E-02  0.209693283     -0.500000000    
           7          27  -2.01181844E-02  0.203584224     -0.500000000    
           7          28   1.77249999E-03  0.194717184     -0.500000000    
           7          29  -1.56424008E-02  0.167113602     -0.500000000    
           7          30   2.00322606E-02  0.146210402     -0.500000000    
           7          31  0.111943893      0.139309585     -0.500000000    
           7          32  0.228591919      0.130331486     -0.500000000    
           7          33  0.275770873      0.113761730     -0.500000000    
           8           1  0.208094209       4.21239920E-02 -0.500000000    
           8           2  0.358822405       8.45110714E-02 -0.500000000    
           8           3  0.314728856      0.133374155     -0.500000000    
           8           4  0.219587788      0.160796076     -0.500000000    
           8           5   6.18618727E-02  0.161398247     -0.500000000    
           8           6   2.59104301E-03  0.154204324     -0.500000000    
           8           7  -3.98909561E-02  0.147278234     -0.500000000    
           8           8  -1.63302794E-02  0.148142815     -0.500000000    
           8           9  -3.68244760E-02  0.136003926     -0.500000000    
           8          10   4.67653014E-02  0.137598261     -0.500000000    
           8          11  -9.95489769E-04  0.124290660     -0.500000000    
           8          12   4.30154540E-02   9.67136323E-02 -0.500000000    
           8          13  0.156288922       7.03517050E-02 -0.500000000    
           8          14  0.209103242       5.88849932E-02 -0.500000000    
           8          15  0.183068112       5.95188178E-02 -0.500000000    
           8          16   7.94524178E-02   7.49877021E-02 -0.500000000    
           8          17   7.82758743E-02   8.54687467E-02 -0.500000000    
           8          18  0.177305937       6.42402023E-02 -0.500000000    
           8          19  0.170909807       6.52393997E-02 -0.500000000    
           8          20  0.248946562       8.26143622E-02 -0.500000000    
           8          21  0.213629648      0.106741026     -0.500000000    
           8          22  0.167118922      0.122328304     -0.500000000    
           8          23  0.284127265      0.151583090     -0.500000000    
           8          24  0.132768869      0.191401169     -0.500000000    
           8          25   5.38705736E-02  0.203823775     -0.500000000    
           8          26   7.47312084E-02  0.190313876     -0.500000000    
           8          27   2.57499442E-02  0.184937790     -0.500000000    
           8          28   6.53436035E-02  0.179907992     -0.500000000    
           8          29  -4.18744199E-02  0.187613383     -0.500000000    
           8          30  -3.61120328E-02  0.188433155     -0.500000000    
           8          31  0.101666138      0.190549016     -0.500000000    
           8          32  0.226670250      0.176854685     -0.500000000    
           8          33  0.216142908      0.158290282     -0.500000000    
           9           1  0.152700484       7.79915377E-02 -0.500000000    
           9           2  0.231114089      0.117158271     -0.500000000    
           9           3  0.111316174      0.142646179     -0.500000000    
           9           4  0.219725221      0.162589177     -0.500000000    
           9           5  0.147515193      0.175469458     -0.500000000    
           9           6  -2.38553677E-02  0.170241997     -0.500000000    
           9           7  -2.48312894E-02  0.149158239     -0.500000000    
           9           8  -3.68759930E-02  0.136023536     -0.500000000    
           9           9   7.24250376E-02  0.119165756     -0.500000000    
           9          10  0.209134758      0.131855085     -0.500000000    
           9          11  0.135626495      0.121222772     -0.500000000    
           9          12  0.151663885       8.21641535E-02 -0.500000000    
           9          13  0.175156027       5.86172454E-02 -0.500000000    
           9          14  0.173458099       3.84544656E-02 -0.500000000    
           9          15  0.113606840       3.21018696E-02 -0.500000000    
           9          16  -5.49950749E-02   5.13811223E-02 -0.500000000    
           9          17  -2.95861047E-02   6.24297634E-02 -0.500000000    
           9          18  0.170635357       6.75025731E-02 -0.500000000    
           9          19  0.190250620       6.84550479E-02 -0.500000000    
           9          20  0.208155602       8.40306059E-02 -0.500000000    
           9          21  0.177143753       9.69894826E-02 -0.500000000    
           9          22  0.212468922      0.106365308     -0.500000000    
           9          23  0.300600916      0.106364854     -0.500000000    
           9          24  0.182589605      0.137427986     -0.500000000    
           9          25  -3.08950879E-02  0.161005333     -0.500000000    
           9          26   2.64528673E-04  0.160014361     -0.500000000    
           9          27  -4.82994244E-02  0.152726665     -0.500000000    
           9          28   2.44747736E-02  0.163777351     -0.500000000    
           9          29   9.49065983E-02  0.180537790     -0.500000000    
           9          30  -4.73212786E-02  0.180222869     -0.500000000    
           9          31  -7.43899196E-02  0.184385225     -0.500000000    
           9          32   4.00833674E-02  0.171215668     -0.500000000    
           9          33   7.49981701E-02  0.126719609     -0.500000000    
          10           1  0.231639832       7.24563971E-02 -0.500000000    
          10           2   8.75446573E-02  0.103078865     -0.500000000    
          10           3   3.58965481E-03  0.117819548     -0.500000000    
          10           4  0.113092847      0.145246878     -0.500000000    
          10           5   6.50521293E-02  0.152218565     -0.500000000    
          10           6  -1.48973092E-02  0.164213210     -0.500000000    
          10           7   5.74381426E-02  0.161432475     -0.500000000    
          10           8   4.64254767E-02  0.137600154     -0.500000000    
          10           9  0.208932906      0.131864041     -0.500000000    
          10          10  0.340022504      0.131445572     -0.500000000    
          10          11  0.165473685      0.100203164     -0.500000000    
          10          12  0.114463158       6.54145777E-02 -0.500000000    
          10          13  0.109283939       5.26529700E-02 -0.500000000    
          10          14  0.237123221       3.82887982E-02 -0.500000000    
          10          15  0.238315284       4.14071046E-02 -0.500000000    
          10          16  -3.37488726E-02   6.13070950E-02 -0.500000000    
          10          17 -0.153005645       6.85173869E-02 -0.500000000    
          10          18   1.26230586E-02   8.24889690E-02 -0.500000000    
          10          19  0.172218427       7.21309036E-02 -0.500000000    
          10          20   8.53008851E-02   8.17467198E-02 -0.500000000    
          10          21  0.130851582       8.90280157E-02 -0.500000000    
          10          22   9.57565606E-02   9.33802724E-02 -0.500000000    
          10          23  0.188614026       9.17326361E-02 -0.500000000    
          10          24  0.212026209       9.81050432E-02 -0.500000000    
          10          25  0.109238476      0.121016607     -0.500000000    
          10          26  0.149949118      0.142499045     -0.500000000    
          10          27  0.181714669      0.149197027     -0.500000000    
          10          28  0.186904237      0.154462084     -0.500000000    
          10          29  0.210107610      0.172028854     -0.500000000    
          10          30   8.01186711E-02  0.164051160     -0.500000000    
          10          31  -4.34034644E-03  0.165017828     -0.500000000    
          10          32   9.36619341E-02  0.158008143     -0.500000000    
          10          33  0.171649739      0.104866274     -0.500000000    
          11           1  0.169934615       5.82739562E-02 -0.500000000    
          11           2  0.247224987       8.83646086E-02 -0.500000000    
          11           3  0.156281680       8.59747604E-02 -0.500000000    
          11           4   3.93278971E-02   9.00664926E-02 -0.500000000    
          11           5   3.48561956E-03  0.115500271     -0.500000000    
          11           6  -1.24238413E-02  0.151465967     -0.500000000    
          11           7  -1.63436662E-02  0.152186364     -0.500000000    
          11           8  -1.08474772E-03  0.124272436     -0.500000000    
          11           9  0.135534644      0.121190310     -0.500000000    
          11          10  0.165184826      0.100171395     -0.500000000    
          11          11  -3.61037627E-02   7.91328326E-02 -0.500000000    
          11          12  -2.89311260E-02   6.59247935E-02 -0.500000000    
          11          13   7.99837783E-02   4.77214679E-02 -0.500000000    
          11          14  0.250288188       4.75139394E-02 -0.500000000    
          11          15  0.224723756       6.94367662E-02 -0.500000000    
          11          16   4.54060659E-02   8.25995877E-02 -0.500000000    
          11          17 -0.108008511       8.28510523E-02 -0.500000000    
          11          18   5.53337410E-02   8.27177763E-02 -0.500000000    
          11          19   9.94386300E-02   7.50632808E-02 -0.500000000    
          11          20   1.20270755E-02   7.76442662E-02 -0.500000000    
          11          21   5.28152771E-02   7.57722259E-02 -0.500000000    
          11          22   7.10665733E-02   7.41823167E-02 -0.500000000    
          11          23  0.127244309       8.40737745E-02 -0.500000000    
          11          24  0.311545521      0.100563645     -0.500000000    
          11          25  0.219000593      0.110025518     -0.500000000    
          11          26   9.93220061E-02  0.122792564     -0.500000000    
          11          27  0.237107262      0.141444951     -0.500000000    
          11          28  0.236847132      0.144384027     -0.500000000    
          11          29  0.234628081      0.137190133     -0.500000000    
          11          30   9.50018838E-02  0.121079840     -0.500000000    
          11          31   4.22923975E-02  0.124960907     -0.500000000    
          11          32   1.33110173E-02  0.129801273     -0.500000000    
          11          33   1.75024793E-02   8.53157863E-02 -0.500000000    
          12           1  0.142853618       6.95091933E-02 -0.500000000    
          12           2  0.235063210       8.42292905E-02 -0.500000000    
          12           3  0.119737737       6.71009570E-02 -0.500000000    
          12           4   6.84576035E-02   5.57480231E-02 -0.500000000    
          12           5   6.76690787E-02   6.61631897E-02 -0.500000000    
          12           6   6.87612742E-02   9.57981497E-02 -0.500000000    
          12           7  -4.63364413E-03  0.115434550     -0.500000000    
          12           8   4.30092625E-02   9.67322662E-02 -0.500000000    
          12           9  0.151690334       8.21504369E-02 -0.500000000    
          12          10  0.114336088       6.53697923E-02 -0.500000000    
          12          11  -2.91761663E-02   6.58729672E-02 -0.500000000    
          12          12  -8.93737525E-02   6.50343969E-02 -0.500000000    
          12          13   3.67602780E-02   4.59155887E-02 -0.500000000    
          12          14  0.201550499       5.65106012E-02 -0.500000000    
          12          15  0.205257386       7.74119943E-02 -0.500000000    
          12          16  0.104997762       7.95907229E-02 -0.500000000    
          12          17  0.153837949       8.03975314E-02 -0.500000000    
          12          18  0.230307892       7.32323304E-02 -0.500000000    
          12          19  0.154102787       6.49352893E-02 -0.500000000    
          12          20  -6.88593015E-02   5.88321164E-02 -0.500000000    
          12          21  -9.17145833E-02   6.51504248E-02 -0.500000000    
          12          22   3.00237499E-02   6.82864562E-02 -0.500000000    
          12          23   6.84450194E-02   7.56248310E-02 -0.500000000    
          12          24  0.163367301       9.81720090E-02 -0.500000000    
          12          25  0.133175567       9.55131799E-02 -0.500000000    
          12          26   4.44021709E-02   8.92287120E-02 -0.500000000    
          12          27  0.163976923       9.16771218E-02 -0.500000000    
          12          28  0.195491999       8.28413293E-02 -0.500000000    
          12          29  0.185960531       7.25989118E-02 -0.500000000    
          12          30   2.66358024E-03   6.65114745E-02 -0.500000000    
          12          31  -3.44068110E-02   8.35278034E-02 -0.500000000    
          12          32   5.61907813E-02  0.106914468     -0.500000000    
          12          33  0.101406634       7.29927048E-02 -0.500000000    
          13           1  0.194703162      0.120793261     -0.500000000    
          13           2  0.161881417      0.108672999     -0.500000000    
          13           3  0.108056948       8.26974288E-02 -0.500000000    
          13           4   7.08614886E-02   5.10711446E-02 -0.500000000    
          13           5   7.12446868E-02   3.42676789E-02 -0.500000000    
          13           6   7.61962384E-02   4.96789254E-02 -0.500000000    
          13           7   1.79589875E-02   8.40736777E-02 -0.500000000    
          13           8  0.156340897       7.04138577E-02 -0.500000000    
          13           9  0.175077111       5.86730056E-02 -0.500000000    
          13          10  0.109326795       5.26848547E-02 -0.500000000    
          13          11   7.99107626E-02   4.77099419E-02 -0.500000000    
          13          12   3.66709903E-02   4.58894446E-02 -0.500000000    
          13          13  0.151660815       4.17029038E-02 -0.500000000    
          13          14  0.239875585       4.86960001E-02 -0.500000000    
          13          15  0.152544543       5.80782406E-02 -0.500000000    
          13          16   7.64260069E-02   6.27473518E-02 -0.500000000    
          13          17   7.73076192E-02   8.08096603E-02 -0.500000000    
          13          18   8.28566030E-02   8.75285715E-02 -0.500000000    
          13          19   4.53345925E-02   7.39288479E-02 -0.500000000    
          13          20   7.74935782E-02   6.11270294E-02 -0.500000000    
          13          21  -5.79822212E-02   5.10627441E-02 -0.500000000    
          13          22 -0.134870008       4.88950312E-02 -0.500000000    
          13          23  -5.14708161E-02   5.00135720E-02 -0.500000000    
          13          24   1.88415814E-02   6.85922951E-02 -0.500000000    
          13          25   7.59570003E-02   5.39164208E-02 -0.500000000    
          13          26   1.98408049E-02   3.03014386E-02 -0.500000000    
          13          27   7.74268284E-02   2.32478380E-02 -0.500000000    
          13          28   3.61440815E-02   2.36043595E-02 -0.500000000    
          13          29   1.42573332E-03   3.01673748E-02 -0.500000000    
          13          30  -3.45953330E-02   5.02187535E-02 -0.500000000    
          13          31   5.87236397E-02   7.50140697E-02 -0.500000000    
          13          32  0.164349437       9.90253612E-02 -0.500000000    
          13          33  0.214987829       9.02102590E-02 -0.500000000    
          14           1  0.109432966      0.157236904     -0.500000000    
          14           2  0.127667978      0.141266286     -0.500000000    
          14           3  0.199314535      0.110948540     -0.500000000    
          14           4  0.179228902       7.06804395E-02 -0.500000000    
          14           5  0.108437665       5.29262275E-02 -0.500000000    
          14           6  0.128312498       5.62505610E-02 -0.500000000    
          14           7  0.152665704       7.34138787E-02 -0.500000000    
          14           8  0.208920851       5.89969195E-02 -0.500000000    
          14           9  0.173425376       3.85790691E-02 -0.500000000    
          14          10  0.237328291       3.83772887E-02 -0.500000000    
          14          11  0.250483811       4.75713909E-02 -0.500000000    
          14          12  0.201484218       5.65470755E-02 -0.500000000    
          14          13  0.239759952       4.87079583E-02 -0.500000000    
          14          14  0.153384000       4.00268845E-02 -0.500000000    
          14          15  0.102697656       4.61876951E-02 -0.500000000    
          14          16   4.14805599E-02   6.55982494E-02 -0.500000000    
          14          17  -1.36943953E-02   8.58488902E-02 -0.500000000    
          14          18  0.122658424      0.108761482     -0.500000000    
          14          19   7.47855529E-02   9.79174525E-02 -0.500000000    
          14          20   7.65563995E-02   7.07092285E-02 -0.500000000    
          14          21  -7.04444796E-02   5.48535176E-02 -0.500000000    
          14          22 -0.125162438       4.94489968E-02 -0.500000000    
          14          23  0.101839118       4.50994000E-02 -0.500000000    
          14          24  0.113896519       4.75982279E-02 -0.500000000    
          14          25  0.123714514       3.36945318E-02 -0.500000000    
          14          26   7.58907199E-02   2.89199594E-02 -0.500000000    
          14          27   5.96998595E-02   3.32086831E-02 -0.500000000    
          14          28  -4.64844517E-04   4.26056907E-02 -0.500000000    
          14          29   1.99144334E-02   5.89116663E-02 -0.500000000    
          14          30   3.84025089E-02   6.88700527E-02 -0.500000000    
          14          31  0.126151264       7.60116428E-02 -0.500000000    
          14          32  0.238603085       8.88083801E-02 -0.500000000    
          14          33  0.250775397       8.38153064E-02 -0.500000000    
          15           1  -4.18356843E-02  0.171202615     -0.500000000    
          15           2   7.16147125E-02  0.139139056     -0.500000000    
          15           3  0.247092992      0.121613033     -0.500000000    
          15           4  0.216839135      0.101822212     -0.500000000    
          15           5  0.137201026       8.68938267E-02 -0.500000000    
          15           6  0.180313453       8.53021964E-02 -0.500000000    
          15           7  0.213156492       8.42276290E-02 -0.500000000    
          15           8  0.182940215       5.95284253E-02 -0.500000000    
          15           9  0.113403916       3.21895964E-02 -0.500000000    
          15          10  0.238272205       4.15320694E-02 -0.500000000    
          15          11  0.224801019       6.95543140E-02 -0.500000000    
          15          12  0.205534458       7.74998367E-02 -0.500000000    
          15          13  0.152604252       5.81210554E-02 -0.500000000    
          15          14  0.102611892       4.62056622E-02 -0.500000000    
          15          15   2.53182165E-02   5.89298233E-02 -0.500000000    
          15          16  -2.37111803E-02  0.106457584     -0.500000000    
          15          17   4.83338460E-02  0.135416105     -0.500000000    
          15          18  0.172475338      0.130585581     -0.500000000    
          15          19   8.96556675E-02  0.111867733     -0.500000000    
          15          20   8.56052116E-02   9.05695632E-02 -0.500000000    
          15          21   1.66114327E-02   6.83698505E-02 -0.500000000    
          15          22  -4.10301685E-02   6.19646646E-02 -0.500000000    
          15          23  0.111611284       5.71377277E-02 -0.500000000    
          15          24  0.210866496       5.82856536E-02 -0.500000000    
          15          25  0.253949195       6.03688844E-02 -0.500000000    
          15          26  0.157048866       7.30957463E-02 -0.500000000    
          15          27   6.96742348E-03   9.22300071E-02 -0.500000000    
          15          28  -5.18026613E-02   9.80682522E-02 -0.500000000    
          15          29  -1.29765905E-02  0.111848049     -0.500000000    
          15          30  0.165500104      0.111539871     -0.500000000    
          15          31  0.258235425       8.82679671E-02 -0.500000000    
          15          32  0.130938470       6.58703372E-02 -0.500000000    
          15          33   4.80562225E-02   7.68846944E-02 -0.500000000    
          16           1  -2.24100389E-02  0.140074700     -0.500000000    
          16           2   6.12821393E-02  0.119605824     -0.500000000    
          16           3   7.92197809E-02  0.111148432     -0.500000000    
          16           4  0.100139417      0.104714632     -0.500000000    
          16           5  0.151397675       9.92694497E-02 -0.500000000    
          16           6  0.152009234       9.78646278E-02 -0.500000000    
          16           7  0.213515177       9.43086818E-02 -0.500000000    
          16           8   7.93339163E-02   7.48648793E-02 -0.500000000    
          16           9  -5.51162399E-02   5.13649769E-02 -0.500000000    
          16          10  -3.39560620E-02   6.13806434E-02 -0.500000000    
          16          11   4.54198904E-02   8.27183127E-02 -0.500000000    
          16          12  0.105013981       7.97110051E-02 -0.500000000    
          16          13   7.64560550E-02   6.28201663E-02 -0.500000000    
          16          14   4.15319391E-02   6.56206682E-02 -0.500000000    
          16          15  -2.38035973E-02  0.106483854     -0.500000000    
          16          16   7.47810677E-02  0.159500375     -0.500000000    
          16          17  0.110938855      0.180975959     -0.500000000    
          16          18   7.20608532E-02  0.147538900     -0.500000000    
          16          19  0.111908294      0.102426864     -0.500000000    
          16          20  0.145552337       8.98046121E-02 -0.500000000    
          16          21  0.164837837       8.49635303E-02 -0.500000000    
          16          22   5.70255145E-02   8.44210237E-02 -0.500000000    
          16          23   5.43834493E-02   8.98323730E-02 -0.500000000    
          16          24   7.29984790E-02   7.95440748E-02 -0.500000000    
          16          25   4.96678762E-02   8.96513611E-02 -0.500000000    
          16          26  0.119375467      0.124302328     -0.500000000    
          16          27  0.133522406      0.143445104     -0.500000000    
          16          28  0.176561385      0.150717348     -0.500000000    
          16          29  0.194442078      0.155977666     -0.500000000    
          16          30  0.261188656      0.148902163     -0.500000000    
          16          31  0.225471124      0.105837561     -0.500000000    
          16          32   7.19119459E-02   6.16006888E-02 -0.500000000    
          16          33   1.51420049E-02   6.40818253E-02 -0.500000000    
          17           1  -1.01638008E-02  0.108596846     -0.500000000    
          17           2   5.97565882E-02   9.07979459E-02 -0.500000000    
          17           3   8.54141265E-02   8.30557495E-02 -0.500000000    
          17           4   5.82861342E-03   8.64372775E-02 -0.500000000    
          17           5  0.107664071       8.01815912E-02 -0.500000000    
          17           6  0.124835409       9.05047730E-02 -0.500000000    
          17           7  0.167281181       9.54041928E-02 -0.500000000    
          17           8   7.83173963E-02   8.52893889E-02 -0.500000000    
          17           9  -2.96673272E-02   6.23065941E-02 -0.500000000    
          17          10 -0.153098553       6.84868172E-02 -0.500000000    
          17          11 -0.107978933       8.28865543E-02 -0.500000000    
          17          12  0.153748482       8.04544240E-02 -0.500000000    
          17          13   7.70543888E-02   8.08817372E-02 -0.500000000    
          17          14  -1.37092276E-02   8.59114006E-02 -0.500000000    
          17          15   4.83091623E-02  0.135454625     -0.500000000    
          17          16  0.110529870      0.181027606     -0.500000000    
          17          17  0.184224904      0.173295975     -0.500000000    
          17          18   3.35455462E-02  0.120710768     -0.500000000    
          17          19  -2.00476917E-03   7.52751678E-02 -0.500000000    
          17          20  0.147831023       7.24459141E-02 -0.500000000    
          17          21  0.260791570       9.24672782E-02 -0.500000000    
          17          22   6.76703751E-02  0.104648687     -0.500000000    
          17          23  -8.81629810E-03   9.57694203E-02 -0.500000000    
          17          24 -0.100430079       8.82321075E-02 -0.500000000    
          17          25 -0.160746783      0.119457312     -0.500000000    
          17          26   5.67167774E-02  0.169341132     -0.500000000    
          17          27  0.149972484      0.188333154     -0.500000000    
          17          28  0.195545182      0.186113000     -0.500000000    
          17          29  0.141272977      0.175131634     -0.500000000    
          17          30  0.179631591      0.166153759     -0.500000000    
          17          31   8.62826556E-02  0.135449678     -0.500000000    
          17          32   1.06060952E-02  0.101282977     -0.500000000    
          17          33  -5.25575653E-02  0.112347022     -0.500000000    
          18           1  -9.61502492E-02  0.105060451     -0.500000000    
          18           2  0.115700141       6.99783862E-02 -0.500000000    
          18           3  0.246980742       5.09093031E-02 -0.500000000    
          18           4  0.186870366       6.20156564E-02 -0.500000000    
          18           5   3.89959067E-02   5.96914738E-02 -0.500000000    
          18           6   1.39971338E-02   6.82368502E-02 -0.500000000    
          18           7  0.128592253       6.86349273E-02 -0.500000000    
          18           8  0.177585915       6.40884414E-02 -0.500000000    
          18           9  0.170924872       6.73425868E-02 -0.500000000    
          18          10   1.27201872E-02   8.23588520E-02 -0.500000000    
          18          11   5.52959591E-02   8.26441124E-02 -0.500000000    
          18          12  0.230190784       7.31996596E-02 -0.500000000    
          18          13   8.27422664E-02   8.75495896E-02 -0.500000000    
          18          14  0.122607015      0.108823732     -0.500000000    
          18          15  0.172307983      0.130662575     -0.500000000    
          18          16   7.21128508E-02  0.147625029     -0.500000000    
          18          17   3.32439840E-02  0.120808206     -0.500000000    
          18          18  -8.97633806E-02   4.94593643E-02 -0.500000000    
          18          19 -0.161169827       3.06672771E-02 -0.500000000    
          18          20  0.102224916       6.50746748E-02 -0.500000000    
          18          21  0.239123002      0.113746151     -0.500000000    
          18          22   7.41469786E-02  0.110608228     -0.500000000    
          18          23  -5.57077751E-02   9.45030823E-02 -0.500000000    
          18          24   7.03902077E-03  0.103945039     -0.500000000    
          18          25   3.66408303E-02  0.135033712     -0.500000000    
          18          26   8.28167871E-02  0.163121879     -0.500000000    
          18          27   3.79913766E-03  0.169517100     -0.500000000    
          18          28  -8.70746747E-02  0.161952823     -0.500000000    
          18          29  -2.63461806E-02  0.157769278     -0.500000000    
          18          30  0.184731096      0.161360830     -0.500000000    
          18          31  0.204069510      0.149481729     -0.500000000    
          18          32  0.171268597      0.139440760     -0.500000000    
          18          33   7.64438361E-02  0.179038286     -0.500000000    
          19           1 -0.156501174      0.101287678     -0.500000000    
          19           2   4.47742417E-02   7.65472129E-02 -0.500000000    
          19           3  0.205814943       5.63544668E-02 -0.500000000    
          19           4  0.170908004       4.65832613E-02 -0.500000000    
          19           5  0.123267099       3.69250774E-02 -0.500000000    
          19           6   5.09622619E-02   4.22965586E-02 -0.500000000    
          19           7  0.169865936       5.33550940E-02 -0.500000000    
          19           8  0.171262354       6.51652217E-02 -0.500000000    
          19           9  0.190717205       6.83355927E-02 -0.500000000    
          19          10  0.172428235       7.19756484E-02 -0.500000000    
          19          11   9.94184688E-02   7.49066770E-02 -0.500000000    
          19          12  0.153882533       6.48480058E-02 -0.500000000    
          19          13   4.53101695E-02   7.38703609E-02 -0.500000000    
          19          14   7.47443140E-02   9.79011655E-02 -0.500000000    
          19          15   8.97431970E-02  0.111939304     -0.500000000    
          19          16  0.112198457      0.102566227     -0.500000000    
          19          17  -1.66948698E-03   7.54228234E-02 -0.500000000    
          19          18 -0.161203742       3.07881832E-02 -0.500000000    
          19          19 -0.256484479       8.18616804E-03 -0.500000000    
          19          20  -9.66695398E-02   5.88381924E-02 -0.500000000    
          19          21  0.163117334      0.107135795     -0.500000000    
          19          22   5.48687838E-02  0.118577302     -0.500000000    
          19          23   9.40564089E-03  0.110061437     -0.500000000    
          19          24  0.115567356      0.107304215     -0.500000000    
          19          25   5.08587025E-02  0.125745028     -0.500000000    
          19          26   3.37061845E-02  0.128735393     -0.500000000    
          19          27 -0.115992703      0.127198741     -0.500000000    
          19          28 -0.160285011      0.110271968     -0.500000000    
          19          29 -0.118697256      0.105033554     -0.500000000    
          19          30   8.46480951E-02  0.126646191     -0.500000000    
          19          31  0.271093935      0.156972110     -0.500000000    
          19          32  0.372081041      0.171021625     -0.500000000    
          19          33  0.420243502      0.194364041     -0.500000000    
          20           1  -1.19668432E-02   7.48412460E-02 -0.500000000    
          20           2   6.61541000E-02   7.30268881E-02 -0.500000000    
          20           3  0.122660600       7.43264705E-02 -0.500000000    
          20           4  0.140530080       5.89767061E-02 -0.500000000    
          20           5  0.167305961       4.84011881E-02 -0.500000000    
          20           6   9.80711728E-02   4.38936502E-02 -0.500000000    
          20           7   9.08595249E-02   5.99436648E-02 -0.500000000    
          20           8  0.249461785       8.26155767E-02 -0.500000000    
          20           9  0.208607733       8.39776248E-02 -0.500000000    
          20          10   8.56446996E-02   8.16327408E-02 -0.500000000    
          20          11   1.18776066E-02   7.74888694E-02 -0.500000000    
          20          12  -6.89150617E-02   5.87069504E-02 -0.500000000    
          20          13   7.75047615E-02   6.10251762E-02 -0.500000000    
          20          14   7.65607581E-02   7.06090480E-02 -0.500000000    
          20          15   8.59905109E-02   9.05625820E-02 -0.500000000    
          20          16  0.145996138       8.99062306E-02 -0.500000000    
          20          17  0.148451790       7.25969076E-02 -0.500000000    
          20          18  0.102878913       6.52026683E-02 -0.500000000    
          20          19  -9.59709361E-02   5.89018241E-02 -0.500000000    
          20          20 -0.178291157       5.92966229E-02 -0.500000000    
          20          21   5.04820608E-02   8.67097378E-02 -0.500000000    
          20          22   5.37741669E-02  0.112062566     -0.500000000    
          20          23  -3.76610830E-02  0.117110461     -0.500000000    
          20          24  -4.52520698E-02  0.119855613     -0.500000000    
          20          25   3.32676582E-02  0.130034789     -0.500000000    
          20          26  -6.43208474E-02  0.117416285     -0.500000000    
          20          27  -8.59602466E-02   9.36430469E-02 -0.500000000    
          20          28   5.03739119E-02   7.02729076E-02 -0.500000000    
          20          29   2.78489012E-02   7.59837404E-02 -0.500000000    
          20          30  0.100261495      0.116967656     -0.500000000    
          20          31  0.189767018      0.158263132     -0.500000000    
          20          32  0.281996250      0.185340285     -0.500000000    
          20          33  0.332972199      0.197192311     -0.500000000    
          21           1   4.25321758E-02   6.10792674E-02 -0.500000000    
          21           2   5.95731586E-02   7.74777755E-02 -0.500000000    
          21           3   6.96340948E-02   9.14549306E-02 -0.500000000    
          21           4  0.131836638       8.13391730E-02 -0.500000000    
          21           5  0.165056691       8.20565745E-02 -0.500000000    
          21           6  0.150593996       8.66385326E-02 -0.500000000    
          21           7  0.115628168      0.100020558     -0.500000000    
          21           8  0.213984668      0.106755376     -0.500000000    
          21           9  0.177556902       9.69978645E-02 -0.500000000    
          21          10  0.131203756       8.89623538E-02 -0.500000000    
          21          11   5.29047325E-02   7.56707639E-02 -0.500000000    
          21          12  -9.16981474E-02   6.50528595E-02 -0.500000000    
          21          13  -5.79420440E-02   5.09497412E-02 -0.500000000    
          21          14  -7.02798069E-02   5.47390468E-02 -0.500000000    
          21          15   1.66924465E-02   6.82709143E-02 -0.500000000    
          21          16  0.164969876       8.49681646E-02 -0.500000000    
          21          17  0.261051357       9.25576165E-02 -0.500000000    
          21          18  0.239631385      0.113839187     -0.500000000    
          21          19  0.163567156      0.107191399     -0.500000000    
          21          20   5.08527197E-02   8.67048129E-02 -0.500000000    
          21          21  -6.38727704E-03  0.106049269     -0.500000000    
          21          22  -1.27045438E-02  0.130186930     -0.500000000    
          21          23  -1.15881218E-02  0.132002637     -0.500000000    
          21          24   4.12449427E-02  0.135577410     -0.500000000    
          21          25  0.100837633      0.126540110     -0.500000000    
          21          26  -1.81517676E-02  0.108666062     -0.500000000    
          21          27   6.91471025E-02   8.48987848E-02 -0.500000000    
          21          28  0.173251048       7.56193921E-02 -0.500000000    
          21          29  0.212889567       8.24219286E-02 -0.500000000    
          21          30  0.165396139      0.109830096     -0.500000000    
          21          31  0.185186476      0.146952286     -0.500000000    
          21          32  0.148461640      0.192602813     -0.500000000    
          21          33   8.04460645E-02  0.184560731     -0.500000000    
          22           1  0.120909870       8.26064870E-02 -0.500000000    
          22           2  0.172227457      0.121861368     -0.500000000    
          22           3  0.194142178      0.137442157     -0.500000000    
          22           4  0.176636547      0.135186762     -0.500000000    
          22           5  0.202898815      0.143332258     -0.500000000    
          22           6  0.240958467      0.147436664     -0.500000000    
          22           7  0.160109252      0.149804324     -0.500000000    
          22           8  0.166865885      0.122305922     -0.500000000    
          22           9  0.212603539      0.106399246     -0.500000000    
          22          10   9.60777402E-02   9.33825374E-02 -0.500000000    
          22          11   7.13181645E-02   7.41325170E-02 -0.500000000    
          22          12   3.01562157E-02   6.81962147E-02 -0.500000000    
          22          13 -0.134692907       4.88090590E-02 -0.500000000    
          22          14 -0.124957576       4.93501723E-02 -0.500000000    
          22          15  -4.11052704E-02   6.18461482E-02 -0.500000000    
          22          16   5.68698086E-02   8.43365714E-02 -0.500000000    
          22          17   6.75406530E-02  0.104651265     -0.500000000    
          22          18   7.43700564E-02  0.110654496     -0.500000000    
          22          19   5.49550243E-02  0.118600905     -0.500000000    
          22          20   5.37816845E-02  0.112040333     -0.500000000    
          22          21  -1.29505126E-02  0.130118400     -0.500000000    
          22          22   9.88086686E-02  0.143738970     -0.500000000    
          22          23  0.136643514      0.144248128     -0.500000000    
          22          24  0.132674232      0.132678762     -0.500000000    
          22          25  0.129134268      0.111987710     -0.500000000    
          22          26   5.33230118E-02  0.106689267     -0.500000000    
          22          27  0.196192861      0.106459446     -0.500000000    
          22          28  0.222696394       9.79943648E-02 -0.500000000    
          22          29  0.300421953       8.93973187E-02 -0.500000000    
          22          30  0.221529126      0.112318590     -0.500000000    
          22          31  0.208782732      0.154793292     -0.500000000    
          22          32  0.164847195      0.201321170     -0.500000000    
          22          33   8.41559470E-02  0.179455355     -0.500000000    
          23           1  0.122450292       7.18125850E-02 -0.500000000    
          23           2  0.113327786      0.118569382     -0.500000000    
          23           3   7.57582337E-02  0.146765843     -0.500000000    
          23           4  0.126834005      0.169826210     -0.500000000    
          23           5  0.156123251      0.190474913     -0.500000000    
          23           6  0.344864488      0.213312671     -0.500000000    
          23           7  0.377614111      0.215474874     -0.500000000    
          23           8  0.283338755      0.151411682     -0.500000000    
          23           9  0.300237209      0.106347404     -0.500000000    
          23          10  0.188812032       9.17767584E-02 -0.500000000    
          23          11  0.127626076       8.40779543E-02 -0.500000000    
          23          12   6.84172213E-02   7.55277127E-02 -0.500000000    
          23          13  -5.14450073E-02   4.99325320E-02 -0.500000000    
          23          14  0.102037236       4.50140238E-02 -0.500000000    
          23          15  0.111707866       5.70287630E-02 -0.500000000    
          23          16   5.43411933E-02   8.97286385E-02 -0.500000000    
          23          17  -8.89333058E-03   9.57338735E-02 -0.500000000    
          23          18  -5.56947850E-02   9.45276842E-02 -0.500000000    
          23          19   9.61173698E-03  0.110095456     -0.500000000    
          23          20  -3.73620763E-02  0.117133580     -0.500000000    
          23          21  -1.18648391E-02  0.131947637     -0.500000000    
          23          22  0.136483967      0.144205794     -0.500000000    
          23          23  0.186842144      0.133391589     -0.500000000    
          23          24  0.112178482      0.114565969     -0.500000000    
          23          25   6.05227798E-02  0.100331001     -0.500000000    
          23          26   3.69748697E-02  0.115325689     -0.500000000    
          23          27  0.154692337      0.133360401     -0.500000000    
          23          28  0.148299143      0.114509329     -0.500000000    
          23          29  0.201738670      0.106397502     -0.500000000    
          23          30  0.104436189      0.123538807     -0.500000000    
          23          31  0.105018638      0.164486602     -0.500000000    
          23          32  0.107588768      0.206008911     -0.500000000    
          23          33   9.11364108E-02  0.177087530     -0.500000000    
          24           1  0.123932816       5.68356849E-02 -0.500000000    
          24           2  0.112148471      0.116859123     -0.500000000    
          24           3   4.50517721E-02  0.142340645     -0.500000000    
          24           4  0.130680129      0.170486644     -0.500000000    
          24           5   6.29724190E-02  0.187962994     -0.500000000    
          24           6   5.90613373E-02  0.206967071     -0.500000000    
          24           7  0.136198372      0.227456182     -0.500000000    
          24           8  0.131713912      0.190988600     -0.500000000    
          24           9  0.181751594      0.137202859     -0.500000000    
          24          10  0.211746395       9.80545208E-02 -0.500000000    
          24          11  0.311954439      0.100571387     -0.500000000    
          24          12  0.163481936       9.80908573E-02 -0.500000000    
          24          13   1.87453516E-02   6.84913695E-02 -0.500000000    
          24          14  0.114026658       4.75263782E-02 -0.500000000    
          24          15  0.210983425       5.81796318E-02 -0.500000000    
          24          16   7.29255974E-02   7.94509500E-02 -0.500000000    
          24          17 -0.100497112       8.82074982E-02 -0.500000000    
          24          18   6.99381251E-03  0.103990026     -0.500000000    
          24          19  0.115733795      0.107393682     -0.500000000    
          24          20  -4.50355150E-02  0.119913310     -0.500000000    
          24          21   4.09328528E-02  0.135539085     -0.500000000    
          24          22  0.132599577      0.132603183     -0.500000000    
          24          23  0.112301253      0.114524029     -0.500000000    
          24          24   5.52414879E-02  0.109977424     -0.500000000    
          24          25   1.80378221E-02  0.117961138     -0.500000000    
          24          26  -4.51715989E-03  0.139233887     -0.500000000    
          24          27   5.23690600E-04  0.143775940     -0.500000000    
          24          28  -4.88067884E-03  0.128405586     -0.500000000    
          24          29  0.166195020      0.127995253     -0.500000000    
          24          30  0.132520676      0.134976000     -0.500000000    
          24          31   4.00939398E-02  0.179657266     -0.500000000    
          24          32   1.89675298E-03  0.211870536     -0.500000000    
          24          33  -8.06004778E-02  0.191596910     -0.500000000    
          25           1   3.74432802E-02   4.73209620E-02 -0.500000000    
          25           2   7.39851594E-02  0.113322131     -0.500000000    
          25           3   2.37586629E-02  0.154737413     -0.500000000    
          25           4  -6.38660491E-02  0.178238407     -0.500000000    
          25           5 -0.101449415      0.176744312     -0.500000000    
          25           6  -4.12156284E-02  0.194463328     -0.500000000    
          25           7   6.06387891E-02  0.216444835     -0.500000000    
          25           8   5.37519641E-02  0.203272760     -0.500000000    
          25           9  -3.15237939E-02  0.160552502     -0.500000000    
          25          10  0.108801760      0.120777354     -0.500000000    
          25          11  0.218881160      0.109881081     -0.500000000    
          25          12  0.133340135       9.54279527E-02 -0.500000000    
          25          13   7.61415139E-02   5.38539812E-02 -0.500000000    
          25          14  0.124001577       3.36552635E-02 -0.500000000    
          25          15  0.254045874       6.02806732E-02 -0.500000000    
          25          16   4.94392924E-02   8.95685256E-02 -0.500000000    
          25          17 -0.160841495      0.119433224     -0.500000000    
          25          18   3.65666561E-02  0.135107011     -0.500000000    
          25          19   5.07523045E-02  0.125882566     -0.500000000    
          25          20   3.32497768E-02  0.130129874     -0.500000000    
          25          21  0.100528747      0.126536384     -0.500000000    
          25          22  0.129133999      0.111897036     -0.500000000    
          25          23   6.07027560E-02  0.100248024     -0.500000000    
          25          24   1.80423092E-02  0.117908642     -0.500000000    
          25          25  -9.96724702E-04  0.155100197     -0.500000000    
          25          26  0.101309352      0.171801016     -0.500000000    
          25          27   5.62555045E-02  0.166411251     -0.500000000    
          25          28   5.21508195E-02  0.143186152     -0.500000000    
          25          29   6.52688667E-02  0.143907547     -0.500000000    
          25          30   5.70665523E-02  0.159520149     -0.500000000    
          25          31   8.64948556E-02  0.190380737     -0.500000000    
          25          32  0.120362096      0.200595096     -0.500000000    
          25          33  0.129427791      0.188365117     -0.500000000    
          26           1  0.162986875       1.32883829E-03 -0.500000000    
          26           2   9.69273224E-02   7.77963921E-02 -0.500000000    
          26           3   4.88433689E-02  0.142120361     -0.500000000    
          26           4   6.86014071E-02  0.182058334     -0.500000000    
          26           5  -2.83526964E-02  0.194431722     -0.500000000    
          26           6  -4.38950323E-02  0.204376176     -0.500000000    
          26           7  -1.96324289E-02  0.209440470     -0.500000000    
          26           8   7.54408240E-02  0.189795628     -0.500000000    
          26           9   3.24949156E-04  0.159404010     -0.500000000    
          26          10  0.149511859      0.142045230     -0.500000000    
          26          11   9.90045369E-02  0.122489981     -0.500000000    
          26          12   4.40631993E-02   8.90295282E-02 -0.500000000    
          26          13   1.98287107E-02   3.02580465E-02 -0.500000000    
          26          14   7.63558373E-02   2.89556161E-02 -0.500000000    
          26          15  0.157331988       7.30669126E-02 -0.500000000    
          26          16  0.119083785      0.124252968     -0.500000000    
          26          17   5.65760061E-02  0.169340894     -0.500000000    
          26          18   8.26726556E-02  0.163194701     -0.500000000    
          26          19   3.34913917E-02  0.128869206     -0.500000000    
          26          20  -6.42896593E-02  0.117520452     -0.500000000    
          26          21  -1.83468182E-02  0.108693987     -0.500000000    
          26          22   5.33908941E-02  0.106633812     -0.500000000    
          26          23   3.72294150E-02  0.115252979     -0.500000000    
          26          24  -4.45490330E-03  0.139151156     -0.500000000    
          26          25  0.101412348      0.171751827     -0.500000000    
          26          26  0.163871869      0.181695148     -0.500000000    
          26          27  -2.07885150E-02  0.169803828     -0.500000000    
          26          28  -5.21124639E-02  0.152224839     -0.500000000    
          26          29   1.31058348E-02  0.146359801     -0.500000000    
          26          30   6.33591413E-02  0.143851817     -0.500000000    
          26          31   5.91301881E-02  0.143833473     -0.500000000    
          26          32  0.160094559      0.129812330     -0.500000000    
          26          33  0.225648820      0.117193975     -0.500000000    
          27           1  0.153320849      -6.50657713E-02 -0.500000000    
          27           2   5.79650477E-02   1.06289312E-02 -0.500000000    
          27           3   6.06213231E-03  0.100752570     -0.500000000    
          27           4   5.80956005E-02  0.165782347     -0.500000000    
          27           5   6.17275201E-02  0.187174380     -0.500000000    
          27           6   5.05874492E-03  0.206112459     -0.500000000    
          27           7  -1.89030394E-02  0.203580156     -0.500000000    
          27           8   2.72872075E-02  0.184658438     -0.500000000    
          27           9  -4.72637936E-02  0.152163759     -0.500000000    
          27          10  0.181684196      0.148610756     -0.500000000    
          27          11  0.236511752      0.140958831     -0.500000000    
          27          12  0.163558990       9.13594067E-02 -0.500000000    
          27          13   7.69911036E-02   2.31312681E-02 -0.500000000    
          27          14   5.98433726E-02   3.32837068E-02 -0.500000000    
          27          15   7.32707977E-03   9.22839791E-02 -0.500000000    
          27          16  0.133482501      0.143457636     -0.500000000    
          27          17  0.149874061      0.188350216     -0.500000000    
          27          18   3.68118053E-03  0.169571504     -0.500000000    
          27          19 -0.116045579      0.127303571     -0.500000000    
          27          20  -8.59428197E-02   9.37540457E-02 -0.500000000    
          27          21   6.90632537E-02   8.49607140E-02 -0.500000000    
          27          22  0.196350023      0.106474601     -0.500000000    
          27          23  0.155151233      0.133322865     -0.500000000    
          27          24   7.66319688E-04  0.143710151     -0.500000000    
          27          25   5.65058552E-02  0.166402832     -0.500000000    
          27          26  -2.06707045E-02  0.169845492     -0.500000000    
          27          27 -0.227209061      0.156917453     -0.500000000    
          27          28 -0.191387340      0.123599119     -0.500000000    
          27          29  -6.45580515E-02  0.105097771     -0.500000000    
          27          30  -6.33071065E-02   9.38357338E-02 -0.500000000    
          27          31  -4.48582992E-02   6.72546625E-02 -0.500000000    
          27          32   5.77222668E-02   2.98165288E-02 -0.500000000    
          27          33  0.129365474       9.10219271E-03 -0.500000000    
          28           1  0.151224852     -0.126623854     -0.500000000    
          28           2   2.56838426E-02  -5.23905754E-02 -0.500000000    
          28           3   2.09446922E-02   4.50508930E-02 -0.500000000    
          28           4  0.116048269      0.116315246     -0.500000000    
          28           5  0.184242502      0.154644161     -0.500000000    
          28           6   7.60906264E-02  0.187046736     -0.500000000    
          28           7   2.67995847E-03  0.194787726     -0.500000000    
          28           8   6.71709180E-02  0.179839969     -0.500000000    
          28           9   2.61832960E-02  0.163414329     -0.500000000    
          28          10  0.187556848      0.153933629     -0.500000000    
          28          11  0.236303225      0.143843293     -0.500000000    
          28          12  0.195245743       8.24544206E-02 -0.500000000    
          28          13   3.59290056E-02   2.34323461E-02 -0.500000000    
          28          14  -7.24793412E-04   4.26779687E-02 -0.500000000    
          28          15  -5.16476370E-02   9.81864631E-02 -0.500000000    
          28          16  0.176529646      0.150772914     -0.500000000    
          28          17  0.195522249      0.186144084     -0.500000000    
          28          18  -8.70661810E-02  0.161989108     -0.500000000    
          28          19 -0.160365745      0.110349387     -0.500000000    
          28          20   5.02716228E-02   7.03692287E-02 -0.500000000    
          28          21  0.173307329       7.57130161E-02 -0.500000000    
          28          22  0.223089442       9.80771035E-02 -0.500000000    
          28          23  0.149086684      0.114530697     -0.500000000    
          28          24  -4.50419541E-03  0.128420785     -0.500000000    
          28          25   5.22329770E-02  0.143273532     -0.500000000    
          28          26  -5.25056571E-02  0.152337581     -0.500000000    
          28          27 -0.191901505      0.123658553     -0.500000000    
          28          28  -3.82184982E-02   8.67034867E-02 -0.500000000    
          28          29  -5.47015145E-02   7.42581114E-02 -0.500000000    
          28          30  -8.62693191E-02   4.78647165E-02 -0.500000000    
          28          31 -0.137814522      -6.44617830E-05 -0.500000000    
          28          32  -5.03615290E-02  -4.90500666E-02 -0.500000000    
          28          33   1.80530176E-02  -8.57165307E-02 -0.500000000    
          29           1   8.15790668E-02 -0.144530028     -0.500000000    
          29           2  -1.07222516E-03  -8.43273550E-02 -0.500000000    
          29           3   3.79754417E-02  -1.97976939E-02 -0.500000000    
          29           4  0.153505534       3.76924835E-02 -0.500000000    
          29           5  0.208672598       8.61460343E-02 -0.500000000    
          29           6  0.104273356      0.141061336     -0.500000000    
          29           7  -1.59826912E-02  0.167091280     -0.500000000    
          29           8  -4.06921320E-02  0.187476173     -0.500000000    
          29           9   9.67225432E-02  0.180283040     -0.500000000    
          29          10  0.211123869      0.171685010     -0.500000000    
          29          11  0.234184846      0.136772379     -0.500000000    
          29          12  0.185901746       7.22787529E-02 -0.500000000    
          29          13   1.48236286E-03   3.00265625E-02 -0.500000000    
          29          14   1.96793787E-02   5.89742288E-02 -0.500000000    
          29          15  -1.30382199E-02  0.111994408     -0.500000000    
          29          16  0.194301635      0.156062037     -0.500000000    
          29          17  0.141267821      0.175173774     -0.500000000    
          29          18  -2.60873772E-02  0.157798320     -0.500000000    
          29          19 -0.118667617      0.105084471     -0.500000000    
          29          20   2.76505724E-02   7.60590807E-02 -0.500000000    
          29          21  0.212890849       8.25269073E-02 -0.500000000    
          29          22  0.300929159       8.95087123E-02 -0.500000000    
          29          23  0.202498972      0.106467053     -0.500000000    
          29          24  0.166399077      0.128054574     -0.500000000    
          29          25   6.49678707E-02  0.144013271     -0.500000000    
          29          26   1.24035180E-02  0.146456242     -0.500000000    
          29          27  -6.47408366E-02  0.105138436     -0.500000000    
          29          28  -5.46383671E-02   7.42524937E-02 -0.500000000    
          29          29  -2.11696215E-02   3.08803879E-02 -0.500000000    
          29          30  -7.01744556E-02  -1.82863567E-02 -0.500000000    
          29          31 -0.158133700      -5.11790663E-02 -0.500000000    
          29          32 -0.153409079      -9.24616307E-02 -0.500000000    
          29          33  -4.42253239E-02 -0.143911049     -0.500000000    
          30           1 -0.142217085      -8.79841521E-02 -0.500000000    
          30           2  -4.47777584E-02  -6.15398586E-02 -0.500000000    
          30           3   3.21417898E-02  -5.13639376E-02 -0.500000000    
          30           4  0.105116993      -3.13231610E-02 -0.500000000    
          30           5  0.121233106       2.28676070E-02 -0.500000000    
          30           6   7.24516883E-02   9.47882533E-02 -0.500000000    
          30           7   1.99712999E-02  0.145988420     -0.500000000    
          30           8  -3.62087339E-02  0.188128456     -0.500000000    
          30           9  -4.64188419E-02  0.179907605     -0.500000000    
          30          10   8.10356960E-02  0.163802981     -0.500000000    
          30          11   9.46611091E-02  0.120887652     -0.500000000    
          30          12   2.71121971E-03   6.63657486E-02 -0.500000000    
          30          13  -3.44204046E-02   5.01720533E-02 -0.500000000    
          30          14   3.82776931E-02   6.89552203E-02 -0.500000000    
          30          15  0.165190950      0.111681923     -0.500000000    
          30          16  0.260913938      0.149005681     -0.500000000    
          30          17  0.179746881      0.166198984     -0.500000000    
          30          18  0.185024172      0.161373526     -0.500000000    
          30          19   8.47186744E-02  0.126664698     -0.500000000    
          30          20   9.99938026E-02  0.117017850     -0.500000000    
          30          21  0.165327981      0.109925322     -0.500000000    
          30          22  0.221938238      0.112450279     -0.500000000    
          30          23  0.104801521      0.123629451     -0.500000000    
          30          24  0.132433921      0.135026157     -0.500000000    
          30          25   5.66619188E-02  0.159595296     -0.500000000    
          30          26   6.29044622E-02  0.143911704     -0.500000000    
          30          27  -6.33822381E-02   9.38374400E-02 -0.500000000    
          30          28  -8.63068104E-02   4.77947406E-02 -0.500000000    
          30          29  -7.00373426E-02  -1.83381252E-02 -0.500000000    
          30          30  -1.14734098E-02  -6.58898652E-02 -0.500000000    
          30          31  -4.78617474E-02  -7.20140934E-02 -0.500000000    
          30          32 -0.147718787      -8.44639167E-02 -0.500000000    
          30          33  -9.25588608E-02 -0.119048893     -0.500000000    
          31           1 -0.180145949       1.44157941E-02 -0.500000000    
          31           2  -7.53419921E-02   2.13361047E-02 -0.500000000    
          31           3   9.44972038E-02  -1.12928906E-02 -0.500000000    
          31           4  0.145985439      -4.01326939E-02 -0.500000000    
          31           5  0.165939197      -5.14427014E-03 -0.500000000    
          31           6  0.116320089       6.87210783E-02 -0.500000000    
          31           7  0.112642132      0.138927430     -0.500000000    
          31           8  0.100957930      0.190064907     -0.500000000    
          31           9  -7.49489367E-02  0.183998331     -0.500000000    
          31          10  -4.25249059E-03  0.164731562     -0.500000000    
          31          11   4.18863036E-02  0.124889724     -0.500000000    
          31          12  -3.45728211E-02   8.35678652E-02 -0.500000000    
          31          13   5.88734001E-02   7.51119703E-02 -0.500000000    
          31          14  0.125979364       7.61556551E-02 -0.500000000    
          31          15  0.257864863       8.84174109E-02 -0.500000000    
          31          16  0.225177124      0.105979808     -0.500000000    
          31          17   8.65255147E-02  0.135506898     -0.500000000    
          31          18  0.204343244      0.149454892     -0.500000000    
          31          19  0.271137118      0.156959757     -0.500000000    
          31          20  0.189368591      0.158305719     -0.500000000    
          31          21  0.184918165      0.147052079     -0.500000000    
          31          22  0.208951265      0.154943332     -0.500000000    
          31          23  0.105133332      0.164573640     -0.500000000    
          31          24   3.99864279E-02  0.179706544     -0.500000000    
          31          25   8.63003060E-02  0.190463901     -0.500000000    
          31          26   5.90410456E-02  0.143884987     -0.500000000    
          31          27  -4.48206291E-02   6.72080070E-02 -0.500000000    
          31          28 -0.137697712      -1.87027617E-04 -0.500000000    
          31          29 -0.157661095      -5.12940697E-02 -0.500000000    
          31          30  -4.76519018E-02  -7.20874146E-02 -0.500000000    
          31          31  -5.49744628E-02  -4.46836576E-02 -0.500000000    
          31          32 -0.140058473      -2.52555609E-02 -0.500000000    
          31          33  -9.36492905E-02  -3.91996279E-02 -0.500000000    
          32           1  -5.83543926E-02   7.54253268E-02 -0.500000000    
          32           2   6.61158860E-02   6.84918463E-02 -0.500000000    
          32           3  0.174104020       1.74864307E-02 -0.500000000    
          32           4  0.269915074      -4.66181524E-02 -0.500000000    
          32           5  0.259598881      -2.65226513E-02 -0.500000000    
          32           6  0.198474333       5.01267649E-02 -0.500000000    
          32           7  0.228956968      0.129823551     -0.500000000    
          32           8  0.224870965      0.176258728     -0.500000000    
          32           9   3.83358113E-02  0.170757160     -0.500000000    
          32          10   9.26481038E-02  0.157686174     -0.500000000    
          32          11   1.27043817E-02  0.129694536     -0.500000000    
          32          12   5.60377911E-02  0.107077636     -0.500000000    
          32          13  0.164488927       9.92875397E-02 -0.500000000    
          32          14  0.238378152       8.90246257E-02 -0.500000000    
          32          15  0.130651727       6.60399869E-02 -0.500000000    
          32          16   7.17003345E-02   6.17780834E-02 -0.500000000    
          32          17   1.09066255E-02  0.101364523     -0.500000000    
          32          18  0.171554327      0.139383659     -0.500000000    
          32          19  0.372017145      0.170982271     -0.500000000    
          32          20  0.281539589      0.185387745     -0.500000000    
          32          21  0.148060888      0.192724317     -0.500000000    
          32          22  0.164802045      0.201499552     -0.500000000    
          32          23  0.107505709      0.206104383     -0.500000000    
          32          24   1.86215714E-03  0.211936653     -0.500000000    
          32          25  0.120369129      0.200694740     -0.500000000    
          32          26  0.160346955      0.129858345     -0.500000000    
          32          27   5.79778440E-02   2.97113787E-02 -0.500000000    
          32          28  -5.01750074E-02  -4.92225476E-02 -0.500000000    
          32          29 -0.153289422      -9.26255062E-02 -0.500000000    
          32          30 -0.147638872      -8.46164674E-02 -0.500000000    
          32          31 -0.139617965      -2.53637154E-02 -0.500000000    
          32          32 -0.146462426       2.00908035E-02 -0.500000000    
          32          33   2.45452523E-02   2.34773438E-02 -0.500000000    
          33           1  0.178400114      0.123050861     -0.500000000    
          33           2  0.202409104      0.106384054     -0.500000000    
          33           3  0.235886872       4.11563478E-02 -0.500000000    
          33           4  0.320433974      -5.22423722E-02 -0.500000000    
          33           5  0.390290886      -5.11648543E-02 -0.500000000    
          33           6  0.302260518       3.39014940E-02 -0.500000000    
          33           7  0.275110096      0.113182865     -0.500000000    
          33           8  0.213113666      0.157670826     -0.500000000    
          33           9   7.21338540E-02  0.126258865     -0.500000000    
          33          10  0.169898152      0.104507640     -0.500000000    
          33          11   1.62697472E-02   8.51535574E-02 -0.500000000    
          33          12  0.101467259       7.32046068E-02 -0.500000000    
          33          13  0.215061039       9.05907527E-02 -0.500000000    
          33          14  0.250516295       8.40865225E-02 -0.500000000    
          33          15   4.78752665E-02   7.70699084E-02 -0.500000000    
          33          16   1.50379837E-02   6.42705336E-02 -0.500000000    
          33          17  -5.23334295E-02  0.112431616     -0.500000000    
          33          18   7.67023787E-02  0.178962022     -0.500000000    
          33          19  0.420131147      0.194316536     -0.500000000    
          33          20  0.332411110      0.197250739     -0.500000000    
          33          21   7.99762309E-02  0.184697554     -0.500000000    
          33          22   8.40390697E-02  0.179645404     -0.500000000    
          33          23   9.09061432E-02  0.177192211     -0.500000000    
          33          24  -8.05978477E-02  0.191671163     -0.500000000    
          33          25  0.129595861      0.188476816     -0.500000000    
          33          26  0.226082772      0.117235363     -0.500000000    
          33          27  0.129789591       8.95505771E-03 -0.500000000    
          33          28   1.79974940E-02  -8.59282464E-02 -0.500000000    
          33          29  -4.53475080E-02 -0.144090354     -0.500000000    
          33          30  -9.32429433E-02 -0.119239278     -0.500000000    
          33          31  -9.24950689E-02  -3.93927917E-02 -0.500000000    
          33          32   2.49573290E-02   2.34059077E-02 -0.500000000    
          33          33  0.313930303       4.06483710E-02 -0.500000000    
