           1           1  0.923396766      0.252262235     -0.500000000    
           1           2  0.667440951      0.155008867     -0.500000000    
           1           3  0.425423384       5.68392947E-02 -0.500000000    
           1           4  0.459343374       4.87436494E-03 -0.500000000    
           1           5  0.273461878      -1.69445612E-02 -0.500000000    
           1           6  0.195774540      -3.52987722E-02 -0.500000000    
           1           7  0.154566124      -6.67876080E-02 -0.500000000    
           1           8  -2.41614208E-02  -8.12100470E-02 -0.500000000    
           1           9  -2.66000582E-03 -0.107526191     -0.500000000    
           1          10  0.118859157     -0.167175710     -0.500000000    
           1          11   3.78835276E-02 -0.201936483     -0.500000000    
           1          12  -5.88085242E-02 -0.211814150     -0.500000000    
           1          13  -3.48954014E-02 -0.207294971     -0.500000000    
           1          14   4.82002050E-02 -0.175061569     -0.500000000    
           1          15  0.117597766     -0.101817459     -0.500000000    
           1          16  0.156976283      -1.47014782E-02 -0.500000000    
           1          17  0.263615072      -1.49120204E-02 -0.500000000    
           1          18  0.373282105      -5.61668277E-02 -0.500000000    
           1          19  0.239876851     -0.103124000     -0.500000000    
           1          20  0.207253218     -0.122800648     -0.500000000    
           1          21  0.176719040     -0.122990511     -0.500000000    
           1          22   9.66494232E-02 -0.124807000     -0.500000000    
           1          23   3.24244425E-02 -0.128821775     -0.500000000    
           1          24   7.42281005E-02 -0.129810721     -0.500000000    
           1          25   6.48457557E-02 -0.111178704     -0.500000000    
           1          26   9.33913887E-02 -0.114896171     -0.500000000    
           1          27  0.227133468     -0.110595718     -0.500000000    
           1          28  0.173959211     -0.103846796     -0.500000000    
           1          29  0.327591419     -0.124903142     -0.500000000    
           1          30  0.515350044      -9.30021703E-02 -0.500000000    
           1          31  0.544739366      -3.97694530E-03 -0.500000000    
           1          32  0.693816245      0.153543636     -0.500000000    
           1          33  0.727991521      0.274875522     -0.500000000    
           2           1  0.666971743      0.155023590     -0.500000000    
           2           2  0.441001803      0.105560891     -0.500000000    
           2           3  0.295007765       4.81159948E-02 -0.500000000    
           2           4  0.311140746       2.09425353E-02 -0.500000000    
           2           5  0.138673291      -2.30346993E-03 -0.500000000    
           2           6  0.169773892      -2.15602070E-02 -0.500000000    
           2           7   9.57849100E-02  -4.78259064E-02 -0.500000000    
           2           8  -8.29341710E-02  -5.59031293E-02 -0.500000000    
           2           9  -4.16292697E-02  -7.75167868E-02 -0.500000000    
           2          10  0.146284908     -0.148780674     -0.500000000    
           2          11  0.243034452     -0.216581360     -0.500000000    
           2          12  0.161590025     -0.236065269     -0.500000000    
           2          13   8.88251066E-02 -0.239369258     -0.500000000    
           2          14   6.55810535E-02 -0.216114983     -0.500000000    
           2          15  0.130077973     -0.149293974     -0.500000000    
           2          16  0.170099020      -5.86757250E-02 -0.500000000    
           2          17  0.232215568      -4.21558693E-02 -0.500000000    
           2          18  0.218828768      -6.98967353E-02 -0.500000000    
           2          19  0.165472522     -0.105260879     -0.500000000    
           2          20  0.122963108     -0.130122423     -0.500000000    
           2          21   6.66825697E-02 -0.123841807     -0.500000000    
           2          22  0.102593407     -0.135250136     -0.500000000    
           2          23  0.137578204     -0.135781512     -0.500000000    
           2          24  0.172738820     -0.117152445     -0.500000000    
           2          25  0.142134994      -8.99946243E-02 -0.500000000    
           2          26   6.87176287E-02  -8.80254954E-02 -0.500000000    
           2          27  0.145275444      -8.36821124E-02 -0.500000000    
           2          28  0.113364264      -7.12573230E-02 -0.500000000    
           2          29  0.228477865      -9.06785950E-02 -0.500000000    
           2          30  0.520050526     -0.101023793     -0.500000000    
           2          31  0.388742864      -5.62913455E-02 -0.500000000    
           2          32  0.522854269       3.59828398E-02 -0.500000000    
           2          33  0.478519529      0.104286022     -0.500000000    
           3           1  0.424066395       5.67229949E-02 -0.500000000    
           3           2  0.293969363       4.80130948E-02 -0.500000000    
           3           3  0.212882757       2.50530690E-02 -0.500000000    
           3           4  0.119402930       5.81989344E-03 -0.500000000    
           3           5   9.54866689E-03  -1.30321477E-02 -0.500000000    
           3           6   4.39353287E-02  -3.54544707E-02 -0.500000000    
           3           7   7.45992512E-02  -6.03292547E-02 -0.500000000    
           3           8  -2.15816572E-02  -5.98262958E-02 -0.500000000    
           3           9  -5.67779578E-02  -7.70475268E-02 -0.500000000    
           3          10   1.51417246E-02 -0.145951793     -0.500000000    
           3          11  0.160932198     -0.215468541     -0.500000000    
           3          12   4.50736471E-02 -0.227547854     -0.500000000    
           3          13   2.61774510E-02 -0.222915232     -0.500000000    
           3          14   1.46386614E-02 -0.210386142     -0.500000000    
           3          15   3.28580923E-02 -0.165396139     -0.500000000    
           3          16  0.150641724      -8.62918571E-02 -0.500000000    
           3          17  0.111481659      -7.74820000E-02 -0.500000000    
           3          18   9.64584872E-02  -9.90478024E-02 -0.500000000    
           3          19  0.121023789     -0.131179512     -0.500000000    
           3          20   9.21563283E-02 -0.143535435     -0.500000000    
           3          21  -1.23851616E-02 -0.130810037     -0.500000000    
           3          22  -3.86611838E-03 -0.130186439     -0.500000000    
           3          23   7.68224448E-02 -0.116725318     -0.500000000    
           3          24  0.148534417      -8.53727907E-02 -0.500000000    
           3          25  0.169894651      -5.72309867E-02 -0.500000000    
           3          26  0.163998857      -6.37041628E-02 -0.500000000    
           3          27  0.190397412      -5.17965406E-02 -0.500000000    
           3          28  0.200327069      -2.91869808E-02 -0.500000000    
           3          29   9.99695212E-02  -6.67412132E-02 -0.500000000    
           3          30  0.430228025     -0.115726024     -0.500000000    
           3          31  0.417553812     -0.125062406     -0.500000000    
           3          32  0.537291825      -8.70798752E-02 -0.500000000    
           3          33  0.402486295      -5.85352965E-02 -0.500000000    
           4           1  0.458209306       4.71069198E-03 -0.500000000    
           4           2  0.310006618       2.07969919E-02 -0.500000000    
           4           3  0.119152397       5.76723833E-03 -0.500000000    
           4           4   4.39734459E-02  -3.95847559E-02 -0.500000000    
           4           5   4.72580567E-02  -7.64180869E-02 -0.500000000    
           4           6   9.07173008E-03  -9.24327597E-02 -0.500000000    
           4           7   3.99306230E-03  -9.53981355E-02 -0.500000000    
           4           8 -0.107855819      -7.34212920E-02 -0.500000000    
           4           9 -0.207461491      -7.89610147E-02 -0.500000000    
           4          10  -9.72505733E-02 -0.142405376     -0.500000000    
           4          11   6.93900734E-02 -0.207552791     -0.500000000    
           4          12   6.96351752E-02 -0.222354785     -0.500000000    
           4          13   6.96571320E-02 -0.199893892     -0.500000000    
           4          14  -1.37273595E-02 -0.168333665     -0.500000000    
           4          15   4.73920554E-02 -0.134419695     -0.500000000    
           4          16  0.147966072      -7.82616436E-02 -0.500000000    
           4          17  0.111357577      -8.73791501E-02 -0.500000000    
           4          18   7.45184943E-02 -0.124142855     -0.500000000    
           4          19   8.57166648E-02 -0.160502449     -0.500000000    
           4          20   7.95353875E-02 -0.157456204     -0.500000000    
           4          21   4.82448973E-02 -0.151932418     -0.500000000    
           4          22   7.14112967E-02 -0.136539444     -0.500000000    
           4          23  0.109466672     -0.102719426     -0.500000000    
           4          24   6.01424947E-02  -5.70742227E-02 -0.500000000    
           4          25   7.03770965E-02  -1.69603750E-02 -0.500000000    
           4          26  0.114953861      -2.59657074E-02 -0.500000000    
           4          27  0.142592967      -2.60852147E-02 -0.500000000    
           4          28  0.214233115      -1.07783172E-02 -0.500000000    
           4          29  0.272073627      -6.98862597E-02 -0.500000000    
           4          30  0.416277170     -0.122540563     -0.500000000    
           4          31  0.510330796     -0.141635135     -0.500000000    
           4          32  0.653780520     -0.122773342     -0.500000000    
           4          33  0.670561492     -0.119481437     -0.500000000    
           5           1  0.273119956      -1.70954149E-02 -0.500000000    
           5           2  0.138305709      -2.43631378E-03 -0.500000000    
           5           3   9.53496248E-03  -1.30952531E-02 -0.500000000    
           5           4   4.73675914E-02  -7.64312446E-02 -0.500000000    
           5           5   9.86341685E-02 -0.144127801     -0.500000000    
           5           6   4.51956503E-02 -0.173350930     -0.500000000    
           5           7  -9.98278148E-03 -0.177256480     -0.500000000    
           5           8  -3.16659845E-02 -0.136575609     -0.500000000    
           5           9   1.23221835E-03 -0.107194051     -0.500000000    
           5          10  0.191575542     -0.130876735     -0.500000000    
           5          11  0.242158934     -0.161148250     -0.500000000    
           5          12  0.161680639     -0.170719817     -0.500000000    
           5          13  -6.12265617E-02 -0.143237516     -0.500000000    
           5          14  -5.27362898E-02 -0.114560314     -0.500000000    
           5          15   7.49496445E-02 -0.105240591     -0.500000000    
           5          16  0.146879643      -8.66198987E-02 -0.500000000    
           5          17  0.121504731      -9.61961374E-02 -0.500000000    
           5          18  0.123619460     -0.144546613     -0.500000000    
           5          19  0.113552362     -0.177572682     -0.500000000    
           5          20   7.74652883E-02 -0.179392681     -0.500000000    
           5          21  0.170915946     -0.160869896     -0.500000000    
           5          22   5.08093014E-02 -0.126795605     -0.500000000    
           5          23  -1.23739801E-02  -8.93363953E-02 -0.500000000    
           5          24  -6.01268262E-02  -4.63309549E-02 -0.500000000    
           5          25  -3.16058062E-02  -3.72348446E-03 -0.500000000    
           5          26  0.103169180       1.93521043E-03 -0.500000000    
           5          27  0.110938400      -1.30572282E-02 -0.500000000    
           5          28  0.184609696      -1.60457678E-02 -0.500000000    
           5          29  0.199420273      -6.90594316E-02 -0.500000000    
           5          30  0.213421091     -0.108132400     -0.500000000    
           5          31  0.299640179     -0.133159965     -0.500000000    
           5          32  0.309272140     -0.137279481     -0.500000000    
           5          33  0.173283488     -0.137494132     -0.500000000    
           6           1  0.195963100      -3.54516022E-02 -0.500000000    
           6           2  0.169972301      -2.16982886E-02 -0.500000000    
           6           3   4.38478217E-02  -3.55380327E-02 -0.500000000    
           6           4   8.94653425E-03  -9.24737155E-02 -0.500000000    
           6           5   4.52607051E-02 -0.173381001     -0.500000000    
           6           6   3.42405848E-02 -0.224433392     -0.500000000    
           6           7   1.72714563E-03 -0.234710976     -0.500000000    
           6           8   3.55233736E-02 -0.186379418     -0.500000000    
           6           9   9.08221230E-02 -0.140654504     -0.500000000    
           6          10  0.219706878     -0.138273597     -0.500000000    
           6          11  0.283849239     -0.147019133     -0.500000000    
           6          12  0.255002409     -0.148936093     -0.500000000    
           6          13   9.10270810E-02 -0.125086054     -0.500000000    
           6          14   2.66545676E-02  -8.40024874E-02 -0.500000000    
           6          15  0.117905684      -7.06893876E-02 -0.500000000    
           6          16  0.171968967      -6.90448061E-02 -0.500000000    
           6          17  0.113734983      -7.69497529E-02 -0.500000000    
           6          18  0.161425635     -0.114917412     -0.500000000    
           6          19  0.117273495     -0.151007771     -0.500000000    
           6          20  0.120441109     -0.170695633     -0.500000000    
           6          21  0.164676353     -0.159321025     -0.500000000    
           6          22   9.28242356E-02 -0.135827735     -0.500000000    
           6          23  -2.24987660E-02 -0.107301787     -0.500000000    
           6          24   3.59303840E-02  -9.27269533E-02 -0.500000000    
           6          25   8.94318596E-02  -6.15329109E-02 -0.500000000    
           6          26  0.204684272      -4.32287864E-02 -0.500000000    
           6          27  0.217207983      -3.81039791E-02 -0.500000000    
           6          28  0.260976255      -3.16846073E-02 -0.500000000    
           6          29  0.247976497      -7.74553940E-02 -0.500000000    
           6          30  0.247032404     -0.113408588     -0.500000000    
           6          31  0.205328435     -0.143096820     -0.500000000    
           6          32  0.276422322     -0.155829296     -0.500000000    
           6          33  0.158885613     -0.165961280     -0.500000000    
           7           1  0.155122966      -6.69441298E-02 -0.500000000    
           7           2   9.66539681E-02  -4.79828976E-02 -0.500000000    
           7           3   7.48596862E-02  -6.04619086E-02 -0.500000000    
           7           4   3.90603533E-03  -9.54818502E-02 -0.500000000    
           7           5  -9.76490881E-03 -0.177309543     -0.500000000    
           7           6   1.81221310E-03 -0.234732136     -0.500000000    
           7           7  -2.82211509E-03 -0.237110466     -0.500000000    
           7           8   4.85707372E-02 -0.182745919     -0.500000000    
           7           9  0.111054607     -0.137118474     -0.500000000    
           7          10  0.100589313     -0.117485844     -0.500000000    
           7          11  0.223159462     -0.128914565     -0.500000000    
           7          12  0.178163245     -0.138340279     -0.500000000    
           7          13   5.87210543E-02 -0.120037071     -0.500000000    
           7          14  -4.64804918E-02  -7.14140683E-02 -0.500000000    
           7          15   9.50280428E-02  -2.58174948E-02 -0.500000000    
           7          16  0.228219554      -1.91076118E-02 -0.500000000    
           7          17  0.248286247      -1.28867654E-02 -0.500000000    
           7          18  0.314867198      -4.49055992E-02 -0.500000000    
           7          19  0.215886980      -9.78414565E-02 -0.500000000    
           7          20   9.54501107E-02 -0.138770536     -0.500000000    
           7          21   4.92041148E-02 -0.164864451     -0.500000000    
           7          22   8.37842003E-02 -0.165359169     -0.500000000    
           7          23   5.32762185E-02 -0.155375585     -0.500000000    
           7          24   8.73953104E-02 -0.148872763     -0.500000000    
           7          25  0.183948576     -0.122524776     -0.500000000    
           7          26  0.197505817     -0.100130849     -0.500000000    
           7          27  0.249728233      -8.50448459E-02 -0.500000000    
           7          28  0.259685576      -5.23706488E-02 -0.500000000    
           7          29  0.276210517      -8.48937482E-02 -0.500000000    
           7          30  0.331161082     -0.125737265     -0.500000000    
           7          31  0.207284942     -0.162040427     -0.500000000    
           7          32  0.229974210     -0.166609168     -0.500000000    
           7          33  0.126978278     -0.168715179     -0.500000000    
           8           1  -2.28456110E-02  -8.14040527E-02 -0.500000000    
           8           2  -8.14130008E-02  -5.60977533E-02 -0.500000000    
           8           3  -2.09004562E-02  -6.00136630E-02 -0.500000000    
           8           4 -0.107585169      -7.35595226E-02 -0.500000000    
           8           5  -3.10356431E-02 -0.136662871     -0.500000000    
           8           6   3.60531472E-02 -0.186452419     -0.500000000    
           8           7   4.89763767E-02 -0.182785109     -0.500000000    
           8           8   7.26594627E-02 -0.123405896     -0.500000000    
           8           9   6.53038993E-02  -7.37294704E-02 -0.500000000    
           8          10   2.98309140E-02  -5.73589243E-02 -0.500000000    
           8          11   7.92838037E-02  -7.95305446E-02 -0.500000000    
           8          12   3.44786607E-02  -8.68943483E-02 -0.500000000    
           8          13 -0.119453385      -7.23666325E-02 -0.500000000    
           8          14  -4.40410785E-02  -3.83208357E-02 -0.500000000    
           8          15  0.118126146      -1.52725987E-02 -0.500000000    
           8          16  0.186763883      -1.76129695E-02 -0.500000000    
           8          17  0.129403383      -2.57290318E-04 -0.500000000    
           8          18  0.140162438      -2.75344122E-02 -0.500000000    
           8          19  0.228431776      -7.74138942E-02 -0.500000000    
           8          20  0.139852479     -0.120343976     -0.500000000    
           8          21   4.89731655E-02 -0.142534673     -0.500000000    
           8          22  -3.36591788E-02 -0.158890590     -0.500000000    
           8          23  -4.39825282E-02 -0.144500449     -0.500000000    
           8          24  -3.51608358E-02 -0.130129874     -0.500000000    
           8          25  0.101786502     -0.108073898     -0.500000000    
           8          26  0.160319716      -8.06391314E-02 -0.500000000    
           8          27  0.214376405      -7.14274496E-02 -0.500000000    
           8          28  0.145462811      -3.90811041E-02 -0.500000000    
           8          29   9.99748558E-02  -5.52071743E-02 -0.500000000    
           8          30  0.262609363     -0.109143026     -0.500000000    
           8          31  0.266055852     -0.154387027     -0.500000000    
           8          32  0.181627512     -0.148027703     -0.500000000    
           8          33   8.85038525E-02 -0.146086633     -0.500000000    
           9           1   2.72186007E-04 -0.107817329     -0.500000000    
           9           2  -3.95577252E-02  -7.78044611E-02 -0.500000000    
           9           3  -5.60731143E-02  -7.73195177E-02 -0.500000000    
           9           4 -0.207047328      -7.91516230E-02 -0.500000000    
           9           5   1.82668585E-03 -0.107289217     -0.500000000    
           9           6   9.13872048E-02 -0.140748084     -0.500000000    
           9           7  0.111492276     -0.137188450     -0.500000000    
           9           8   6.57078326E-02  -7.37827569E-02 -0.500000000    
           9           9 -0.115467459      -1.67399719E-02 -0.500000000    
           9          10   6.82854746E-03  -1.86268352E-02 -0.500000000    
           9          11   9.52036306E-02  -5.39120212E-02 -0.500000000    
           9          12  -3.05971615E-02  -6.51981458E-02 -0.500000000    
           9          13 -0.104270242      -5.22829033E-02 -0.500000000    
           9          14   5.03908359E-02  -2.70877704E-02 -0.500000000    
           9          15   6.50994927E-02  -2.61911061E-02 -0.500000000    
           9          16  -4.82436717E-02  -3.54514793E-02 -0.500000000    
           9          17  -3.76586728E-02  -2.66340394E-02 -0.500000000    
           9          18   8.62405449E-02  -3.11664883E-02 -0.500000000    
           9          19  0.232731581      -7.25309178E-02 -0.500000000    
           9          20   2.11089794E-02 -0.111199945     -0.500000000    
           9          21  -4.66681756E-02 -0.136705011     -0.500000000    
           9          22   5.56856245E-02 -0.134663597     -0.500000000    
           9          23   6.71965927E-02 -0.115850814     -0.500000000    
           9          24 -0.111590900      -8.80657658E-02 -0.500000000    
           9          25  -4.23318744E-02  -8.03805068E-02 -0.500000000    
           9          26  -1.50080733E-02  -6.63196594E-02 -0.500000000    
           9          27   5.54157197E-02  -6.23627864E-02 -0.500000000    
           9          28   8.89296681E-02  -3.79877090E-02 -0.500000000    
           9          29   4.91877347E-02  -5.21594211E-02 -0.500000000    
           9          30  0.164866090     -0.109272137     -0.500000000    
           9          31  0.257486999     -0.151436508     -0.500000000    
           9          32  0.144223496     -0.145977020     -0.500000000    
           9          33  0.126847327     -0.147419915     -0.500000000    
          10           1  0.122174598     -0.167497590     -0.500000000    
          10           2  0.148505613     -0.149097875     -0.500000000    
          10           3   1.59869753E-02 -0.146253079     -0.500000000    
          10           4  -9.66900066E-02 -0.142610118     -0.500000000    
          10           5  0.191968545     -0.130944550     -0.500000000    
          10           6  0.220013350     -0.138315439     -0.500000000    
          10           7  0.100726508     -0.117526181     -0.500000000    
          10           8   2.99949385E-02  -5.73996380E-02 -0.500000000    
          10           9   6.72904681E-03  -1.86527446E-02 -0.500000000    
          10          10   6.11132346E-02  -3.60184051E-02 -0.500000000    
          10          11   4.98663373E-02  -7.25036114E-02 -0.500000000    
          10          12  -8.02055281E-03  -8.31288397E-02 -0.500000000    
          10          13  -2.46732365E-02  -5.74134998E-02 -0.500000000    
          10          14   4.58768196E-03  -5.00851572E-02 -0.500000000    
          10          15   9.63238254E-03  -5.10852262E-02 -0.500000000    
          10          16   4.38892506E-02  -5.29599898E-02 -0.500000000    
          10          17  0.101559952      -5.99884093E-02 -0.500000000    
          10          18   9.90351066E-02  -4.96739149E-02 -0.500000000    
          10          19  0.105668820      -7.74462298E-02 -0.500000000    
          10          20  -4.14563641E-02 -0.114367954     -0.500000000    
          10          21   2.45147459E-02 -0.133925915     -0.500000000    
          10          22   4.26370054E-02 -0.132087067     -0.500000000    
          10          23   3.31583545E-02 -0.103208706     -0.500000000    
          10          24   6.84148446E-02  -9.00144055E-02 -0.500000000    
          10          25   4.13988531E-02  -8.61850083E-02 -0.500000000    
          10          26   3.84543687E-02  -7.25699365E-02 -0.500000000    
          10          27   1.43471472E-02  -6.66275769E-02 -0.500000000    
          10          28   5.20751067E-02  -5.35922274E-02 -0.500000000    
          10          29  0.151184365      -8.23134780E-02 -0.500000000    
          10          30  0.163796991     -0.146859065     -0.500000000    
          10          31  0.205341637     -0.180931017     -0.500000000    
          10          32   6.60700202E-02 -0.182199553     -0.500000000    
          10          33   3.14506143E-02 -0.180410832     -0.500000000    
          11           1   4.02326360E-02 -0.202308714     -0.500000000    
          11           2  0.244919792     -0.216936678     -0.500000000    
          11           3  0.161944315     -0.215800837     -0.500000000    
          11           4   7.01649114E-02 -0.207786888     -0.500000000    
          11           5  0.242642313     -0.161234036     -0.500000000    
          11           6  0.284122258     -0.147014245     -0.500000000    
          11           7  0.223152325     -0.128900081     -0.500000000    
          11           8   7.92097598E-02  -7.95245916E-02 -0.500000000    
          11           9   9.50761884E-02  -5.39323576E-02 -0.500000000    
          11          10   4.98056673E-02  -7.24918619E-02 -0.500000000    
          11          11   8.02230164E-02 -0.101793423     -0.500000000    
          11          12  0.112998292     -0.116380230     -0.500000000    
          11          13   2.86930446E-02  -9.99395326E-02 -0.500000000    
          11          14   4.19657528E-02  -8.78320336E-02 -0.500000000    
          11          15  0.100264065      -8.56167376E-02 -0.500000000    
          11          16  0.147563651      -8.22385401E-02 -0.500000000    
          11          17  0.187889606      -8.74247625E-02 -0.500000000    
          11          18  0.163964763      -8.16946328E-02 -0.500000000    
          11          19   9.65133309E-02  -8.64450857E-02 -0.500000000    
          11          20   9.30380523E-02 -0.125502780     -0.500000000    
          11          21   8.53020847E-02 -0.155380175     -0.500000000    
          11          22   6.17926344E-02 -0.146132231     -0.500000000    
          11          23  0.135176539     -0.124864139     -0.500000000    
          11          24  0.220097780      -9.07261744E-02 -0.500000000    
          11          25  0.137176916      -9.00017545E-02 -0.500000000    
          11          26   9.13586989E-02 -0.100495629     -0.500000000    
          11          27   5.77836931E-02 -0.113780536     -0.500000000    
          11          28  0.168573543     -0.109247118     -0.500000000    
          11          29  0.214756072     -0.134247363     -0.500000000    
          11          30   9.84215885E-02 -0.174044535     -0.500000000    
          11          31  0.120082900     -0.191122457     -0.500000000    
          11          32   1.56502482E-02 -0.197627589     -0.500000000    
          11          33   1.56756360E-02 -0.208971515     -0.500000000    
          12           1  -5.74748889E-02 -0.212140992     -0.500000000    
          12           2  0.162972733     -0.236408189     -0.500000000    
          12           3   4.60221395E-02 -0.227868691     -0.500000000    
          12           4   7.03414083E-02 -0.222598538     -0.500000000    
          12           5  0.162266865     -0.170853719     -0.500000000    
          12           6  0.255193681     -0.148949161     -0.500000000    
          12           7  0.178242475     -0.138316527     -0.500000000    
          12           8   3.45651098E-02  -8.68542716E-02 -0.500000000    
          12           9  -3.05065922E-02  -6.51587248E-02 -0.500000000    
          12          10  -8.15841928E-03  -8.30655545E-02 -0.500000000    
          12          11  0.112864941     -0.116308682     -0.500000000    
          12          12   7.00802356E-02 -0.133878544     -0.500000000    
          12          13   7.58901164E-02 -0.138156325     -0.500000000    
          12          14  0.191547140     -0.131975159     -0.500000000    
          12          15   6.95089176E-02 -0.117522873     -0.500000000    
          12          16   4.82462645E-02  -9.87406373E-02 -0.500000000    
          12          17  0.111842103      -9.96356234E-02 -0.500000000    
          12          18  0.250054181     -0.110467240     -0.500000000    
          12          19  0.316359520     -0.110468633     -0.500000000    
          12          20  0.279479414     -0.151296422     -0.500000000    
          12          21  0.145607442     -0.170920476     -0.500000000    
          12          22  0.168726906     -0.156095535     -0.500000000    
          12          23  0.192299157     -0.127247274     -0.500000000    
          12          24  0.158483654      -9.18955207E-02 -0.500000000    
          12          25   2.68778373E-02  -7.70835280E-02 -0.500000000    
          12          26   5.49240969E-02 -0.116207018     -0.500000000    
          12          27  0.145327777     -0.160692886     -0.500000000    
          12          28  0.260137349     -0.172977105     -0.500000000    
          12          29  0.234953433     -0.187983260     -0.500000000    
          12          30   3.95120122E-02 -0.196316838     -0.500000000    
          12          31   3.37989554E-02 -0.189189598     -0.500000000    
          12          32   3.47640105E-02 -0.204693750     -0.500000000    
          12          33   4.33259830E-02 -0.235938683     -0.500000000    
          13           1  -3.43333259E-02 -0.207549378     -0.500000000    
          13           2   8.94867107E-02 -0.239656746     -0.500000000    
          13           3   2.66498197E-02 -0.223181024     -0.500000000    
          13           4   6.98826835E-02 -0.200095430     -0.500000000    
          13           5  -6.09858967E-02 -0.143373936     -0.500000000    
          13           6   9.11555886E-02 -0.125135660     -0.500000000    
          13           7   5.88174164E-02 -0.120036416     -0.500000000    
          13           8 -0.119164087      -7.23305568E-02 -0.500000000    
          13           9 -0.104009554      -5.21899946E-02 -0.500000000    
          13          10  -2.48685833E-02  -5.72929494E-02 -0.500000000    
          13          11   2.81791799E-02  -9.97733474E-02 -0.500000000    
          13          12   7.56899714E-02 -0.138028741     -0.500000000    
          13          13  0.172284290     -0.153784379     -0.500000000    
          13          14  0.165155128     -0.158286378     -0.500000000    
          13          15   4.25277799E-02 -0.133669540     -0.500000000    
          13          16  -5.92661165E-02  -9.86949727E-02 -0.500000000    
          13          17   1.98068805E-02  -7.61559382E-02 -0.500000000    
          13          18  0.169324428      -8.72146636E-02 -0.500000000    
          13          19  0.292803556     -0.129838794     -0.500000000    
          13          20  0.337519437     -0.150343060     -0.500000000    
          13          21  0.225903988     -0.166073099     -0.500000000    
          13          22  0.206126422     -0.158138081     -0.500000000    
          13          23   9.26800966E-02 -0.114651419     -0.500000000    
          13          24   6.38931021E-02  -7.90150240E-02 -0.500000000    
          13          25   1.93058178E-02  -7.23332390E-02 -0.500000000    
          13          26  -4.18786295E-02 -0.104985423     -0.500000000    
          13          27  0.153091520     -0.167042732     -0.500000000    
          13          28  0.169338197     -0.188984007     -0.500000000    
          13          29  0.116604961     -0.203166679     -0.500000000    
          13          30   8.69950429E-02 -0.208430737     -0.500000000    
          13          31  0.112332359     -0.211801514     -0.500000000    
          13          32  0.103349194     -0.224080861     -0.500000000    
          13          33   6.99891075E-02 -0.233495533     -0.500000000    
          14           1   4.85826954E-02 -0.175224662     -0.500000000    
          14           2   6.60702884E-02 -0.216295034     -0.500000000    
          14           3   1.50331417E-02 -0.210538298     -0.500000000    
          14           4  -1.36476001E-02 -0.168446004     -0.500000000    
          14           5  -5.28073683E-02 -0.114662513     -0.500000000    
          14           6   2.63755023E-02  -8.40889364E-02 -0.500000000    
          14           7  -4.67972532E-02  -7.14648291E-02 -0.500000000    
          14           8  -4.39414904E-02  -3.83373350E-02 -0.500000000    
          14           9   5.05916886E-02  -2.70137899E-02 -0.500000000    
          14          10   4.61277319E-03  -4.99389954E-02 -0.500000000    
          14          11   4.17950787E-02  -8.76174197E-02 -0.500000000    
          14          12  0.191147774     -0.131752253     -0.500000000    
          14          13  0.164888263     -0.158149272     -0.500000000    
          14          14  0.106896877     -0.148429349     -0.500000000    
          14          15   3.19154151E-02 -0.117782474     -0.500000000    
          14          16   5.56377210E-02  -7.47819915E-02 -0.500000000    
          14          17   2.24446841E-02  -3.64566222E-02 -0.500000000    
          14          18  -6.78640092E-03  -3.70388590E-02 -0.500000000    
          14          19   9.57476348E-02  -8.56434703E-02 -0.500000000    
          14          20  0.173935786     -0.130912632     -0.500000000    
          14          21  0.154651597     -0.140913814     -0.500000000    
          14          22  0.200861216     -0.128404334     -0.500000000    
          14          23  0.154553548     -0.106680579     -0.500000000    
          14          24  0.193049863      -7.76217654E-02 -0.500000000    
          14          25   8.42964575E-02  -6.46031946E-02 -0.500000000    
          14          26  -5.82575537E-02  -7.95014054E-02 -0.500000000    
          14          27   8.96979943E-02 -0.119157918     -0.500000000    
          14          28   8.21455270E-02 -0.160079896     -0.500000000    
          14          29   9.65141878E-03 -0.190033853     -0.500000000    
          14          30   9.10779536E-02 -0.197141856     -0.500000000    
          14          31  0.105874345     -0.204825357     -0.500000000    
          14          32  0.183852389     -0.209582806     -0.500000000    
          14          33  0.119958147     -0.205652401     -0.500000000    
          15           1  0.117675163     -0.101760589     -0.500000000    
          15           2  0.130102947     -0.149234772     -0.500000000    
          15           3   3.28192562E-02 -0.165318757     -0.500000000    
          15           4   4.71793935E-02 -0.134365216     -0.500000000    
          15           5   7.45884553E-02 -0.105241843     -0.500000000    
          15           6  0.117586613      -7.07479715E-02 -0.500000000    
          15           7   9.47748125E-02  -2.58737244E-02 -0.500000000    
          15           8  0.118045799      -1.53151304E-02 -0.500000000    
          15           9   6.52200356E-02  -2.62018666E-02 -0.500000000    
          15          10   1.00339083E-02  -5.09981699E-02 -0.500000000    
          15          11  0.100403391      -8.54351744E-02 -0.500000000    
          15          12   6.93241134E-02 -0.117273904     -0.500000000    
          15          13   4.22414728E-02 -0.133463070     -0.500000000    
          15          14   3.18932906E-02 -0.117684141     -0.500000000    
          15          15  0.203024954      -8.07121247E-02 -0.500000000    
          15          16  0.171160474      -4.45256494E-02 -0.500000000    
          15          17   8.12624842E-02  -1.96799617E-02 -0.500000000    
          15          18  -2.61803828E-02  -1.04118548E-02 -0.500000000    
          15          19  -8.15403610E-02  -3.78425308E-02 -0.500000000    
          15          20  -4.19010073E-02  -8.78973454E-02 -0.500000000    
          15          21   6.53375313E-02 -0.110100858     -0.500000000    
          15          22  0.139069289     -0.101827644     -0.500000000    
          15          23  0.193663955      -8.68930668E-02 -0.500000000    
          15          24  0.223173916      -7.02321082E-02 -0.500000000    
          15          25  0.100479871      -5.16385585E-02 -0.500000000    
          15          26   1.56828798E-02  -4.45800237E-02 -0.500000000    
          15          27  0.112251066      -7.05933124E-02 -0.500000000    
          15          28   5.51025793E-02 -0.117753536     -0.500000000    
          15          29   3.97884399E-02 -0.148741767     -0.500000000    
          15          30  0.111232936     -0.146392882     -0.500000000    
          15          31  0.129026249     -0.159686208     -0.500000000    
          15          32  0.120646968     -0.164332315     -0.500000000    
          15          33  0.140834540     -0.153206840     -0.500000000    
          16           1  0.157710224      -1.44393984E-02 -0.500000000    
          16           2  0.170753554      -5.84108084E-02 -0.500000000    
          16           3  0.151132733      -8.60134289E-02 -0.500000000    
          16           4  0.148072094      -7.80029669E-02 -0.500000000    
          16           5  0.146535248      -8.64222944E-02 -0.500000000    
          16           6  0.171515599      -6.89255223E-02 -0.500000000    
          16           7  0.228062689      -1.90563202E-02 -0.500000000    
          16           8  0.186685368      -1.76323224E-02 -0.500000000    
          16           9  -4.81248461E-02  -3.55202891E-02 -0.500000000    
          16          10   4.43116687E-02  -5.29499091E-02 -0.500000000    
          16          11  0.147801980      -8.21221247E-02 -0.500000000    
          16          12   4.82624508E-02  -9.85426009E-02 -0.500000000    
          16          13  -5.92574105E-02  -9.85009000E-02 -0.500000000    
          16          14   5.57392873E-02  -7.46688917E-02 -0.500000000    
          16          15  0.171221271      -4.44745645E-02 -0.500000000    
          16          16  0.395443946      -3.00701018E-02 -0.500000000    
          16          17  0.409147918      -2.00602990E-02 -0.500000000    
          16          18  0.146061555      -1.66490935E-02 -0.500000000    
          16          19   1.90440696E-02  -2.48186886E-02 -0.500000000    
          16          20  -4.13187742E-02  -6.04147092E-02 -0.500000000    
          16          21   1.38618983E-02  -9.09271836E-02 -0.500000000    
          16          22   9.72937047E-02  -8.67205039E-02 -0.500000000    
          16          23   9.06054899E-02  -6.51931316E-02 -0.500000000    
          16          24   7.29273856E-02  -4.13883142E-02 -0.500000000    
          16          25   4.22181450E-02  -2.76959483E-02 -0.500000000    
          16          26   3.21517475E-02  -2.16030814E-02 -0.500000000    
          16          27  0.126237750      -4.11339328E-02 -0.500000000    
          16          28  0.135584682      -8.68397057E-02 -0.500000000    
          16          29  0.108444825      -9.60072726E-02 -0.500000000    
          16          30  0.106462240      -9.94744748E-02 -0.500000000    
          16          31   7.37427920E-02 -0.118768066     -0.500000000    
          16          32   1.00149410E-02 -0.121357687     -0.500000000    
          16          33   7.21844658E-02 -0.112469681     -0.500000000    
          17           1  0.264537007      -1.44848721E-02 -0.500000000    
          17           2  0.232890829      -4.17309366E-02 -0.500000000    
          17           3  0.112020962      -7.70788938E-02 -0.500000000    
          17           4  0.111681193      -8.70363787E-02 -0.500000000    
          17           5  0.121513203      -9.59369466E-02 -0.500000000    
          17           6  0.113484599      -7.67582953E-02 -0.500000000    
          17           7  0.247931629      -1.27712497E-02 -0.500000000    
          17           8  0.129124865      -2.50073033E-04 -0.500000000    
          17           9  -3.75496149E-02  -2.66905129E-02 -0.500000000    
          17          10  0.101722851      -6.00531586E-02 -0.500000000    
          17          11  0.188346460      -8.73917192E-02 -0.500000000    
          17          12  0.112454787      -9.95258838E-02 -0.500000000    
          17          13   2.00632326E-02  -7.60163367E-02 -0.500000000    
          17          14   2.23138519E-02  -3.63252498E-02 -0.500000000    
          17          15   8.12559947E-02  -1.96066946E-02 -0.500000000    
          17          16  0.409248412      -2.00351104E-02 -0.500000000    
          17          17  0.530897915      -3.01789269E-02 -0.500000000    
          17          18  0.224507034      -3.14318314E-02 -0.500000000    
          17          19   9.58162993E-02  -5.22548631E-02 -0.500000000    
          17          20   3.84341814E-02  -7.86641389E-02 -0.500000000    
          17          21   5.76049425E-02 -0.100575216     -0.500000000    
          17          22   4.33750339E-02  -9.45565403E-02 -0.500000000    
          17          23  -9.10995007E-02  -5.23825437E-02 -0.500000000    
          17          24  -5.61789311E-02  -3.28394510E-02 -0.500000000    
          17          25   4.80325036E-02  -2.96997689E-02 -0.500000000    
          17          26  0.140164196      -2.52577700E-02 -0.500000000    
          17          27  0.124626108      -3.60122137E-02 -0.500000000    
          17          28  0.162089854      -7.82080144E-02 -0.500000000    
          17          29  0.155171424      -8.54680389E-02 -0.500000000    
          17          30   7.80894831E-02 -0.106607147     -0.500000000    
          17          31   3.31804566E-02 -0.122249551     -0.500000000    
          17          32   5.77428564E-02 -0.130031228     -0.500000000    
          17          33  0.180565119     -0.128402352     -0.500000000    
          18           1  0.373247087      -5.58549203E-02 -0.500000000    
          18           2  0.218866095      -6.95899203E-02 -0.500000000    
          18           3   9.66363475E-02  -9.87483487E-02 -0.500000000    
          18           4   7.50148445E-02 -0.123851977     -0.500000000    
          18           5  0.124474443     -0.144266501     -0.500000000    
          18           6  0.162151903     -0.114655524     -0.500000000    
          18           7  0.315015733      -4.47042808E-02 -0.500000000    
          18           8  0.139792860      -2.74417531E-02 -0.500000000    
          18           9   8.58523324E-02  -3.11692115E-02 -0.500000000    
          18          10   9.88154635E-02  -4.97760922E-02 -0.500000000    
          18          11  0.164472625      -8.18163827E-02 -0.500000000    
          18          12  0.251040727     -0.110492133     -0.500000000    
          18          13  0.169987291      -8.71441588E-02 -0.500000000    
          18          14  -6.81647239E-03  -3.69129889E-02 -0.500000000    
          18          15  -2.63946485E-02  -1.02880681E-02 -0.500000000    
          18          16  0.146199703      -1.65755637E-02 -0.500000000    
          18          17  0.224510193      -3.14075798E-02 -0.500000000    
          18          18   6.73573613E-02  -5.46169877E-02 -0.500000000    
          18          19  -1.39825707E-02  -9.72263217E-02 -0.500000000    
          18          20   3.78291048E-02 -0.137677014     -0.500000000    
          18          21  0.139126480     -0.138475955     -0.500000000    
          18          22   1.29584000E-02 -0.112007439     -0.500000000    
          18          23  -9.35239345E-02  -7.34334290E-02 -0.500000000    
          18          24  -9.47098657E-02  -5.55280298E-02 -0.500000000    
          18          25  0.102816932      -5.82549646E-02 -0.500000000    
          18          26  0.248289317      -5.51313572E-02 -0.500000000    
          18          27  0.139904514      -6.67428374E-02 -0.500000000    
          18          28  0.100373320     -0.116002321     -0.500000000    
          18          29  -1.50868455E-02 -0.130693316     -0.500000000    
          18          30  -3.15853283E-02 -0.160862818     -0.500000000    
          18          31  -2.55894233E-02 -0.171464935     -0.500000000    
          18          32   8.78690779E-02 -0.163680077     -0.500000000    
          18          33  0.105744153     -0.155621335     -0.500000000    
          19           1  0.239691421     -0.103056550     -0.500000000    
          19           2  0.165352613     -0.105198503     -0.500000000    
          19           3  0.121031567     -0.131132305     -0.500000000    
          19           4   8.61640126E-02 -0.160411820     -0.500000000    
          19           5  0.114585727     -0.177397445     -0.500000000    
          19           6  0.118501231     -0.150765359     -0.500000000    
          19           7  0.216619492      -9.75985825E-02 -0.500000000    
          19           8  0.228556916      -7.71816075E-02 -0.500000000    
          19           9  0.232180804      -7.23567903E-02 -0.500000000    
          19          10  0.105100140      -7.74135813E-02 -0.500000000    
          19          11   9.65078995E-02  -8.65918994E-02 -0.500000000    
          19          12  0.316943616     -0.110628441     -0.500000000    
          19          13  0.293461174     -0.129911378     -0.500000000    
          19          14   9.59367231E-02  -8.55979174E-02 -0.500000000    
          19          15  -8.17353576E-02  -3.77153642E-02 -0.500000000    
          19          16   1.89139508E-02  -2.47015692E-02 -0.500000000    
          19          17   9.59657803E-02  -5.21898083E-02 -0.500000000    
          19          18  -1.40548609E-02  -9.71994773E-02 -0.500000000    
          19          19   4.19810265E-02 -0.155517161     -0.500000000    
          19          20  0.147250324     -0.198535010     -0.500000000    
          19          21  0.202273726     -0.179417789     -0.500000000    
          19          22   2.03148089E-02 -0.134390488     -0.500000000    
          19          23  -9.84434038E-02 -0.108945504     -0.500000000    
          19          24   1.03396177E-02  -9.18304697E-02 -0.500000000    
          19          25  0.202021897      -9.06698033E-02 -0.500000000    
          19          26  0.170759380     -0.104849346     -0.500000000    
          19          27   3.88864465E-02 -0.118678428     -0.500000000    
          19          28  -1.35041773E-02 -0.160445303     -0.500000000    
          19          29   2.09844448E-02 -0.205853760     -0.500000000    
          19          30   2.24111769E-02 -0.239124358     -0.500000000    
          19          31   2.76535079E-02 -0.227559760     -0.500000000    
          19          32   8.44781194E-03 -0.189993173     -0.500000000    
          19          33  -3.77956685E-03 -0.168881714     -0.500000000    
          20           1  0.207442164     -0.123057492     -0.500000000    
          20           2  0.122664042     -0.130285338     -0.500000000    
          20           3   9.15813297E-02 -0.143619835     -0.500000000    
          20           4   7.91208670E-02 -0.157475203     -0.500000000    
          20           5   7.75495023E-02 -0.179287791     -0.500000000    
          20           6  0.121358640     -0.170455754     -0.500000000    
          20           7   9.61886495E-02 -0.138454780     -0.500000000    
          20           8  0.140337303     -0.119955227     -0.500000000    
          20           9   2.07623839E-02 -0.110820368     -0.500000000    
          20          10  -4.24476266E-02 -0.114102855     -0.500000000    
          20          11   9.23734382E-02 -0.125491858     -0.500000000    
          20          12  0.279697448     -0.151498348     -0.500000000    
          20          13  0.338070542     -0.150547206     -0.500000000    
          20          14  0.174415842     -0.131010756     -0.500000000    
          20          15  -4.19963859E-02  -8.78658816E-02 -0.500000000    
          20          16  -4.17212658E-02  -6.03236817E-02 -0.500000000    
          20          17   3.84616405E-02  -7.85993636E-02 -0.500000000    
          20          18   3.77423316E-02 -0.137610912     -0.500000000    
          20          19  0.146932885     -0.198478892     -0.500000000    
          20          20  0.286584675     -0.227620974     -0.500000000    
          20          21  0.117030375     -0.205438673     -0.500000000    
          20          22  -7.15217218E-02 -0.161056921     -0.500000000    
          20          23  -8.92501324E-02 -0.131665945     -0.500000000    
          20          24   4.28241603E-02 -0.107711844     -0.500000000    
          20          25   9.57892984E-02 -0.105192780     -0.500000000    
          20          26  0.141167060     -0.135290876     -0.500000000    
          20          27   8.29556361E-02 -0.171711147     -0.500000000    
          20          28   9.37381014E-03 -0.222164929     -0.500000000    
          20          29  0.110815026     -0.272509426     -0.500000000    
          20          30  0.130476028     -0.291590989     -0.500000000    
          20          31   3.17491479E-02 -0.267696172     -0.500000000    
          20          32  -4.28934917E-02 -0.219765142     -0.500000000    
          20          33  -9.43999514E-02 -0.179611519     -0.500000000    
          21           1  0.176584259     -0.123413406     -0.500000000    
          21           2   6.65263832E-02 -0.124087781     -0.500000000    
          21           3  -1.29858851E-02 -0.130873054     -0.500000000    
          21           4   4.72037978E-02 -0.151884928     -0.500000000    
          21           5  0.170131430     -0.160733446     -0.500000000    
          21           6  0.164130196     -0.159090534     -0.500000000    
          21           7   4.90314215E-02 -0.164509103     -0.500000000    
          21           8   4.88073826E-02 -0.142059386     -0.500000000    
          21           9  -4.69150320E-02 -0.136149675     -0.500000000    
          21          10   2.39374992E-02 -0.133428961     -0.500000000    
          21          11   8.45699906E-02 -0.155095011     -0.500000000    
          21          12  0.145526364     -0.170963362     -0.500000000    
          21          13  0.226374432     -0.166325748     -0.500000000    
          21          14  0.155057415     -0.141145915     -0.500000000    
          21          15   6.56519234E-02 -0.110227004     -0.500000000    
          21          16   1.37860691E-02  -9.09606665E-02 -0.500000000    
          21          17   5.72264530E-02 -0.100552633     -0.500000000    
          21          18  0.138796657     -0.138423935     -0.500000000    
          21          19  0.201858774     -0.179317638     -0.500000000    
          21          20  0.116814941     -0.205373839     -0.500000000    
          21          21  -7.36781955E-02 -0.209638387     -0.500000000    
          21          22 -0.125727549     -0.187369004     -0.500000000    
          21          23  -1.89699158E-02 -0.154230446     -0.500000000    
          21          24   8.95787869E-03 -0.125484839     -0.500000000    
          21          25  -1.88889820E-03 -0.115945168     -0.500000000    
          21          26   8.00802782E-02 -0.155699193     -0.500000000    
          21          27  0.158029258     -0.210226864     -0.500000000    
          21          28  0.205831081     -0.256593794     -0.500000000    
          21          29  0.190446630     -0.299769610     -0.500000000    
          21          30   7.80539587E-02 -0.300233871     -0.500000000    
          21          31  -4.27057818E-02 -0.267149150     -0.500000000    
          21          32  -3.69965546E-02 -0.229762033     -0.500000000    
          21          33  -5.82753420E-02 -0.196159840     -0.500000000    
          22           1   9.53217298E-02 -0.125263780     -0.500000000    
          22           2  0.102118380     -0.135575727     -0.500000000    
          22           3  -3.82042117E-03 -0.130289927     -0.500000000    
          22           4   7.11941347E-02 -0.136462525     -0.500000000    
          22           5   5.03693931E-02 -0.126650557     -0.500000000    
          22           6   9.25736502E-02 -0.135665193     -0.500000000    
          22           7   8.35909694E-02 -0.165082797     -0.500000000    
          22           8  -3.38230766E-02 -0.158482656     -0.500000000    
          22           9   5.55460081E-02 -0.134116367     -0.500000000    
          22          10   4.23586629E-02 -0.131434441     -0.500000000    
          22          11   6.12674169E-02 -0.145534441     -0.500000000    
          22          12  0.168085843     -0.155790254     -0.500000000    
          22          13  0.206315488     -0.158182234     -0.500000000    
          22          14  0.201386794     -0.128684983     -0.500000000    
          22          15  0.139534935     -0.102101155     -0.500000000    
          22          16   9.73801911E-02  -8.68947506E-02 -0.500000000    
          22          17   4.31170762E-02  -9.46291313E-02 -0.500000000    
          22          18   1.27096670E-02 -0.112000071     -0.500000000    
          22          19   1.98875163E-02 -0.134332865     -0.500000000    
          22          20  -7.17699602E-02 -0.161012128     -0.500000000    
          22          21 -0.125768393     -0.187331155     -0.500000000    
          22          22  -2.15386674E-02 -0.174755096     -0.500000000    
          22          23  -1.99427940E-02 -0.166980416     -0.500000000    
          22          24   4.35942113E-02 -0.154022828     -0.500000000    
          22          25   5.01818880E-02 -0.151520863     -0.500000000    
          22          26   5.75923584E-02 -0.178688899     -0.500000000    
          22          27  0.126310170     -0.227762267     -0.500000000    
          22          28  0.114484772     -0.243139714     -0.500000000    
          22          29   7.54621848E-02 -0.270222038     -0.500000000    
          22          30  -1.23566044E-02 -0.283670813     -0.500000000    
          22          31   8.01299885E-02 -0.271593809     -0.500000000    
          22          32  0.153663635     -0.255817682     -0.500000000    
          22          33  0.146597609     -0.232240498     -0.500000000    
          23           1   3.08502614E-02 -0.129020736     -0.500000000    
          23           2  0.136252537     -0.136015549     -0.500000000    
          23           3   7.64330924E-02 -0.116896085     -0.500000000    
          23           4  0.109565586     -0.102757379     -0.500000000    
          23           5  -1.24742473E-02  -8.92960727E-02 -0.500000000    
          23           6  -2.25135814E-02 -0.107303351     -0.500000000    
          23           7   5.35412356E-02 -0.155289739     -0.500000000    
          23           8  -4.36798111E-02 -0.144233391     -0.500000000    
          23           9   6.77064806E-02 -0.115435585     -0.500000000    
          23          10   3.34872231E-02 -0.102626532     -0.500000000    
          23          11  0.135203898     -0.124167219     -0.500000000    
          23          12  0.191665649     -0.126633108     -0.500000000    
          23          13   9.21063349E-02 -0.114355586     -0.500000000    
          23          14  0.154784322     -0.106749460     -0.500000000    
          23          15  0.194303170      -8.71487632E-02 -0.500000000    
          23          16   9.11459476E-02  -6.54254407E-02 -0.500000000    
          23          17  -9.09802616E-02  -5.25282845E-02 -0.500000000    
          23          18  -9.33920965E-02  -7.34905601E-02 -0.500000000    
          23          19  -9.84127894E-02 -0.108951882     -0.500000000    
          23          20  -8.93904418E-02 -0.131642193     -0.500000000    
          23          21  -1.89960003E-02 -0.154229999     -0.500000000    
          23          22  -1.99054554E-02 -0.167018786     -0.500000000    
          23          23  -4.91961353E-02 -0.156122372     -0.500000000    
          23          24   9.90931094E-02 -0.156182647     -0.500000000    
          23          25   2.92557105E-03 -0.135155722     -0.500000000    
          23          26  -1.04528228E-02 -0.156784162     -0.500000000    
          23          27 -0.131708473     -0.187965989     -0.500000000    
          23          28 -0.180795640     -0.189512864     -0.500000000    
          23          29  -9.55377221E-02 -0.208958387     -0.500000000    
          23          30  -4.50259373E-02 -0.249408737     -0.500000000    
          23          31  0.145032093     -0.265967637     -0.500000000    
          23          32  0.207872272     -0.261948407     -0.500000000    
          23          33  0.235744283     -0.251928389     -0.500000000    
          24           1   8.02454725E-02 -0.129655153     -0.500000000    
          24           2  0.177266628     -0.117010914     -0.500000000    
          24           3  0.151047379      -8.52242410E-02 -0.500000000    
          24           4   6.09942526E-02  -5.68933822E-02 -0.500000000    
          24           5  -6.03842773E-02  -4.62205075E-02 -0.500000000    
          24           6   3.58755179E-02  -9.27067250E-02 -0.500000000    
          24           7   8.71820524E-02 -0.148908809     -0.500000000    
          24           8  -3.49745825E-02 -0.130094230     -0.500000000    
          24           9 -0.111046955      -8.79123658E-02 -0.500000000    
          24          10   6.95933327E-02  -8.96593407E-02 -0.500000000    
          24          11  0.220545948      -9.01726931E-02 -0.500000000    
          24          12  0.158291057      -9.12598893E-02 -0.500000000    
          24          13   6.33399487E-02  -7.84900561E-02 -0.500000000    
          24          14  0.192601830      -7.73973316E-02 -0.500000000    
          24          15  0.223308071      -7.02534541E-02 -0.500000000    
          24          16   7.32324049E-02  -4.14875969E-02 -0.500000000    
          24          17  -5.56536652E-02  -3.29331756E-02 -0.500000000    
          24          18  -9.40762758E-02  -5.56353182E-02 -0.500000000    
          24          19   1.06117027E-02  -9.18374658E-02 -0.500000000    
          24          20   4.28573117E-02 -0.107665293     -0.500000000    
          24          21   9.17737745E-03 -0.125551805     -0.500000000    
          24          22   4.39904667E-02 -0.154197827     -0.500000000    
          24          23   9.92207974E-02 -0.156326711     -0.500000000    
          24          24 -0.148688599     -0.109480128     -0.500000000    
          24          25 -0.191157520      -8.67281407E-02 -0.500000000    
          24          26  -4.65800539E-02  -9.57164913E-02 -0.500000000    
          24          27  -6.68942276E-03 -0.123437017     -0.500000000    
          24          28   1.48019567E-02 -0.127522066     -0.500000000    
          24          29  -4.48739305E-02 -0.142970413     -0.500000000    
          24          30  -8.32589157E-03 -0.185050890     -0.500000000    
          24          31  0.155003265     -0.209562883     -0.500000000    
          24          32  0.159844682     -0.219253451     -0.500000000    
          24          33  0.220688716     -0.235368073     -0.500000000    
          25           1   6.87621161E-02 -0.111623012     -0.500000000    
          25           2  0.146503389      -9.03827921E-02 -0.500000000    
          25           3  0.174181968      -5.75426891E-02 -0.500000000    
          25           4   7.46146739E-02  -1.69919021E-02 -0.500000000    
          25           5  -2.94043310E-02  -3.43982805E-03 -0.500000000    
          25           6   8.89430493E-02  -6.13582022E-02 -0.500000000    
          25           7  0.183415338     -0.122534215     -0.500000000    
          25           8  0.101206951     -0.108181015     -0.500000000    
          25           9  -4.23844643E-02  -8.04522336E-02 -0.500000000    
          25          10   4.25851233E-02  -8.61347020E-02 -0.500000000    
          25          11  0.138562173      -8.97112042E-02 -0.500000000    
          25          12   2.73488536E-02  -7.66357258E-02 -0.500000000    
          25          13   1.89956166E-02  -7.18413517E-02 -0.500000000    
          25          14   8.36175606E-02  -6.41954765E-02 -0.500000000    
          25          15  0.100252785      -5.14262989E-02 -0.500000000    
          25          16   4.21765372E-02  -2.75904741E-02 -0.500000000    
          25          17   4.80038933E-02  -2.96543557E-02 -0.500000000    
          25          18  0.103223607      -5.82798161E-02 -0.500000000    
          25          19  0.202595472      -9.06704515E-02 -0.500000000    
          25          20   9.62065905E-02 -0.105165407     -0.500000000    
          25          21  -1.38163660E-03 -0.116077475     -0.500000000    
          25          22   5.06425202E-02 -0.151774943     -0.500000000    
          25          23   2.92286486E-03 -0.135385349     -0.500000000    
          25          24 -0.191092104      -8.68537948E-02 -0.500000000    
          25          25 -0.125667453      -5.94452955E-02 -0.500000000    
          25          26  0.128673196      -4.09086272E-02 -0.500000000    
          25          27  0.121378019      -4.54329215E-02 -0.500000000    
          25          28   4.49419729E-02  -5.51254600E-02 -0.500000000    
          25          29   4.94504087E-02  -7.99952075E-02 -0.500000000    
          25          30   5.51547967E-02 -0.122820653     -0.500000000    
          25          31  0.106169619     -0.161133632     -0.500000000    
          25          32   2.65984070E-02 -0.180990651     -0.500000000    
          25          33   2.22229734E-02 -0.198857248     -0.500000000    
          26           1   9.11192819E-02 -0.115463354     -0.500000000    
          26           2   6.87123612E-02  -8.86420831E-02 -0.500000000    
          26           3  0.163186952      -6.44177347E-02 -0.500000000    
          26           4  0.112725638      -2.67548487E-02 -0.500000000    
          26           5  0.104976468       1.33497873E-03 -0.500000000    
          26           6  0.207739100      -4.30973023E-02 -0.500000000    
          26           7  0.196458101     -0.100002415     -0.500000000    
          26           8  0.159028396      -8.07056949E-02 -0.500000000    
          26           9  -1.58096664E-02  -6.64784685E-02 -0.500000000    
          26          10   3.83575782E-02  -7.26820230E-02 -0.500000000    
          26          11   9.26764905E-02 -0.100451857     -0.500000000    
          26          12   5.63800409E-02 -0.115991235     -0.500000000    
          26          13  -4.15096395E-02 -0.104621246     -0.500000000    
          26          14  -5.87596558E-02  -7.91181400E-02 -0.500000000    
          26          15   1.52734639E-02  -4.42586839E-02 -0.500000000    
          26          16   3.19609828E-02  -2.13749073E-02 -0.500000000    
          26          17  0.139697224      -2.51152012E-02 -0.500000000    
          26          18  0.248146638      -5.50753549E-02 -0.500000000    
          26          19  0.171266094     -0.104853600     -0.500000000    
          26          20  0.141444072     -0.135302126     -0.500000000    
          26          21   8.03600699E-02 -0.155864745     -0.500000000    
          26          22   5.75592220E-02 -0.178965941     -0.500000000    
          26          23  -1.08353235E-02 -0.157016709     -0.500000000    
          26          24  -4.66331989E-02  -9.58594158E-02 -0.500000000    
          26          25  0.128664717      -4.09531854E-02 -0.500000000    
          26          26  0.197282523       9.26650781E-03 -0.500000000    
          26          27  0.152463138       2.67483667E-02 -0.500000000    
          26          28  0.134646147       1.28623992E-02 -0.500000000    
          26          29  0.146062762      -3.20204981E-02 -0.500000000    
          26          30  0.154675141      -8.49655345E-02 -0.500000000    
          26          31  0.127065197     -0.143847495     -0.500000000    
          26          32   1.71480179E-02 -0.170558214     -0.500000000    
          26          33  -3.74509320E-02 -0.190301865     -0.500000000    
          27           1  0.230954766     -0.111649342     -0.500000000    
          27           2  0.147952765      -8.45771208E-02 -0.500000000    
          27           3  0.189508811      -5.25156967E-02 -0.500000000    
          27           4  0.140116394      -2.68334243E-02 -0.500000000    
          27           5  0.107265256      -1.40728336E-02 -0.500000000    
          27           6  0.219640478      -3.90321463E-02 -0.500000000    
          27           7  0.252476305      -8.50042626E-02 -0.500000000    
          27           8  0.213456169      -7.13379160E-02 -0.500000000    
          27           9   5.42898811E-02  -6.24350086E-02 -0.500000000    
          27          10   1.37594147E-02  -6.67522550E-02 -0.500000000    
          27          11   5.80083653E-02 -0.113822266     -0.500000000    
          27          12  0.146304101     -0.160611361     -0.500000000    
          27          13  0.153790221     -0.166841060     -0.500000000    
          27          14   8.92850012E-02 -0.118848816     -0.500000000    
          27          15  0.111778006      -7.03277439E-02 -0.500000000    
          27          16  0.126192376      -4.08921577E-02 -0.500000000    
          27          17  0.124420173      -3.58420834E-02 -0.500000000    
          27          18  0.140035942      -6.67162836E-02 -0.500000000    
          27          19   3.93494181E-02 -0.118746869     -0.500000000    
          27          20   8.30785409E-02 -0.171785146     -0.500000000    
          27          21  0.157881156     -0.210375533     -0.500000000    
          27          22  0.125934094     -0.227979675     -0.500000000    
          27          23 -0.132241592     -0.188157737     -0.500000000    
          27          24  -7.04225013E-03 -0.123584196     -0.500000000    
          27          25  0.121381618      -4.55271900E-02 -0.500000000    
          27          26  0.152531981       2.66980864E-02 -0.500000000    
          27          27  0.155334920       6.16309531E-02 -0.500000000    
          27          28  0.164432421       5.06192744E-02 -0.500000000    
          27          29  0.141375214      -7.40517676E-03 -0.500000000    
          27          30  0.191426218      -6.87218532E-02 -0.500000000    
          27          31  0.110644996     -0.126432166     -0.500000000    
          27          32   4.50471696E-03 -0.166055724     -0.500000000    
          27          33  -5.94573170E-02 -0.191887394     -0.500000000    
          28           1  0.187135100     -0.104898140     -0.500000000    
          28           2  0.120649017      -7.22964928E-02 -0.500000000    
          28           3  0.202873155      -3.00165284E-02 -0.500000000    
          28           4  0.213282764      -1.14296870E-02 -0.500000000    
          28           5  0.180109024      -1.68856289E-02 -0.500000000    
          28           6  0.256312937      -3.29525881E-02 -0.500000000    
          28           7  0.265445054      -5.32421321E-02 -0.500000000    
          28           8  0.147225648      -3.89284939E-02 -0.500000000    
          28           9   8.81920904E-02  -3.78434248E-02 -0.500000000    
          28          10   5.10991365E-02  -5.35827912E-02 -0.500000000    
          28          11  0.168276384     -0.109230235     -0.500000000    
          28          12  0.260530293     -0.172881603     -0.500000000    
          28          13  0.170023113     -0.188855857     -0.500000000    
          28          14   8.21267366E-02 -0.159890950     -0.500000000    
          28          15   5.47303185E-02 -0.117599599     -0.500000000    
          28          16  0.135479152      -8.67329016E-02 -0.500000000    
          28          17  0.162003204      -7.81005248E-02 -0.500000000    
          28          18  0.100581810     -0.116039455     -0.500000000    
          28          19  -1.31238475E-02 -0.160591260     -0.500000000    
          28          20   9.70159657E-03 -0.222343147     -0.500000000    
          28          21  0.205890313     -0.256775051     -0.500000000    
          28          22  0.114302777     -0.243328243     -0.500000000    
          28          23 -0.181000903     -0.189650595     -0.500000000    
          28          24   1.45473871E-02 -0.127631634     -0.500000000    
          28          25   4.53248397E-02  -5.51887527E-02 -0.500000000    
          28          26  0.135322884       1.28288604E-02 -0.500000000    
          28          27  0.164832726       5.06092608E-02 -0.500000000    
          28          28  0.199050367       4.53960747E-02 -0.500000000    
          28          29  0.121529706      -9.94069385E-04 -0.500000000    
          28          30  0.115140297      -4.11912166E-02 -0.500000000    
          28          31   3.24833696E-03  -8.44445527E-02 -0.500000000    
          28          32  -6.16644770E-02 -0.135108352     -0.500000000    
          28          33 -0.187781200     -0.176697001     -0.500000000    
          29           1  0.350649327     -0.125394270     -0.500000000    
          29           2  0.246843889      -9.13787112E-02 -0.500000000    
          29           3  0.110577151      -6.75460026E-02 -0.500000000    
          29           4  0.273155242      -7.06681833E-02 -0.500000000    
          29           5  0.192128375      -6.96611330E-02 -0.500000000    
          29           6  0.238953099      -7.83218294E-02 -0.500000000    
          29           7  0.275432259      -8.60009640E-02 -0.500000000    
          29           8  0.106809460      -5.54809421E-02 -0.500000000    
          29           9   4.95289490E-02  -5.17703332E-02 -0.500000000    
          29          10  0.150398046      -8.20462778E-02 -0.500000000    
          29          11  0.214376718     -0.134053051     -0.500000000    
          29          12  0.234886423     -0.187755510     -0.500000000    
          29          13  0.117226556     -0.202996820     -0.500000000    
          29          14   1.00135496E-02 -0.189917371     -0.500000000    
          29          15   3.97833511E-02 -0.148719475     -0.500000000    
          29          16  0.108103395      -9.61048901E-02 -0.500000000    
          29          17  0.155092135      -8.55536684E-02 -0.500000000    
          29          18  -1.50190853E-02 -0.130821228     -0.500000000    
          29          19   2.10819580E-02 -0.206040144     -0.500000000    
          29          20  0.110978447     -0.272718281     -0.500000000    
          29          21  0.190510690     -0.299959749     -0.500000000    
          29          22   7.52646774E-02 -0.270365030     -0.500000000    
          29          23  -9.57378969E-02 -0.209021822     -0.500000000    
          29          24  -4.51166034E-02 -0.142997086     -0.500000000    
          29          25   4.98538688E-02  -7.99818486E-02 -0.500000000    
          29          26  0.146527812      -3.19961607E-02 -0.500000000    
          29          27  0.141557127      -7.35898549E-03 -0.500000000    
          29          28  0.121542729      -9.31443414E-04 -0.500000000    
          29          29   8.76727924E-02  -2.64137443E-02 -0.500000000    
          29          30   2.20670253E-02  -4.11127955E-02 -0.500000000    
          29          31 -0.132731155      -5.85606545E-02 -0.500000000    
          29          32 -0.169434398      -9.90116596E-02 -0.500000000    
          29          33 -0.124370635     -0.151856989     -0.500000000    
          30           1  0.537752807      -9.27620605E-02 -0.500000000    
          30           2  0.538355947     -0.101107791     -0.500000000    
          30           3  0.442760736     -0.116069645     -0.500000000    
          30           4  0.420535535     -0.123096518     -0.500000000    
          30           5  0.204964012     -0.108606637     -0.500000000    
          30           6  0.235741049     -0.113908447     -0.500000000    
          30           7  0.324823231     -0.126459241     -0.500000000    
          30           8  0.269920021     -0.109773077     -0.500000000    
          30           9  0.168360591     -0.108894959     -0.500000000    
          30          10  0.163795412     -0.146284923     -0.500000000    
          30          11   9.82015952E-02 -0.173568100     -0.500000000    
          30          12   3.95032503E-02 -0.195884064     -0.500000000    
          30          13   8.71307403E-02 -0.208126023     -0.500000000    
          30          14   9.13993120E-02 -0.197030351     -0.500000000    
          30          15  0.111657329     -0.146490425     -0.500000000    
          30          16  0.106073603      -9.97246504E-02 -0.500000000    
          30          17   7.79075027E-02 -0.106895015     -0.500000000    
          30          18  -3.17133740E-02 -0.161088079     -0.500000000    
          30          19   2.22629420E-02 -0.239345521     -0.500000000    
          30          20  0.130473122     -0.291818976     -0.500000000    
          30          21   7.80765116E-02 -0.300428420     -0.500000000    
          30          22  -1.24471821E-02 -0.283730775     -0.500000000    
          30          23  -4.52191904E-02 -0.249353662     -0.500000000    
          30          24  -8.34485516E-03 -0.184982687     -0.500000000    
          30          25   5.53215630E-02 -0.122762859     -0.500000000    
          30          26  0.154412150      -8.48912001E-02 -0.500000000    
          30          27  0.190801516      -6.85869679E-02 -0.500000000    
          30          28  0.114730991      -4.10345383E-02 -0.500000000    
          30          29   2.18975544E-02  -4.10257131E-02 -0.500000000    
          30          30  -1.30925765E-02  -4.22903039E-02 -0.500000000    
          30          31  -3.90925594E-02  -3.71136665E-02 -0.500000000    
          30          32  -1.83956581E-04  -4.17498052E-02 -0.500000000    
          30          33   4.60763462E-02  -6.86679780E-02 -0.500000000    
          31           1  0.565602839      -3.19148367E-03 -0.500000000    
          31           2  0.404283285      -5.58362007E-02 -0.500000000    
          31           3  0.425391346     -0.124884397     -0.500000000    
          31           4  0.513265729     -0.141747668     -0.500000000    
          31           5  0.292789817     -0.133459017     -0.500000000    
          31           6  0.193744302     -0.143311426     -0.500000000    
          31           7  0.198784709     -0.162438929     -0.500000000    
          31           8  0.269609720     -0.155009538     -0.500000000    
          31           9  0.263540268     -0.151234090     -0.500000000    
          31          10  0.206240430     -0.180146441     -0.500000000    
          31          11  0.120037213     -0.190355346     -0.500000000    
          31          12   3.34881172E-02 -0.188512579     -0.500000000    
          31          13  0.112109706     -0.211335465     -0.500000000    
          31          14  0.105938837     -0.204690948     -0.500000000    
          31          15  0.129361108     -0.159831882     -0.500000000    
          31          16   7.35706910E-02 -0.119115949     -0.500000000    
          31          17   3.29119489E-02 -0.122678034     -0.500000000    
          31          18  -2.57871170E-02 -0.171761811     -0.500000000    
          31          19   2.73950044E-02 -0.227774203     -0.500000000    
          31          20   3.16128731E-02 -0.267895281     -0.500000000    
          31          21  -4.26341519E-02 -0.267304122     -0.500000000    
          31          22   7.99301341E-02 -0.271565408     -0.500000000    
          31          23  0.144826218     -0.265810639     -0.500000000    
          31          24  0.154974461     -0.209434047     -0.500000000    
          31          25  0.105855823     -0.161046490     -0.500000000    
          31          26  0.125628307     -0.143699437     -0.500000000    
          31          27  0.108708769     -0.126174286     -0.500000000    
          31          28   1.89253339E-03  -8.41354057E-02 -0.500000000    
          31          29 -0.132730618      -5.83726503E-02 -0.500000000    
          31          30  -3.79726328E-02  -3.70855778E-02 -0.500000000    
          31          31 -0.222643018       2.06655096E-02 -0.500000000    
          31          32 -0.171287835       7.51018226E-02 -0.500000000    
          31          33  -8.07935894E-02   8.78404677E-02 -0.500000000    
          32           1  0.703838348      0.154715806     -0.500000000    
          32           2  0.533621609       3.70589122E-02 -0.500000000    
          32           3  0.543197572      -8.63100514E-02 -0.500000000    
          32           4  0.657317579     -0.122424550     -0.500000000    
          32           5  0.305365294     -0.137455657     -0.500000000    
          32           6  0.266490012     -0.155902967     -0.500000000    
          32           7  0.221165046     -0.166730866     -0.500000000    
          32           8  0.180793375     -0.148558751     -0.500000000    
          32           9  0.151089281     -0.145935461     -0.500000000    
          32          10   6.77070320E-02 -0.181325883     -0.500000000    
          32          11   1.62254218E-02 -0.196670905     -0.500000000    
          32          12   3.45598273E-02 -0.203808308     -0.500000000    
          32          13  0.102857076     -0.223465011     -0.500000000    
          32          14  0.183773294     -0.209413409     -0.500000000    
          32          15  0.120694071     -0.164524138     -0.500000000    
          32          16   9.86297149E-03 -0.121787399     -0.500000000    
          32          17   5.72796836E-02 -0.130549178     -0.500000000    
          32          18   8.73230100E-02 -0.164048523     -0.500000000    
          32          19   8.01062491E-03 -0.190188557     -0.500000000    
          32          20  -4.32299636E-02 -0.219915286     -0.500000000    
          32          21  -3.70617211E-02 -0.229871884     -0.500000000    
          32          22  0.153276294     -0.255721718     -0.500000000    
          32          23  0.207573578     -0.261719733     -0.500000000    
          32          24  0.159632802     -0.219093308     -0.500000000    
          32          25   2.56620329E-02 -0.180878803     -0.500000000    
          32          26   1.47303697E-02 -0.170307562     -0.500000000    
          32          27   1.72410288E-03 -0.165637806     -0.500000000    
          32          28  -6.40002117E-02 -0.134574339     -0.500000000    
          32          29 -0.169290811      -9.86735672E-02 -0.500000000    
          32          30   2.38527474E-03  -4.17416543E-02 -0.500000000    
          32          31 -0.171338439       7.49664530E-02 -0.500000000    
          32          32   1.46516971E-02  0.202236176     -0.500000000    
          32          33   9.05838311E-02  0.272864401     -0.500000000    
          33           1  0.733084917      0.276056856     -0.500000000    
          33           2  0.487226576      0.105560243     -0.500000000    
          33           3  0.405795872      -5.75354733E-02 -0.500000000    
          33           4  0.674417317     -0.118815608     -0.500000000    
          33           5  0.174571127     -0.137585938     -0.500000000    
          33           6  0.154378131     -0.165940136     -0.500000000    
          33           7  0.119943425     -0.168702036     -0.500000000    
          33           8   8.43499452E-02 -0.146562606     -0.500000000    
          33           9  0.133616671     -0.147454396     -0.500000000    
          33          10   3.36227156E-02 -0.179466099     -0.500000000    
          33          11   1.68295242E-02 -0.207888767     -0.500000000    
          33          12   4.35456596E-02 -0.234928146     -0.500000000    
          33          13   6.95133060E-02 -0.232800052     -0.500000000    
          33          14  0.119643912     -0.205481142     -0.500000000    
          33          15  0.140896440     -0.153446347     -0.500000000    
          33          16   7.20040798E-02 -0.112975284     -0.500000000    
          33          17  0.180038869     -0.128954411     -0.500000000    
          33          18  0.104782574     -0.156034946     -0.500000000    
          33          19  -4.44817869E-03 -0.169068173     -0.500000000    
          33          20  -9.49034691E-02 -0.179734603     -0.500000000    
          33          21  -5.84236011E-02 -0.196240529     -0.500000000    
          33          22  0.146066621     -0.232095510     -0.500000000    
          33          23  0.235360816     -0.251652390     -0.500000000    
          33          24  0.220229670     -0.235196397     -0.500000000    
          33          25   2.10235417E-02 -0.198715776     -0.500000000    
          33          26  -3.93606313E-02 -0.189961880     -0.500000000    
          33          27  -5.98394461E-02 -0.191299662     -0.500000000    
          33          28 -0.189409330     -0.175909892     -0.500000000    
          33          29 -0.124107957     -0.151365474     -0.500000000    
          33          30   4.99820225E-02  -6.86503127E-02 -0.500000000    
          33          31  -8.14714506E-02   8.76049548E-02 -0.500000000    
          33          32   8.93980041E-02  0.272733390     -0.500000000    
          33          33  0.152842447      0.388983279     -0.500000000    
