           1           1  0.830940723      0.254487038     -0.500000000    
           1           2  0.551094294      0.148306847     -0.500000000    
           1           3  0.605175436       2.95236073E-02 -0.500000000    
           1           4  0.353453159      -1.40398499E-02 -0.500000000    
           1           5  0.170298114      -3.86309773E-02 -0.500000000    
           1           6   7.63878450E-02  -8.51047635E-02 -0.500000000    
           1           7   5.98687567E-02 -0.121535607     -0.500000000    
           1           8   3.01338616E-03 -0.140910044     -0.500000000    
           1           9 -0.113590755     -0.136137873     -0.500000000    
           1          10 -0.167114466     -0.158276886     -0.500000000    
           1          11  -4.73580286E-02 -0.200027734     -0.500000000    
           1          12   3.95299420E-02 -0.197946936     -0.500000000    
           1          13  -4.02498245E-03 -0.175042987     -0.500000000    
           1          14  -5.85130714E-02 -0.152320221     -0.500000000    
           1          15   5.70563041E-02 -0.103231467     -0.500000000    
           1          16  0.242705241      -8.70775282E-02 -0.500000000    
           1          17  0.339077324      -6.72680512E-02 -0.500000000    
           1          18  0.285781562      -7.80044943E-02 -0.500000000    
           1          19  0.256285578     -0.110240683     -0.500000000    
           1          20  0.346458316     -0.126390263     -0.500000000    
           1          21  0.320531130     -0.113837250     -0.500000000    
           1          22  0.159970760      -9.93588865E-02 -0.500000000    
           1          23   4.64080274E-02  -9.46485773E-02 -0.500000000    
           1          24  -6.52610511E-02  -9.83099043E-02 -0.500000000    
           1          25  -1.20809267E-03 -0.132813320     -0.500000000    
           1          26  0.107445918     -0.156666070     -0.500000000    
           1          27   7.62873441E-02 -0.139451757     -0.500000000    
           1          28  -2.90267505E-02 -0.123638473     -0.500000000    
           1          29   2.20859423E-03  -9.86279100E-02 -0.500000000    
           1          30  0.324100286      -8.42054039E-02 -0.500000000    
           1          31  0.518517077       1.14000160E-02 -0.500000000    
           1          32  0.524367929      0.158224463     -0.500000000    
           1          33  0.551068902      0.265375853     -0.500000000    
           2           1  0.550994337      0.148229867     -0.500000000    
           2           2  0.243408531       6.60685003E-02 -0.500000000    
           2           3  0.285452545       1.44796679E-03 -0.500000000    
           2           4   7.93272331E-02  -2.65854523E-02 -0.500000000    
           2           5   7.74835944E-02  -3.34345885E-02 -0.500000000    
           2           6  -4.37722504E-02  -5.79746366E-02 -0.500000000    
           2           7  -8.14735740E-02  -9.19317380E-02 -0.500000000    
           2           8  -1.61178913E-02 -0.120900787     -0.500000000    
           2           9  -5.12634888E-02 -0.123221688     -0.500000000    
           2          10 -0.131410673     -0.148451582     -0.500000000    
           2          11 -0.181647256     -0.171932191     -0.500000000    
           2          12 -0.166670561     -0.169272706     -0.500000000    
           2          13  -5.93772754E-02 -0.161699280     -0.500000000    
           2          14   6.11818656E-02 -0.144605860     -0.500000000    
           2          15  0.125182882      -9.87343565E-02 -0.500000000    
           2          16  0.260243773      -7.97313154E-02 -0.500000000    
           2          17  0.328387827      -6.63148463E-02 -0.500000000    
           2          18  0.342245966      -8.40403885E-02 -0.500000000    
           2          19  0.272125334     -0.115026228     -0.500000000    
           2          20  0.244168520     -0.108658396     -0.500000000    
           2          21  0.178904340      -8.02163705E-02 -0.500000000    
           2          22   3.82328518E-02  -5.61186746E-02 -0.500000000    
           2          23  -1.14429295E-02  -6.84432909E-02 -0.500000000    
           2          24  -3.40781175E-02  -7.70177469E-02 -0.500000000    
           2          25   4.38837800E-03 -0.110572450     -0.500000000    
           2          26   4.96790223E-02 -0.133318141     -0.500000000    
           2          27   7.50024170E-02 -0.107716426     -0.500000000    
           2          28  0.129080459     -0.102127664     -0.500000000    
           2          29   8.53903294E-02 -0.105059229     -0.500000000    
           2          30  0.237270668     -0.111766525     -0.500000000    
           2          31  0.579174519      -7.06940666E-02 -0.500000000    
           2          32  0.524640977       2.05775145E-02 -0.500000000    
           2          33  0.515901804       9.98610705E-02 -0.500000000    
           3           1  0.604535043       2.93710474E-02 -0.500000000    
           3           2  0.285102457       1.34245248E-03 -0.500000000    
           3           3  0.184271842      -8.95052124E-03 -0.500000000    
           3           4  0.112957589      -2.53684577E-02 -0.500000000    
           3           5  0.138937995      -3.69435661E-02 -0.500000000    
           3           6   6.66772574E-02  -3.78060155E-02 -0.500000000    
           3           7  -6.15516379E-02  -4.34021801E-02 -0.500000000    
           3           8  -6.49169087E-02  -7.17748553E-02 -0.500000000    
           3           9   8.12509283E-03  -8.94301087E-02 -0.500000000    
           3          10   4.39066365E-02 -0.127836406     -0.500000000    
           3          11 -0.145828471     -0.149249613     -0.500000000    
           3          12  -7.70445317E-02 -0.147601217     -0.500000000    
           3          13   3.38371582E-02 -0.143703803     -0.500000000    
           3          14   9.83125642E-02 -0.118834414     -0.500000000    
           3          15   6.33446351E-02  -6.79550022E-02 -0.500000000    
           3          16   8.77764300E-02  -5.28357513E-02 -0.500000000    
           3          17  0.173636749      -4.88071144E-02 -0.500000000    
           3          18  0.171978593      -7.58710951E-02 -0.500000000    
           3          19  0.175922856     -0.104873024     -0.500000000    
           3          20  0.118795604      -9.55927148E-02 -0.500000000    
           3          21  0.113383383      -5.66826314E-02 -0.500000000    
           3          22   8.47003832E-02  -3.08308210E-02 -0.500000000    
           3          23  0.110831469      -3.06322370E-02 -0.500000000    
           3          24  0.102889165      -1.27626983E-02 -0.500000000    
           3          25   6.56899437E-02  -2.36796085E-02 -0.500000000    
           3          26  -1.44797210E-02  -4.95770648E-02 -0.500000000    
           3          27  0.144472048      -5.08836843E-02 -0.500000000    
           3          28  0.351320416      -6.72328100E-02 -0.500000000    
           3          29  0.332266927      -8.70995671E-02 -0.500000000    
           3          30  0.237191409     -0.112941429     -0.500000000    
           3          31  0.613006651     -0.111489698     -0.500000000    
           3          32  0.623707891      -9.29937959E-02 -0.500000000    
           3          33  0.691288173      -6.72386512E-02 -0.500000000    
           4           1  0.352694988      -1.42471408E-02 -0.500000000    
           4           2   7.90724754E-02  -2.67448239E-02 -0.500000000    
           4           3  0.112840012      -2.54232641E-02 -0.500000000    
           4           4  0.189705774      -3.07267103E-02 -0.500000000    
           4           5  0.130917206      -3.95051464E-02 -0.500000000    
           4           6  0.101862624      -2.86608394E-02 -0.500000000    
           4           7   5.31495102E-02  -2.26057712E-02 -0.500000000    
           4           8   5.60877174E-02  -5.33193201E-02 -0.500000000    
           4           9  0.206978887      -8.20657536E-02 -0.500000000    
           4          10  0.211703807     -0.123411112     -0.500000000    
           4          11  -1.41003132E-02 -0.145063624     -0.500000000    
           4          12  -8.00050721E-02 -0.133881956     -0.500000000    
           4          13  -2.98758075E-02 -0.112143554     -0.500000000    
           4          14  -1.35473209E-03  -9.25471559E-02 -0.500000000    
           4          15  -7.33033717E-02  -5.19466326E-02 -0.500000000    
           4          16   8.53778049E-03  -4.52083088E-02 -0.500000000    
           4          17   5.29668145E-02  -5.37601300E-02 -0.500000000    
           4          18  -3.27445641E-02  -7.73156062E-02 -0.500000000    
           4          19   1.87223591E-03 -0.103347667     -0.500000000    
           4          20   2.16219835E-02 -0.107053749     -0.500000000    
           4          21   4.95877787E-02  -6.90648183E-02 -0.500000000    
           4          22   3.04374713E-02  -3.62520739E-02 -0.500000000    
           4          23   7.45180249E-02  -7.05292355E-03 -0.500000000    
           4          24  0.155590653       3.62110138E-02 -0.500000000    
           4          25  0.122902282       5.40995039E-02 -0.500000000    
           4          26   3.74213159E-02   4.40174975E-02 -0.500000000    
           4          27  0.177473918       3.24592181E-02 -0.500000000    
           4          28  0.377048790      -1.63889080E-02 -0.500000000    
           4          29  0.252840728      -5.21094985E-02 -0.500000000    
           4          30  0.181257799      -9.12794173E-02 -0.500000000    
           4          31  0.400907427     -0.114056990     -0.500000000    
           4          32  0.405086011     -0.129652500     -0.500000000    
           4          33  0.368609726     -0.119871452     -0.500000000    
           5           1  0.169725209      -3.88357081E-02 -0.500000000    
           5           2   7.71028548E-02  -3.35988328E-02 -0.500000000    
           5           3  0.138701349      -3.69936451E-02 -0.500000000    
           5           4  0.130815923      -3.95176075E-02 -0.500000000    
           5           5   3.32537070E-02  -6.05960898E-02 -0.500000000    
           5           6   5.07157594E-02  -5.92953600E-02 -0.500000000    
           5           7   7.00249448E-02  -3.97478528E-02 -0.500000000    
           5           8   2.25887373E-02  -6.07452653E-02 -0.500000000    
           5           9  0.108345084      -9.59535316E-02 -0.500000000    
           5          10  0.115654662     -0.142295837     -0.500000000    
           5          11  0.106456988     -0.175575122     -0.500000000    
           5          12   4.24776450E-02 -0.158085942     -0.500000000    
           5          13   8.66043270E-02 -0.111558437     -0.500000000    
           5          14   3.06423884E-02  -8.17770585E-02 -0.500000000    
           5          15  -2.66804043E-02  -5.56540713E-02 -0.500000000    
           5          16   5.33266030E-02  -4.37527522E-02 -0.500000000    
           5          17   5.83839342E-02  -7.20587373E-02 -0.500000000    
           5          18  -8.34442228E-02  -9.39892456E-02 -0.500000000    
           5          19 -0.143109366     -0.118044041     -0.500000000    
           5          20  -2.84565855E-02 -0.123464152     -0.500000000    
           5          21   7.15058716E-03 -0.105963789     -0.500000000    
           5          22   8.11279491E-02  -6.85983524E-02 -0.500000000    
           5          23   5.95531650E-02  -4.06706519E-03 -0.500000000    
           5          24   9.76381749E-02   5.48187532E-02 -0.500000000    
           5          25  0.176365227       8.55956525E-02 -0.500000000    
           5          26  0.223545864       8.07551593E-02 -0.500000000    
           5          27  0.319455981       7.29102865E-02 -0.500000000    
           5          28  0.378986537       8.73450469E-03 -0.500000000    
           5          29  0.305697292      -4.70923744E-02 -0.500000000    
           5          30  0.254316986      -9.13190246E-02 -0.500000000    
           5          31  0.300579041     -0.120781481     -0.500000000    
           5          32  0.303322643     -0.146190524     -0.500000000    
           5          33  0.337113321     -0.160950735     -0.500000000    
           6           1   7.60659724E-02  -8.53029341E-02 -0.500000000    
           6           2  -4.39451337E-02  -5.81428595E-02 -0.500000000    
           6           3   6.68571740E-02  -3.78654376E-02 -0.500000000    
           6           4  0.102093346      -2.86841877E-02 -0.500000000    
           6           5   5.07323630E-02  -5.93259633E-02 -0.500000000    
           6           6  -1.63132008E-02  -6.93304315E-02 -0.500000000    
           6           7  -5.00448048E-02  -5.35024144E-02 -0.500000000    
           6           8  -3.03522293E-02  -6.88734949E-02 -0.500000000    
           6           9   3.23193036E-02  -8.85317251E-02 -0.500000000    
           6          10   8.91422927E-02 -0.118956141     -0.500000000    
           6          11  0.179780528     -0.159053847     -0.500000000    
           6          12   4.44663763E-02 -0.154601693     -0.500000000    
           6          13  -7.76651055E-02 -0.108504713     -0.500000000    
           6          14  -3.35465968E-02  -8.17857757E-02 -0.500000000    
           6          15   7.49619529E-02  -7.10489899E-02 -0.500000000    
           6          16  0.155557916      -5.92836030E-02 -0.500000000    
           6          17  0.230053410      -9.10218284E-02 -0.500000000    
           6          18  0.117804021     -0.116998248     -0.500000000    
           6          19  -6.19998872E-02 -0.120734379     -0.500000000    
           6          20 -0.127978757     -0.116499297     -0.500000000    
           6          21   3.34526040E-03 -0.119689457     -0.500000000    
           6          22  0.186485097      -9.57407132E-02 -0.500000000    
           6          23  0.155142039      -4.52457331E-02 -0.500000000    
           6          24   3.44874784E-02   1.03047751E-02 -0.500000000    
           6          25   9.62192565E-02   4.05436829E-02 -0.500000000    
           6          26  0.185843617       5.05248606E-02 -0.500000000    
           6          27  0.288125217       5.81030920E-02 -0.500000000    
           6          28  0.342463970       1.50794350E-02 -0.500000000    
           6          29  0.276985914      -2.77495123E-02 -0.500000000    
           6          30  0.177150771      -8.11837390E-02 -0.500000000    
           6          31  0.161030814     -0.121950150     -0.500000000    
           6          32  0.115691878     -0.154887289     -0.500000000    
           6          33  0.258728027     -0.173703715     -0.500000000    
           7           1   5.97705245E-02 -0.121739015     -0.500000000    
           7           2  -8.18850845E-02  -9.21028703E-02 -0.500000000    
           7           3  -6.13854229E-02  -4.34824303E-02 -0.500000000    
           7           4   5.35135716E-02  -2.26595327E-02 -0.500000000    
           7           5   7.01170564E-02  -3.98433954E-02 -0.500000000    
           7           6  -4.98694479E-02  -5.35727553E-02 -0.500000000    
           7           7  -5.33145480E-02  -4.82855253E-02 -0.500000000    
           7           8   3.89544107E-03  -5.83899766E-02 -0.500000000    
           7           9   2.84245014E-02  -6.34060800E-02 -0.500000000    
           7          10  0.166033641     -0.101871677     -0.500000000    
           7          11  0.123642378     -0.143556356     -0.500000000    
           7          12  -3.47443670E-02 -0.141496539     -0.500000000    
           7          13 -0.146762639      -8.54813904E-02 -0.500000000    
           7          14   1.18622119E-02  -4.55218814E-02 -0.500000000    
           7          15  0.162459120      -4.97516803E-02 -0.500000000    
           7          16  0.239968687      -4.61635776E-02 -0.500000000    
           7          17  0.234270543      -8.32560062E-02 -0.500000000    
           7          18  0.174025983     -0.111756094     -0.500000000    
           7          19   1.50632057E-02 -0.114368685     -0.500000000    
           7          20  -7.62266740E-02 -0.113261387     -0.500000000    
           7          21   4.83103059E-02 -0.112927452     -0.500000000    
           7          22  0.123313397     -0.113981411     -0.500000000    
           7          23   7.48648196E-02  -8.96357745E-02 -0.500000000    
           7          24  -2.34015416E-02  -4.32215594E-02 -0.500000000    
           7          25  -2.39931773E-02  -1.42616350E-02 -0.500000000    
           7          26   2.07613595E-02   1.31161967E-02 -0.500000000    
           7          27   8.17190185E-02   4.19572257E-02 -0.500000000    
           7          28  0.261432856       2.15776227E-02 -0.500000000    
           7          29  0.193370476      -1.27233863E-02 -0.500000000    
           7          30  0.109497562      -8.79704580E-02 -0.500000000    
           7          31  0.130407855     -0.141628549     -0.500000000    
           7          32   9.15872678E-02 -0.166212693     -0.500000000    
           7          33  0.295825839     -0.170372307     -0.500000000    
           8           1   2.33951514E-03 -0.141163886     -0.500000000    
           8           2  -1.73280593E-02 -0.121120185     -0.500000000    
           8           3  -6.54406324E-02  -7.19140247E-02 -0.500000000    
           8           4   5.58549426E-02  -5.34140356E-02 -0.500000000    
           8           5   2.23771725E-02  -6.08976111E-02 -0.500000000    
           8           6  -3.02510485E-02  -6.89990297E-02 -0.500000000    
           8           7   4.04679682E-03  -5.84727675E-02 -0.500000000    
           8           8   4.24665324E-02  -3.37554328E-02 -0.500000000    
           8           9   7.18509331E-02  -4.91124578E-03 -0.500000000    
           8          10  0.164470032      -4.37653624E-02 -0.500000000    
           8          11  0.139160007      -9.64566618E-02 -0.500000000    
           8          12   4.56333086E-02 -0.110633969     -0.500000000    
           8          13   4.86489572E-02  -6.60839453E-02 -0.500000000    
           8          14   1.74674504E-02  -1.67495031E-02 -0.500000000    
           8          15   7.31534362E-02  -4.74254508E-03 -0.500000000    
           8          16   6.04065470E-02  -8.56511667E-03 -0.500000000    
           8          17   5.07470109E-02  -4.66442741E-02 -0.500000000    
           8          18  0.154792935      -8.02038983E-02 -0.500000000    
           8          19   6.32456392E-02 -0.105269775     -0.500000000    
           8          20  -6.12024888E-02 -0.113758497     -0.500000000    
           8          21  -7.51816183E-02 -0.119830571     -0.500000000    
           8          22   6.17938004E-02 -0.102002531     -0.500000000    
           8          23  0.112807199      -7.09411725E-02 -0.500000000    
           8          24   5.54673187E-02  -1.71332248E-02 -0.500000000    
           8          25 -0.102504380       7.62999617E-03 -0.500000000    
           8          26  -8.66907090E-02  -2.07284442E-03 -0.500000000    
           8          27  -7.61725456E-02   1.06432037E-02 -0.500000000    
           8          28  0.101820275       7.48124812E-03 -0.500000000    
           8          29  0.175624087      -3.41980159E-02 -0.500000000    
           8          30  0.170603529     -0.116856337     -0.500000000    
           8          31  0.216572896     -0.165391296     -0.500000000    
           8          32  0.188565075     -0.170124725     -0.500000000    
           8          33  0.332915306     -0.148901477     -0.500000000    
           9           1 -0.114557318     -0.136500150     -0.500000000    
           9           2  -5.23954742E-02 -0.123527467     -0.500000000    
           9           3   7.60653149E-03  -8.96483585E-02 -0.500000000    
           9           4  0.206337854      -8.22148770E-02 -0.500000000    
           9           5  0.108162649      -9.61225331E-02 -0.500000000    
           9           6   3.24337631E-02  -8.86538848E-02 -0.500000000    
           9           7   2.85734702E-02  -6.35013580E-02 -0.500000000    
           9           8   7.16406703E-02  -4.94197290E-03 -0.500000000    
           9           9  0.300254047       5.15674241E-02 -0.500000000    
           9          10  0.267420143       2.40221098E-02 -0.500000000    
           9          11   8.79577249E-02  -3.30014564E-02 -0.500000000    
           9          12   8.34084973E-02  -5.96331134E-02 -0.500000000    
           9          13   9.70513895E-02  -4.12412211E-02 -0.500000000    
           9          14  -1.09336795E-02  -1.79780647E-02 -0.500000000    
           9          15  -2.07498316E-02  -3.63608357E-03 -0.500000000    
           9          16   1.27449585E-02  -4.89699794E-03 -0.500000000    
           9          17   3.05713108E-03  -1.96965840E-02 -0.500000000    
           9          18  0.122948356      -7.08815306E-02 -0.500000000    
           9          19  0.113013111      -9.96902958E-02 -0.500000000    
           9          20  -8.57919746E-04  -9.59539562E-02 -0.500000000    
           9          21 -0.109653480      -8.70980173E-02 -0.500000000    
           9          22 -0.127282605      -7.78151229E-02 -0.500000000    
           9          23   4.11061496E-02  -3.55903693E-02 -0.500000000    
           9          24  0.136607140       5.89581486E-03 -0.500000000    
           9          25   2.15192176E-02   2.56502330E-02 -0.500000000    
           9          26   4.58604805E-02   3.56588606E-03 -0.500000000    
           9          27   4.80108559E-02   4.57776757E-03 -0.500000000    
           9          28   7.78464526E-02   3.25327157E-03 -0.500000000    
           9          29  0.204229623      -5.00934198E-02 -0.500000000    
           9          30  0.289170414     -0.125195384     -0.500000000    
           9          31  0.270098776     -0.155208766     -0.500000000    
           9          32  0.239454284     -0.146413773     -0.500000000    
           9          33  0.221589327     -0.109387696     -0.500000000    
          10           1 -0.166928872     -0.158830538     -0.500000000    
          10           2 -0.131048188     -0.148914635     -0.500000000    
          10           3   4.41727266E-02 -0.128186435     -0.500000000    
          10           4  0.211394385     -0.123655327     -0.500000000    
          10           5  0.115940265     -0.142472640     -0.500000000    
          10           6   8.94969031E-02 -0.119068570     -0.500000000    
          10           7  0.166184947     -0.101936527     -0.500000000    
          10           8  0.164088398      -4.37755510E-02 -0.500000000    
          10           9  0.266940594       2.40598414E-02 -0.500000000    
          10          10  0.223347396       3.19688283E-02 -0.500000000    
          10          11   5.92355430E-02   7.52248452E-04 -0.500000000    
          10          12  -4.48631234E-02  -2.97955070E-02 -0.500000000    
          10          13  -1.66196488E-02  -4.54288200E-02 -0.500000000    
          10          14   5.81101365E-02  -3.34561244E-02 -0.500000000    
          10          15   3.59959863E-02  -3.32755186E-02 -0.500000000    
          10          16  -3.34236100E-02  -3.49648632E-02 -0.500000000    
          10          17  -3.01448740E-02  -1.87779069E-02 -0.500000000    
          10          18  0.138327375      -5.11255227E-02 -0.500000000    
          10          19  0.290094256      -7.69243315E-02 -0.500000000    
          10          20  0.133315116      -7.33210295E-02 -0.500000000    
          10          21 -0.151457459      -7.46135488E-02 -0.500000000    
          10          22  -6.84105381E-02  -6.83506355E-02 -0.500000000    
          10          23  0.126046434      -4.49084118E-02 -0.500000000    
          10          24  0.108490147      -1.33582931E-02 -0.500000000    
          10          25   1.15690148E-02  -4.83494997E-03 -0.500000000    
          10          26   2.56531890E-02  -3.60780358E-02 -0.500000000    
          10          27  0.179736450      -4.00363691E-02 -0.500000000    
          10          28  0.286393076      -4.52095009E-02 -0.500000000    
          10          29  0.226071715     -0.100477628     -0.500000000    
          10          30  0.253224164     -0.148653269     -0.500000000    
          10          31  0.144189328     -0.156909794     -0.500000000    
          10          32  0.140437067     -0.141234353     -0.500000000    
          10          33  0.106434263     -0.117936805     -0.500000000    
          11           1  -4.66270037E-02 -0.200572342     -0.500000000    
          11           2 -0.180354282     -0.172430322     -0.500000000    
          11           3 -0.144964427     -0.149668843     -0.500000000    
          11           4  -1.38281761E-02 -0.145381913     -0.500000000    
          11           5  0.107057698     -0.175777540     -0.500000000    
          11           6  0.180328384     -0.159210935     -0.500000000    
          11           7  0.123868704     -0.143639892     -0.500000000    
          11           8  0.139034674      -9.64480415E-02 -0.500000000    
          11           9   8.73966366E-02  -3.28943245E-02 -0.500000000    
          11          10   5.88107146E-02   8.50710669E-04 -0.500000000    
          11          11  -8.52321088E-02  -2.77751032E-03 -0.500000000    
          11          12 -0.174486890      -3.14707756E-02 -0.500000000    
          11          13  -1.86182745E-02  -5.90489879E-02 -0.500000000    
          11          14  0.102480359      -7.02340230E-02 -0.500000000    
          11          15   6.26429245E-02  -6.32948577E-02 -0.500000000    
          11          16   3.24701518E-02  -6.04261085E-02 -0.500000000    
          11          17   6.58809766E-02  -4.32333611E-02 -0.500000000    
          11          18  0.176144257      -3.27707492E-02 -0.500000000    
          11          19  0.343993872      -6.37607127E-02 -0.500000000    
          11          20  0.180291221      -8.69550630E-02 -0.500000000    
          11          21   4.77292296E-03  -9.27316248E-02 -0.500000000    
          11          22   9.52982008E-02  -9.09637064E-02 -0.500000000    
          11          23  0.128881872      -6.97438121E-02 -0.500000000    
          11          24   6.47824630E-02  -6.60375655E-02 -0.500000000    
          11          25  -3.39022987E-02  -5.88014089E-02 -0.500000000    
          11          26  -7.12197050E-02  -9.00745168E-02 -0.500000000    
          11          27  0.237637267     -0.111978799     -0.500000000    
          11          28  0.358457685     -0.121531539     -0.500000000    
          11          29  0.238957629     -0.161236808     -0.500000000    
          11          30  0.131147727     -0.176022455     -0.500000000    
          11          31  -2.81407917E-03 -0.173499167     -0.500000000    
          11          32   7.14790970E-02 -0.177946016     -0.500000000    
          11          33   7.90846273E-02 -0.185117528     -0.500000000    
          12           1   3.97111140E-02 -0.198356748     -0.500000000    
          12           2 -0.166130051     -0.169683069     -0.500000000    
          12           3  -7.66748041E-02 -0.147980690     -0.500000000    
          12           4  -7.97658116E-02 -0.134191841     -0.500000000    
          12           5   4.27661724E-02 -0.158289805     -0.500000000    
          12           6   4.49266285E-02 -0.154785395     -0.500000000    
          12           7  -3.43939736E-02 -0.141628355     -0.500000000    
          12           8   4.59522568E-02 -0.110653907     -0.500000000    
          12           9   8.33607987E-02  -5.95110357E-02 -0.500000000    
          12          10  -4.50859964E-02  -2.95943469E-02 -0.500000000    
          12          11 -0.174659818      -3.13189328E-02 -0.500000000    
          12          12  -8.25420022E-02  -5.53378202E-02 -0.500000000    
          12          13   4.77403253E-02  -8.33398923E-02 -0.500000000    
          12          14   8.65442008E-02 -0.100392222     -0.500000000    
          12          15  0.130504608      -8.93080980E-02 -0.500000000    
          12          16  0.135427400      -6.45597875E-02 -0.500000000    
          12          17  0.134954169      -4.37052920E-02 -0.500000000    
          12          18  0.161838010      -3.44532989E-02 -0.500000000    
          12          19  0.250556082      -7.15730935E-02 -0.500000000    
          12          20  0.226105794      -9.73795056E-02 -0.500000000    
          12          21  0.132967457     -0.116802134     -0.500000000    
          12          22   8.09591487E-02 -0.125718310     -0.500000000    
          12          23   5.78579493E-02 -0.116724730     -0.500000000    
          12          24   5.85771650E-02 -0.102687210     -0.500000000    
          12          25   7.84347951E-02 -0.109630197     -0.500000000    
          12          26  -4.21017744E-02 -0.130971968     -0.500000000    
          12          27   4.01194021E-02 -0.153508708     -0.500000000    
          12          28  0.108187437     -0.162720233     -0.500000000    
          12          29  0.110510454     -0.185972199     -0.500000000    
          12          30  0.103818826     -0.194955021     -0.500000000    
          12          31  -3.14124636E-02 -0.205575794     -0.500000000    
          12          32   7.06630480E-03 -0.224332124     -0.500000000    
          12          33   4.45952676E-02 -0.237186745     -0.500000000    
          13           1  -3.82103445E-03 -0.175280973     -0.500000000    
          13           2  -5.90032563E-02 -0.161978811     -0.500000000    
          13           3   3.41931321E-02 -0.143992141     -0.500000000    
          13           4  -2.95594689E-02 -0.112390541     -0.500000000    
          13           5   8.66189748E-02 -0.111724049     -0.500000000    
          13           6  -7.76801482E-02 -0.108651362     -0.500000000    
          13           7 -0.146520808      -8.56286064E-02 -0.500000000    
          13           8   4.90639955E-02  -6.61406443E-02 -0.500000000    
          13           9   9.73104909E-02  -4.11807075E-02 -0.500000000    
          13          10  -1.64672732E-02  -4.52008992E-02 -0.500000000    
          13          11  -1.84922237E-02  -5.87702133E-02 -0.500000000    
          13          12   4.75840420E-02  -8.31537247E-02 -0.500000000    
          13          13  0.142123848     -0.103158288     -0.500000000    
          13          14  0.124595068      -9.53552276E-02 -0.500000000    
          13          15   5.99399023E-02  -7.27764741E-02 -0.500000000    
          13          16  0.130336568      -3.21873389E-02 -0.500000000    
          13          17  0.158304855      -2.06933245E-02 -0.500000000    
          13          18  0.155701280      -3.50716226E-02 -0.500000000    
          13          19  0.228252888      -4.30347472E-02 -0.500000000    
          13          20  0.226335973      -8.33049789E-02 -0.500000000    
          13          21   9.69630480E-02 -0.113685474     -0.500000000    
          13          22   4.36151400E-02 -0.131864354     -0.500000000    
          13          23  0.214914531     -0.140611082     -0.500000000    
          13          24  0.207446992     -0.119867824     -0.500000000    
          13          25  0.181415886     -0.114282809     -0.500000000    
          13          26   7.27826133E-02 -0.122578606     -0.500000000    
          13          27 -0.148301572     -0.128902838     -0.500000000    
          13          28  -7.97131434E-02 -0.147725761     -0.500000000    
          13          29   3.41856591E-02 -0.176374584     -0.500000000    
          13          30   8.46413374E-02 -0.204823360     -0.500000000    
          13          31  -5.10449521E-04 -0.226635844     -0.500000000    
          13          32   3.71842943E-02 -0.257144004     -0.500000000    
          13          33   9.42497924E-02 -0.279503673     -0.500000000    
          14           1  -5.83955385E-02 -0.152334854     -0.500000000    
          14           2   6.13685250E-02 -0.144674271     -0.500000000    
          14           3   9.84040275E-02 -0.118928991     -0.500000000    
          14           4  -1.23917125E-03  -9.26175192E-02 -0.500000000    
          14           5   3.06573622E-02  -8.18111971E-02 -0.500000000    
          14           6  -3.35898772E-02  -8.18194374E-02 -0.500000000    
          14           7   1.20511353E-02  -4.55986932E-02 -0.500000000    
          14           8   1.75903868E-02  -1.68251637E-02 -0.500000000    
          14           9  -1.07470732E-02  -1.80038717E-02 -0.500000000    
          14          10   5.82506619E-02  -3.33196335E-02 -0.500000000    
          14          11  0.102422141      -6.99376762E-02 -0.500000000    
          14          12   8.65148976E-02 -0.100084573     -0.500000000    
          14          13  0.124503620      -9.51756611E-02 -0.500000000    
          14          14  -6.60206145E-03  -6.92437068E-02 -0.500000000    
          14          15  -5.47786430E-02  -2.95271203E-02 -0.500000000    
          14          16  -1.27689941E-02  -1.04547068E-02 -0.500000000    
          14          17  0.179952919      -7.22558470E-03 -0.500000000    
          14          18  0.237009466      -1.03518758E-02 -0.500000000    
          14          19  0.150344223      -1.35803716E-02 -0.500000000    
          14          20   9.58118364E-02  -3.91447209E-02 -0.500000000    
          14          21   8.79038125E-02  -8.08515996E-02 -0.500000000    
          14          22   6.55734986E-02 -0.109629795     -0.500000000    
          14          23  0.178355351     -0.114940524     -0.500000000    
          14          24  0.183326289     -0.101066284     -0.500000000    
          14          25  0.181435540      -8.81439224E-02 -0.500000000    
          14          26   9.07080844E-02  -7.63681754E-02 -0.500000000    
          14          27 -0.105298363      -8.64462107E-02 -0.500000000    
          14          28  -8.97142291E-02 -0.103694744     -0.500000000    
          14          29  -1.86540857E-02 -0.128584206     -0.500000000    
          14          30   5.52982874E-02 -0.169655487     -0.500000000    
          14          31  0.153429478     -0.218326852     -0.500000000    
          14          32  0.116879232     -0.265490323     -0.500000000    
          14          33  0.179364190     -0.292765319     -0.500000000    
          15           1   5.74956425E-02 -0.103084974     -0.500000000    
          15           2  0.125669301      -9.86108929E-02 -0.500000000    
          15           3   6.36626109E-02  -6.78376406E-02 -0.500000000    
          15           4  -7.31351823E-02  -5.17897382E-02 -0.500000000    
          15           5  -2.66331024E-02  -5.54839782E-02 -0.500000000    
          15           6   7.47280419E-02  -7.08930492E-02 -0.500000000    
          15           7  0.162129253      -4.96748239E-02 -0.500000000    
          15           8   7.29087070E-02  -4.77392087E-03 -0.500000000    
          15           9  -2.06729323E-02  -3.67575348E-03 -0.500000000    
          15          10   3.60440128E-02  -3.32491286E-02 -0.500000000    
          15          11   6.27590492E-02  -6.31122291E-02 -0.500000000    
          15          12  0.130618319      -8.90349448E-02 -0.500000000    
          15          13   5.99918514E-02  -7.25396723E-02 -0.500000000    
          15          14  -5.48513532E-02  -2.94143651E-02 -0.500000000    
          15          15 -0.167038381      -1.80953741E-02 -0.500000000    
          15          16   7.09698796E-02  -2.84544900E-02 -0.500000000    
          15          17  0.233036801      -1.28409704E-02 -0.500000000    
          15          18  0.255932212       4.84049506E-03 -0.500000000    
          15          19  0.187128693      -2.42294953E-03 -0.500000000    
          15          20   9.52225700E-02  -1.71500426E-02 -0.500000000    
          15          21   8.55850354E-02  -5.26222251E-02 -0.500000000    
          15          22   5.16745634E-02  -7.16327950E-02 -0.500000000    
          15          23  -2.24776026E-02  -6.92574903E-02 -0.500000000    
          15          24   2.92847566E-02  -6.21830970E-02 -0.500000000    
          15          25  0.151820406      -5.17060012E-02 -0.500000000    
          15          26   7.01644272E-02  -4.51618582E-02 -0.500000000    
          15          27  -3.66242155E-02  -5.66641279E-02 -0.500000000    
          15          28   5.14623374E-02  -6.50074780E-02 -0.500000000    
          15          29   1.03587173E-02  -6.94056004E-02 -0.500000000    
          15          30  -7.98356347E-03 -0.115792222     -0.500000000    
          15          31   6.14641905E-02 -0.174637705     -0.500000000    
          15          32   5.18659316E-02 -0.226723075     -0.500000000    
          15          33  -1.04412390E-02 -0.251623333     -0.500000000    
          16           1  0.243598863      -8.68321061E-02 -0.500000000    
          16           2  0.261091113      -7.95127228E-02 -0.500000000    
          16           3   8.84028524E-02  -5.26525527E-02 -0.500000000    
          16           4   8.97063036E-03  -4.50107269E-02 -0.500000000    
          16           5   5.36086150E-02  -4.35310155E-02 -0.500000000    
          16           6  0.155618429      -5.90496026E-02 -0.500000000    
          16           7  0.239454895      -4.59730402E-02 -0.500000000    
          16           8   6.00240491E-02  -8.49208701E-03 -0.500000000    
          16           9   1.28356023E-02  -4.89264866E-03 -0.500000000    
          16          10  -3.31209414E-02  -3.49990502E-02 -0.500000000    
          16          11   3.28831486E-02  -6.03914261E-02 -0.500000000    
          16          12  0.135753065      -6.44121841E-02 -0.500000000    
          16          13  0.130380750      -3.20046805E-02 -0.500000000    
          16          14  -1.29619427E-02  -1.03120711E-02 -0.500000000    
          16          15   7.08323866E-02  -2.84016076E-02 -0.500000000    
          16          16  0.219018891      -4.73865680E-02 -0.500000000    
          16          17  0.247297898      -3.37642767E-02 -0.500000000    
          16          18  0.262105554      -1.25096012E-02 -0.500000000    
          16          19  0.183145106      -1.39599955E-02 -0.500000000    
          16          20  0.156365514      -2.33403984E-02 -0.500000000    
          16          21  0.167832345      -4.46731970E-02 -0.500000000    
          16          22  0.110044912      -5.58716543E-02 -0.500000000    
          16          23  -2.80587059E-02  -2.85299383E-02 -0.500000000    
          16          24  -7.02901743E-05  -2.15661600E-02 -0.500000000    
          16          25  0.189789832      -3.18606757E-02 -0.500000000    
          16          26  0.185605079      -3.73159386E-02 -0.500000000    
          16          27   9.57550630E-02  -5.05349599E-02 -0.500000000    
          16          28  0.194475040      -4.82934639E-02 -0.500000000    
          16          29  0.240847737      -4.98226807E-02 -0.500000000    
          16          30  0.145797536      -8.40477645E-02 -0.500000000    
          16          31   8.12138245E-02 -0.135011554     -0.500000000    
          16          32   1.27978865E-02 -0.181027830     -0.500000000    
          16          33 -0.128172830     -0.190805048     -0.500000000    
          17           1  0.339712173      -6.69425279E-02 -0.500000000    
          17           2  0.329152465      -6.60462230E-02 -0.500000000    
          17           3  0.174371436      -4.85855490E-02 -0.500000000    
          17           4   5.36876321E-02  -5.35204746E-02 -0.500000000    
          17           5   5.90413362E-02  -7.17744529E-02 -0.500000000    
          17           6  0.230553478      -9.07250643E-02 -0.500000000    
          17           7  0.234339625      -8.30159038E-02 -0.500000000    
          17           8   5.05977944E-02  -4.64804359E-02 -0.500000000    
          17           9   2.71959929E-03  -1.96512397E-02 -0.500000000    
          17          10  -3.00411768E-02  -1.88127477E-02 -0.500000000    
          17          11   6.64715022E-02  -4.33215015E-02 -0.500000000    
          17          12  0.135383770      -4.37418222E-02 -0.500000000    
          17          13  0.158482537      -2.06221007E-02 -0.500000000    
          17          14  0.179968372      -7.11028883E-03 -0.500000000    
          17          15  0.232897177      -1.27427280E-02 -0.500000000    
          17          16  0.247416750      -3.37217301E-02 -0.500000000    
          17          17  0.259044677      -3.97700854E-02 -0.500000000    
          17          18  0.201264769      -3.22474353E-02 -0.500000000    
          17          19  0.114111543      -2.62908936E-02 -0.500000000    
          17          20  0.112666346      -4.51178588E-02 -0.500000000    
          17          21  0.134900972      -5.82031570E-02 -0.500000000    
          17          22  0.156186134      -4.45239730E-02 -0.500000000    
          17          23  0.123147577      -1.69822723E-02 -0.500000000    
          17          24   3.17915604E-02  -5.13997301E-03 -0.500000000    
          17          25  0.131044939      -2.33912803E-02 -0.500000000    
          17          26  0.232815802      -4.01839279E-02 -0.500000000    
          17          27  0.267720610      -6.38739616E-02 -0.500000000    
          17          28  0.226581648      -6.75043911E-02 -0.500000000    
          17          29  0.274677634      -5.67335859E-02 -0.500000000    
          17          30  0.147871643      -7.52949491E-02 -0.500000000    
          17          31   5.54471277E-02 -0.129235521     -0.500000000    
          17          32  -2.25789682E-03 -0.165097132     -0.500000000    
          17          33 -0.180906355     -0.171086878     -0.500000000    
          18           1  0.285735458      -7.78398290E-02 -0.500000000    
          18           2  0.342263818      -8.39289427E-02 -0.500000000    
          18           3  0.172182515      -7.58152753E-02 -0.500000000    
          18           4  -3.24206129E-02  -7.72615001E-02 -0.500000000    
          18           5  -8.32406580E-02  -9.38665345E-02 -0.500000000    
          18           6  0.118346311     -0.116788000     -0.500000000    
          18           7  0.174634665     -0.111515328     -0.500000000    
          18           8  0.155015066      -7.99325109E-02 -0.500000000    
          18           9  0.122481212      -7.06583932E-02 -0.500000000    
          18          10  0.137817770      -5.10403998E-02 -0.500000000    
          18          11  0.176211104      -3.28490846E-02 -0.500000000    
          18          12  0.162579983      -3.46424878E-02 -0.500000000    
          18          13  0.156178862      -3.51868011E-02 -0.500000000    
          18          14  0.237078309      -1.02826618E-02 -0.500000000    
          18          15  0.255782783       4.98229032E-03 -0.500000000    
          18          16  0.262083769      -1.24209784E-02 -0.500000000    
          18          17  0.201642320      -3.22184637E-02 -0.500000000    
          18          18  0.154940680      -3.83763313E-02 -0.500000000    
          18          19  0.168495834      -5.23174256E-02 -0.500000000    
          18          20  0.130860031      -7.67751411E-02 -0.500000000    
          18          21   7.98607320E-02  -8.76755640E-02 -0.500000000    
          18          22  0.132210970      -5.12112230E-02 -0.500000000    
          18          23   4.61766683E-02  -1.97295863E-02 -0.500000000    
          18          24   2.21972894E-02  -2.02124100E-02 -0.500000000    
          18          25   3.14369351E-02  -3.43696065E-02 -0.500000000    
          18          26  0.191962570      -5.94142638E-02 -0.500000000    
          18          27  0.214549735      -8.39427933E-02 -0.500000000    
          18          28   2.11261399E-02  -7.51895830E-02 -0.500000000    
          18          29   6.73300475E-02  -6.23376481E-02 -0.500000000    
          18          30   2.82601025E-02  -8.74927938E-02 -0.500000000    
          18          31   3.73311602E-02 -0.146799445     -0.500000000    
          18          32  -6.19220920E-03 -0.182631180     -0.500000000    
          18          33 -0.114297569     -0.191352576     -0.500000000    
          19           1  0.255697697     -0.110454433     -0.500000000    
          19           2  0.271316290     -0.115172550     -0.500000000    
          19           3  0.175184727     -0.104956850     -0.500000000    
          19           4   1.39470038E-03 -0.103419244     -0.500000000    
          19           5 -0.143600732     -0.118055828     -0.500000000    
          19           6  -6.22524768E-02 -0.120643377     -0.500000000    
          19           7   1.52554624E-02 -0.114144303     -0.500000000    
          19           8   6.33358285E-02 -0.104960442     -0.500000000    
          19           9  0.112696275      -9.93331224E-02 -0.500000000    
          19          10  0.289163142      -7.66395405E-02 -0.500000000    
          19          11  0.343253732      -6.36669919E-02 -0.500000000    
          19          12  0.251081765      -7.17075244E-02 -0.500000000    
          19          13  0.229214624      -4.32311930E-02 -0.500000000    
          19          14  0.150728539      -1.36586763E-02 -0.500000000    
          19          15  0.187028378      -2.34117568E-03 -0.500000000    
          19          16  0.183066458      -1.38325254E-02 -0.500000000    
          19          17  0.114299878      -2.62278039E-02 -0.500000000    
          19          18  0.168834448      -5.22904210E-02 -0.500000000    
          19          19  0.210424498      -8.20296928E-02 -0.500000000    
          19          20  0.193590254     -0.110236801     -0.500000000    
          19          21  0.128421009     -0.116393797     -0.500000000    
          19          22  0.144021541      -7.34172836E-02 -0.500000000    
          19          23   7.11716563E-02  -3.19190510E-02 -0.500000000    
          19          24  -3.51077765E-02  -4.43508998E-02 -0.500000000    
          19          25  -3.28120738E-02  -6.76091388E-02 -0.500000000    
          19          26  0.162211776      -8.54374170E-02 -0.500000000    
          19          27  0.144423127     -0.106992483     -0.500000000    
          19          28  -5.81031591E-02 -0.110677205     -0.500000000    
          19          29 -0.148413867     -0.103931285     -0.500000000    
          19          30  -9.43799838E-02 -0.132686540     -0.500000000    
          19          31  -2.85508148E-02 -0.182052657     -0.500000000    
          19          32  -2.13611983E-02 -0.207876027     -0.500000000    
          19          33 -0.130426511     -0.211481273     -0.500000000    
          20           1  0.345367551     -0.126891136     -0.500000000    
          20           2  0.243509531     -0.108984843     -0.500000000    
          20           3  0.118171923      -9.57148299E-02 -0.500000000    
          20           4   2.08426323E-02 -0.107051641     -0.500000000    
          20           5  -2.91822180E-02 -0.123439848     -0.500000000    
          20           6 -0.128835231     -0.116458260     -0.500000000    
          20           7  -7.65479505E-02 -0.113085896     -0.500000000    
          20           8  -6.12854697E-02 -0.113452248     -0.500000000    
          20           9  -6.57818164E-04  -9.55336913E-02 -0.500000000    
          20          10  0.133443028      -7.28569627E-02 -0.500000000    
          20          11  0.179573312      -8.66069868E-02 -0.500000000    
          20          12  0.225608811      -9.72859561E-02 -0.500000000    
          20          13  0.226945207      -8.34480748E-02 -0.500000000    
          20          14   9.62889567E-02  -3.93372960E-02 -0.500000000    
          20          15   9.55745578E-02  -1.72421318E-02 -0.500000000    
          20          16  0.156520382      -2.32751332E-02 -0.500000000    
          20          17  0.112440906      -4.49787900E-02 -0.500000000    
          20          18  0.130903989      -7.66778514E-02 -0.500000000    
          20          19  0.193741083     -0.110163391     -0.500000000    
          20          20  0.148242518     -0.126839444     -0.500000000    
          20          21  0.196421102     -0.122468144     -0.500000000    
          20          22  0.162512735      -7.70611390E-02 -0.500000000    
          20          23   6.76358193E-02  -4.01870087E-02 -0.500000000    
          20          24   5.68787754E-02  -6.43867925E-02 -0.500000000    
          20          25  0.173192278     -0.107221834     -0.500000000    
          20          26  0.141632453     -0.142755777     -0.500000000    
          20          27   9.08531547E-02 -0.168676674     -0.500000000    
          20          28   2.49099340E-02 -0.176708534     -0.500000000    
          20          29 -0.127119735     -0.183038861     -0.500000000    
          20          30 -0.123448759     -0.191286609     -0.500000000    
          20          31  -4.97980826E-02 -0.199278489     -0.500000000    
          20          32  -5.61751537E-02 -0.199285373     -0.500000000    
          20          33  -5.48437014E-02 -0.209050849     -0.500000000    
          21           1  0.319657296     -0.114399098     -0.500000000    
          21           2  0.178908467      -8.06138292E-02 -0.500000000    
          21           3  0.113983735      -5.68362400E-02 -0.500000000    
          21           4   4.99325544E-02  -6.89845681E-02 -0.500000000    
          21           5   7.11875502E-03 -0.105835907     -0.500000000    
          21           6   3.56326369E-03 -0.119594716     -0.500000000    
          21           7   4.84075956E-02 -0.112783052     -0.500000000    
          21           8  -7.50122294E-02 -0.119557939     -0.500000000    
          21           9 -0.109404348      -8.67012739E-02 -0.500000000    
          21          10 -0.151181296      -7.40785673E-02 -0.500000000    
          21          11   4.58066817E-03  -9.21679661E-02 -0.500000000    
          21          12  0.132200569     -0.116431922     -0.500000000    
          21          13   9.65674743E-02 -0.113642715     -0.500000000    
          21          14   8.80894065E-02  -8.10581148E-02 -0.500000000    
          21          15   8.58330354E-02  -5.28557077E-02 -0.500000000    
          21          16  0.168075398      -4.47530188E-02 -0.500000000    
          21          17  0.134699911      -5.80964237E-02 -0.500000000    
          21          18   7.96069428E-02  -8.74846801E-02 -0.500000000    
          21          19  0.128387153     -0.116248645     -0.500000000    
          21          20  0.196396112     -0.122383811     -0.500000000    
          21          21  0.223822087      -9.83791351E-02 -0.500000000    
          21          22  0.127995640      -6.03859089E-02 -0.500000000    
          21          23   5.12172002E-03  -4.71681356E-02 -0.500000000    
          21          24  0.109770164      -7.24279359E-02 -0.500000000    
          21          25  0.208364189     -0.136106759     -0.500000000    
          21          26  0.202527195     -0.191874996     -0.500000000    
          21          27  0.156838357     -0.226293266     -0.500000000    
          21          28   4.00591791E-02 -0.233548716     -0.500000000    
          21          29  -2.86423732E-02 -0.231754169     -0.500000000    
          21          30  -9.45844036E-03 -0.210558712     -0.500000000    
          21          31   1.66663120E-03 -0.196583316     -0.500000000    
          21          32  -6.88018426E-02 -0.189371824     -0.500000000    
          21          33  -1.90092977E-02 -0.194881722     -0.500000000    
          22           1  0.159637019      -9.95575115E-02 -0.500000000    
          22           2   3.79817262E-02  -5.63115142E-02 -0.500000000    
          22           3   8.49117637E-02  -3.09842192E-02 -0.500000000    
          22           4   3.09230555E-02  -3.62679102E-02 -0.500000000    
          22           5   8.14421251E-02  -6.85391948E-02 -0.500000000    
          22           6  0.186824650      -9.56956893E-02 -0.500000000    
          22           7  0.123678595     -0.113933459     -0.500000000    
          22           8   6.21220246E-02 -0.101847827     -0.500000000    
          22           9 -0.126737595      -7.75308162E-02 -0.500000000    
          22          10  -6.77365139E-02  -6.79283217E-02 -0.500000000    
          22          11   9.57345515E-02  -9.03753713E-02 -0.500000000    
          22          12   8.07925537E-02 -0.125119776     -0.500000000    
          22          13   4.29560021E-02 -0.131567731     -0.500000000    
          22          14   6.51449338E-02 -0.109695554     -0.500000000    
          22          15   5.15496805E-02  -7.18801767E-02 -0.500000000    
          22          16  0.110035352      -5.60462140E-02 -0.500000000    
          22          17  0.156076297      -4.45248112E-02 -0.500000000    
          22          18  0.132002220      -5.10949939E-02 -0.500000000    
          22          19  0.143929556      -7.32617602E-02 -0.500000000    
          22          20  0.162345439      -7.68937171E-02 -0.500000000    
          22          21  0.127931982      -6.03121072E-02 -0.500000000    
          22          22   6.24333397E-02  -6.34383336E-02 -0.500000000    
          22          23  0.101999171      -5.50503321E-02 -0.500000000    
          22          24   2.30338685E-02  -8.35390016E-02 -0.500000000    
          22          25  -9.84734297E-03 -0.125521123     -0.500000000    
          22          26   4.03010659E-02 -0.174070954     -0.500000000    
          22          27   6.44534752E-02 -0.197183684     -0.500000000    
          22          28   4.58973013E-02 -0.206259981     -0.500000000    
          22          29  -1.26839965E-03 -0.220636994     -0.500000000    
          22          30   3.39288861E-02 -0.204077125     -0.500000000    
          22          31 -0.106354356     -0.196052268     -0.500000000    
          22          32 -0.113773689     -0.208385125     -0.500000000    
          22          33  -2.50891466E-02 -0.221538857     -0.500000000    
          23           1   5.14575988E-02  -9.43197012E-02 -0.500000000    
          23           2  -7.86328409E-03  -6.81492388E-02 -0.500000000    
          23           3  0.112547383      -3.04217990E-02 -0.500000000    
          23           4   7.50588030E-02  -6.92829490E-03 -0.500000000    
          23           5   5.96299507E-02  -4.04549576E-03 -0.500000000    
          23           6  0.155110925      -4.52500917E-02 -0.500000000    
          23           7   7.46270865E-02  -8.97004008E-02 -0.500000000    
          23           8  0.112961859      -7.10117146E-02 -0.500000000    
          23           9   4.15274873E-02  -3.55214775E-02 -0.500000000    
          23          10  0.127331570      -4.46600616E-02 -0.500000000    
          23          11  0.129866570      -6.93044588E-02 -0.500000000    
          23          12   5.84023781E-02 -0.116162799     -0.500000000    
          23          13  0.214878812     -0.140117079     -0.500000000    
          23          14  0.177937254     -0.114760973     -0.500000000    
          23          15  -2.28801612E-02  -6.93827048E-02 -0.500000000    
          23          16  -2.85682902E-02  -2.86891256E-02 -0.500000000    
          23          17  0.122773856      -1.70589406E-02 -0.500000000    
          23          18   4.59923185E-02  -1.97756551E-02 -0.500000000    
          23          19   7.10594207E-02  -3.18725631E-02 -0.500000000    
          23          20   6.74936101E-02  -4.00569253E-02 -0.500000000    
          23          21   4.98889759E-03  -4.70940992E-02 -0.500000000    
          23          22  0.101937406      -5.50580025E-02 -0.500000000    
          23          23  0.155461967      -5.74486889E-02 -0.500000000    
          23          24  -9.70684439E-02  -4.45856899E-02 -0.500000000    
          23          25  -5.39983250E-02  -7.06687570E-02 -0.500000000    
          23          26  -3.08354348E-02 -0.104920477     -0.500000000    
          23          27   8.68464634E-02 -0.123273626     -0.500000000    
          23          28   9.38373953E-02 -0.117301874     -0.500000000    
          23          29   3.71019356E-02 -0.150605351     -0.500000000    
          23          30   3.56754959E-02 -0.174115047     -0.500000000    
          23          31  -7.85537213E-02 -0.201579541     -0.500000000    
          23          32   4.07585502E-02 -0.227026701     -0.500000000    
          23          33  0.121272951     -0.239837736     -0.500000000    
          24           1  -6.35129809E-02  -9.86656249E-02 -0.500000000    
          24           2  -3.07321697E-02  -7.72808269E-02 -0.500000000    
          24           3  0.107172772      -1.28806131E-02 -0.500000000    
          24           4  0.159173906       3.62302959E-02 -0.500000000    
          24           5   9.97154340E-02   5.49628809E-02 -0.500000000    
          24           6   3.45390849E-02   1.03975469E-02 -0.500000000    
          24           7  -2.34594792E-02  -4.32487279E-02 -0.500000000    
          24           8   5.49573861E-02  -1.72635708E-02 -0.500000000    
          24           9  0.136367947       5.78189082E-03 -0.500000000    
          24          10  0.108869247      -1.33513641E-02 -0.500000000    
          24          11   6.63091540E-02  -6.58206195E-02 -0.500000000    
          24          12   5.98054789E-02 -0.102311336     -0.500000000    
          24          13  0.208032310     -0.119429454     -0.500000000    
          24          14  0.183166891     -0.100675985     -0.500000000    
          24          15   2.92012617E-02  -6.20459430E-02 -0.500000000    
          24          16  -1.18315220E-04  -2.16007270E-02 -0.500000000    
          24          17   3.13435532E-02  -5.22665028E-03 -0.500000000    
          24          18   2.18643527E-02  -2.03035250E-02 -0.500000000    
          24          19  -3.48179154E-02  -4.44398634E-02 -0.500000000    
          24          20   5.71313240E-02  -6.44162074E-02 -0.500000000    
          24          21  0.109613761      -7.24848807E-02 -0.500000000    
          24          22   2.26177126E-02  -8.36295113E-02 -0.500000000    
          24          23  -9.74332318E-02  -4.46249098E-02 -0.500000000    
          24          24  0.107396975      -8.36977619E-04 -0.500000000    
          24          25  0.118276678       6.47600880E-03 -0.500000000    
          24          26   5.23416884E-02  -3.56379077E-02 -0.500000000    
          24          27  -5.37596690E-03  -4.34046909E-02 -0.500000000    
          24          28 -0.100552484      -3.57052162E-02 -0.500000000    
          24          29  -3.58740520E-03  -7.86121339E-02 -0.500000000    
          24          30   6.89940825E-02 -0.126780823     -0.500000000    
          24          31   2.65430305E-02 -0.170074493     -0.500000000    
          24          32  0.103967108     -0.196885064     -0.500000000    
          24          33  0.109987065     -0.207634985     -0.500000000    
          25           1  -5.51092625E-03 -0.133313388     -0.500000000    
          25           2   1.62474578E-03 -0.111154348     -0.500000000    
          25           3   6.42956272E-02  -2.43061557E-02 -0.500000000    
          25           4  0.120814346       5.34060188E-02 -0.500000000    
          25           5  0.177169979       8.50434378E-02 -0.500000000    
          25           6   9.91843715E-02   4.05771285E-02 -0.500000000    
          25           7  -2.42555588E-02  -1.40824290E-02 -0.500000000    
          25           8 -0.103082299       7.61571061E-03 -0.500000000    
          25           9   2.05379240E-02   2.54902337E-02 -0.500000000    
          25          10   1.05960649E-02  -4.97998018E-03 -0.500000000    
          25          11  -3.36015187E-02  -5.88375181E-02 -0.500000000    
          25          12   7.96009898E-02 -0.109482378     -0.500000000    
          25          13  0.182470933     -0.113982365     -0.500000000    
          25          14  0.181723595      -8.77691209E-02 -0.500000000    
          25          15  0.151667088      -5.13618179E-02 -0.500000000    
          25          16  0.189937517      -3.16565856E-02 -0.500000000    
          25          17  0.131226406      -2.33397540E-02 -0.500000000    
          25          18   3.16301547E-02  -3.44278328E-02 -0.500000000    
          25          19  -3.21978256E-02  -6.77688718E-02 -0.500000000    
          25          20  0.173770204     -0.107405841     -0.500000000    
          25          21  0.208210900     -0.136280924     -0.500000000    
          25          22  -1.04393270E-02 -0.125682741     -0.500000000    
          25          23  -5.43614328E-02  -7.07442239E-02 -0.500000000    
          25          24  0.118084505       6.46129576E-03 -0.500000000    
          25          25  0.121860884       3.61181349E-02 -0.500000000    
          25          26   5.58605744E-03   1.25707791E-03 -0.500000000    
          25          27   8.85952264E-02   2.30982061E-03 -0.500000000    
          25          28  0.105346389       1.36288926E-02 -0.500000000    
          25          29   3.60598713E-02  -2.19345838E-02 -0.500000000    
          25          30   9.68122482E-02  -8.61695856E-02 -0.500000000    
          25          31   6.05215691E-02 -0.136723861     -0.500000000    
          25          32   6.80579469E-02 -0.168356419     -0.500000000    
          25          33   6.53872937E-02 -0.182285339     -0.500000000    
          26           1  0.107357845     -0.157489002     -0.500000000    
          26           2   4.86261547E-02 -0.134031832     -0.500000000    
          26           3  -1.53091419E-02  -5.01768515E-02 -0.500000000    
          26           4   3.61509621E-02   4.33358811E-02 -0.500000000    
          26           5  0.219750255       7.98156112E-02 -0.500000000    
          26           6  0.185726419       4.95617464E-02 -0.500000000    
          26           7   2.42027473E-02   1.30668245E-02 -0.500000000    
          26           8  -8.70712250E-02  -1.92547147E-03 -0.500000000    
          26           9   4.48418856E-02   3.51338810E-03 -0.500000000    
          26          10   2.46146712E-02  -3.62401418E-02 -0.500000000    
          26          11  -7.20368400E-02  -9.02204365E-02 -0.500000000    
          26          12  -4.21738252E-02 -0.131006718     -0.500000000    
          26          13   7.35353678E-02 -0.122464381     -0.500000000    
          26          14   9.13014710E-02  -7.60732666E-02 -0.500000000    
          26          15   7.00894222E-02  -4.48146649E-02 -0.500000000    
          26          16  0.185437247      -3.69793400E-02 -0.500000000    
          26          17  0.232948244      -3.99461687E-02 -0.500000000    
          26          18  0.192239448      -5.93666621E-02 -0.500000000    
          26          19  0.162784934      -8.56118724E-02 -0.500000000    
          26          20  0.142302290     -0.143052906     -0.500000000    
          26          21  0.202289760     -0.192112491     -0.500000000    
          26          22   3.98936085E-02 -0.174228147     -0.500000000    
          26          23  -3.07748392E-02 -0.104984298     -0.500000000    
          26          24   5.25390469E-02  -3.56590115E-02 -0.500000000    
          26          25   5.95872756E-03   1.23350031E-03 -0.500000000    
          26          26   5.49528822E-02   9.13837401E-04 -0.500000000    
          26          27  0.178266689       3.12580243E-02 -0.500000000    
          26          28  0.213731468       5.36277592E-02 -0.500000000    
          26          29  0.130148947       1.87093373E-02 -0.500000000    
          26          30   7.31108934E-02  -6.80249110E-02 -0.500000000    
          26          31  -2.96593197E-02 -0.132622302     -0.500000000    
          26          32  -5.66156097E-02 -0.168042138     -0.500000000    
          26          33  -1.36409448E-02 -0.173274532     -0.500000000    
          27           1   8.04242641E-02 -0.140578851     -0.500000000    
          27           2   7.80707970E-02 -0.108696178     -0.500000000    
          27           3  0.147389218      -5.16240634E-02 -0.500000000    
          27           4  0.177351713       3.18265185E-02 -0.500000000    
          27           5  0.315927178       7.21010342E-02 -0.500000000    
          27           6  0.283252180       5.69553524E-02 -0.500000000    
          27           7   8.33738148E-02   4.08610441E-02 -0.500000000    
          27           8  -7.31160045E-02   1.05870049E-02 -0.500000000    
          27           9   4.75362763E-02   4.65499330E-03 -0.500000000    
          27          10  0.178580403      -4.01068516E-02 -0.500000000    
          27          11  0.236744300     -0.112092853     -0.500000000    
          27          12   4.00133431E-02 -0.153562427     -0.500000000    
          27          13 -0.147785425     -0.128873602     -0.500000000    
          27          14 -0.104487121      -8.62742886E-02 -0.500000000    
          27          15  -3.65803726E-02  -5.63585870E-02 -0.500000000    
          27          16   9.53046381E-02  -5.02417311E-02 -0.500000000    
          27          17  0.267752588      -6.36097565E-02 -0.500000000    
          27          18  0.214568242      -8.38217214E-02 -0.500000000    
          27          19  0.144440368     -0.107109517     -0.500000000    
          27          20   9.09123868E-02 -0.168965459     -0.500000000    
          27          21  0.156353801     -0.226533264     -0.500000000    
          27          22   6.40478581E-02 -0.197309658     -0.500000000    
          27          23   8.69725719E-02 -0.123289660     -0.500000000    
          27          24  -5.10645797E-03  -4.33894731E-02 -0.500000000    
          27          25   8.88730958E-02   2.30450323E-03 -0.500000000    
          27          26  0.178439423       3.12447008E-02 -0.500000000    
          27          27  0.258101076       7.66496956E-02 -0.500000000    
          27          28  0.325894445       8.61387029E-02 -0.500000000    
          27          29  0.244346038       4.40402143E-02 -0.500000000    
          27          30   9.91122499E-02  -3.88968438E-02 -0.500000000    
          27          31  -1.74283069E-02 -0.107688181     -0.500000000    
          27          32  -8.02370086E-02 -0.135220364     -0.500000000    
          27          33   1.69177670E-02 -0.145199671     -0.500000000    
          28           1  -2.33581271E-02 -0.124670856     -0.500000000    
          28           2  0.134591475     -0.102922782     -0.500000000    
          28           3  0.357848048      -6.79482743E-02 -0.500000000    
          28           4  0.379152626      -1.71748977E-02 -0.500000000    
          28           5  0.373701245       8.05436727E-03 -0.500000000    
          28           6  0.333721399       1.42596290E-02 -0.500000000    
          28           7  0.255359322       2.03782693E-02 -0.500000000    
          28           8  0.106617033       6.60838513E-03 -0.500000000    
          28           9   7.96968788E-02   3.33840796E-03 -0.500000000    
          28          10  0.285617411      -4.50878479E-02 -0.500000000    
          28          11  0.357147694     -0.121484220     -0.500000000    
          28          12  0.107696615     -0.162672386     -0.500000000    
          28          13  -7.96463341E-02 -0.147673249     -0.500000000    
          28          14  -8.89701024E-02 -0.103589982     -0.500000000    
          28          15   5.18250056E-02  -6.47980869E-02 -0.500000000    
          28          16  0.194019035      -4.80857603E-02 -0.500000000    
          28          17  0.226837859      -6.73760921E-02 -0.500000000    
          28          18   2.14072093E-02  -7.51111060E-02 -0.500000000    
          28          19  -5.82010113E-02 -0.110785142     -0.500000000    
          28          20   2.46068239E-02 -0.176966801     -0.500000000    
          28          21   3.96045595E-02 -0.233766615     -0.500000000    
          28          22   4.55974750E-02 -0.206319630     -0.500000000    
          28          23   9.37684253E-02 -0.117254198     -0.500000000    
          28          24 -0.100306265      -3.56560163E-02 -0.500000000    
          28          25  0.105510682       1.36024309E-02 -0.500000000    
          28          26  0.213664889       5.35442047E-02 -0.500000000    
          28          27  0.325642854       8.60685557E-02 -0.500000000    
          28          28  0.250952244       7.13415295E-02 -0.500000000    
          28          29  0.159487247       2.19872054E-02 -0.500000000    
          28          30   9.18295011E-02  -4.15104330E-02 -0.500000000    
          28          31   8.39270744E-03  -7.93358237E-02 -0.500000000    
          28          32  -9.35120732E-02  -8.22755918E-02 -0.500000000    
          28          33   1.14601916E-02  -8.24121013E-02 -0.500000000    
          29           1   2.43964624E-02  -9.91136953E-02 -0.500000000    
          29           2   9.66435745E-02 -0.105442837     -0.500000000    
          29           3  0.340859026      -8.74838755E-02 -0.500000000    
          29           4  0.258252025      -5.26075698E-02 -0.500000000    
          29           5  0.302156299      -4.75894064E-02 -0.500000000    
          29           6  0.266272038      -2.81848479E-02 -0.500000000    
          29           7  0.182932973      -1.35126766E-02 -0.500000000    
          29           8  0.174388513      -3.52842286E-02 -0.500000000    
          29           9  0.209671631      -5.03795184E-02 -0.500000000    
          29          10  0.226419315     -0.100136273     -0.500000000    
          29          11  0.237741530     -0.160926849     -0.500000000    
          29          12  0.110004202     -0.185732201     -0.500000000    
          29          13   3.38615663E-02 -0.176180109     -0.500000000    
          29          14  -1.83002055E-02 -0.128479451     -0.500000000    
          29          15   1.06361704E-02  -6.93066716E-02 -0.500000000    
          29          16  0.240611717      -4.97313030E-02 -0.500000000    
          29          17  0.274765998      -5.67616969E-02 -0.500000000    
          29          18   6.76121786E-02  -6.23682030E-02 -0.500000000    
          29          19 -0.148401633     -0.104071893     -0.500000000    
          29          20 -0.127338454     -0.183299959     -0.500000000    
          29          21  -2.89081410E-02 -0.231953442     -0.500000000    
          29          22  -1.28658931E-03 -0.220641807     -0.500000000    
          29          23   3.72410379E-02 -0.150466397     -0.500000000    
          29          24  -3.13966931E-03  -7.84906372E-02 -0.500000000    
          29          25   3.62191871E-02  -2.19320841E-02 -0.500000000    
          29          26  0.130004272       1.86457932E-02 -0.500000000    
          29          27  0.244059384       4.39855009E-02 -0.500000000    
          29          28  0.159527361       2.19792351E-02 -0.500000000    
          29          29  0.131019995      -3.21592055E-02 -0.500000000    
          29          30  0.156172171      -7.88957477E-02 -0.500000000    
          29          31  0.119031101      -8.02135915E-02 -0.500000000    
          29          32   7.21262395E-02  -6.06575161E-02 -0.500000000    
          29          33   2.01414693E-02  -3.99083011E-02 -0.500000000    
          30           1  0.367683858      -8.35743025E-02 -0.500000000    
          30           2  0.269584954     -0.111362092     -0.500000000    
          30           3  0.253633797     -0.112828247     -0.500000000    
          30           4  0.187108442      -9.12882313E-02 -0.500000000    
          30           5  0.254020840      -9.14155245E-02 -0.500000000    
          30           6  0.166931316      -8.12430754E-02 -0.500000000    
          30           7   9.80522186E-02  -8.83679688E-02 -0.500000000    
          30           8  0.164989129     -0.117706873     -0.500000000    
          30           9  0.296057254     -0.125861764     -0.500000000    
          30          10  0.255714148     -0.148287654     -0.500000000    
          30          11  0.130831823     -0.175475150     -0.500000000    
          30          12  0.103562891     -0.194482580     -0.500000000    
          30          13   8.44523609E-02 -0.204418719     -0.500000000    
          30          14   5.53481355E-02 -0.169430345     -0.500000000    
          30          15  -8.15641321E-03 -0.115705162     -0.500000000    
          30          16  0.145775303      -8.40590075E-02 -0.500000000    
          30          17  0.147835881      -7.54561797E-02 -0.500000000    
          30          18   2.84498688E-02  -8.76850709E-02 -0.500000000    
          30          19  -9.43516865E-02 -0.132884338     -0.500000000    
          30          20 -0.123691626     -0.191520020     -0.500000000    
          30          21  -9.73010808E-03 -0.210693628     -0.500000000    
          30          22   3.39064188E-02 -0.204023495     -0.500000000    
          30          23   3.57806906E-02 -0.173899621     -0.500000000    
          30          24   6.90503046E-02 -0.126589820     -0.500000000    
          30          25   9.64699686E-02  -8.60811025E-02 -0.500000000    
          30          26   7.23872259E-02  -6.79453686E-02 -0.500000000    
          30          27   9.83154774E-02  -3.88025902E-02 -0.500000000    
          30          28   9.19898301E-02  -4.13912721E-02 -0.500000000    
          30          29  0.156970873      -7.87872598E-02 -0.500000000    
          30          30  0.129139960     -0.100655675     -0.500000000    
          30          31   9.40258615E-04  -7.27625117E-02 -0.500000000    
          30          32  -2.55387891E-02  -4.58440967E-02 -0.500000000    
          30          33   3.27305384E-02  -2.57213283E-02 -0.500000000    
          31           1  0.551286280       1.24157527E-02 -0.500000000    
          31           2  0.604534209      -6.96602240E-02 -0.500000000    
          31           3  0.628358245     -0.110665739     -0.500000000    
          31           4  0.404958516     -0.113524549     -0.500000000    
          31           5  0.300066113     -0.120521240     -0.500000000    
          31           6  0.152832553     -0.121734954     -0.500000000    
          31           7  0.119447239     -0.141626894     -0.500000000    
          31           8  0.207952455     -0.165964186     -0.500000000    
          31           9  0.275071800     -0.156046808     -0.500000000    
          31          10  0.148386821     -0.156696409     -0.500000000    
          31          11  -2.20255926E-03 -0.172811121     -0.500000000    
          31          12  -3.09671685E-02 -0.204891637     -0.500000000    
          31          13  -4.64078039E-04 -0.226009950     -0.500000000    
          31          14  0.153387442     -0.217951387     -0.500000000    
          31          15   6.11304939E-02 -0.174530998     -0.500000000    
          31          16   8.09887126E-02 -0.135066956     -0.500000000    
          31          17   5.54622971E-02 -0.129475117     -0.500000000    
          31          18   3.74044739E-02 -0.147129655     -0.500000000    
          31          19  -2.85400134E-02 -0.182328522     -0.500000000    
          31          20  -4.98664677E-02 -0.199503899     -0.500000000    
          31          21   1.51028798E-03 -0.196673051     -0.500000000    
          31          22 -0.106267139     -0.195952505     -0.500000000    
          31          23  -7.86749497E-02 -0.201303914     -0.500000000    
          31          24   2.60742232E-02 -0.169810891     -0.500000000    
          31          25   5.96327335E-02 -0.136480197     -0.500000000    
          31          26  -3.03958114E-02 -0.132292762     -0.500000000    
          31          27  -1.76454410E-02 -0.107317716     -0.500000000    
          31          28   1.03433290E-02  -7.89918825E-02 -0.500000000    
          31          29  0.121683650      -7.99609050E-02 -0.500000000    
          31          30   2.02492066E-03  -7.26771206E-02 -0.500000000    
          31          31   6.35596290E-02  -2.86636744E-02 -0.500000000    
          31          32   9.81110521E-03   3.02230604E-02 -0.500000000    
          31          33   6.40103826E-03   7.30494484E-02 -0.500000000    
          32           1  0.544666052      0.158898532     -0.500000000    
          32           2  0.541118085       2.17945594E-02 -0.500000000    
          32           3  0.634978414      -9.16997567E-02 -0.500000000    
          32           4  0.406159848     -0.128643557     -0.500000000    
          32           5  0.305059820     -0.145604596     -0.500000000    
          32           6  0.111217104     -0.154564634     -0.500000000    
          32           7   8.29343423E-02 -0.166037276     -0.500000000    
          32           8  0.179122433     -0.170417204     -0.500000000    
          32           9  0.239021868     -0.147356391     -0.500000000    
          32          10  0.144904360     -0.141260907     -0.500000000    
          32          11   7.27446899E-02 -0.177225098     -0.500000000    
          32          12   8.15837272E-03 -0.223492175     -0.500000000    
          32          13   3.75540592E-02 -0.256340086     -0.500000000    
          32          14  0.116813630     -0.265009284     -0.500000000    
          32          15   5.15880212E-02 -0.226598755     -0.500000000    
          32          16   1.24956835E-02 -0.181128949     -0.500000000    
          32          17  -2.21736799E-03 -0.165404588     -0.500000000    
          32          18  -6.18770113E-03 -0.183028057     -0.500000000    
          32          19  -2.13250332E-02 -0.208196357     -0.500000000    
          32          20  -5.58637120E-02 -0.199497774     -0.500000000    
          32          21  -6.85975924E-02 -0.189424306     -0.500000000    
          32          22 -0.113570958     -0.208258301     -0.500000000    
          32          23   4.02694903E-02 -0.226727262     -0.500000000    
          32          24  0.103018790     -0.196549326     -0.500000000    
          32          25   6.75684437E-02 -0.167928830     -0.500000000    
          32          26  -5.53958379E-02 -0.167472750     -0.500000000    
          32          27  -7.76314810E-02 -0.134551898     -0.500000000    
          32          28  -8.79434347E-02  -8.16254318E-02 -0.500000000    
          32          29   7.73259997E-02  -6.02334663E-02 -0.500000000    
          32          30  -2.23199055E-02  -4.57053855E-02 -0.500000000    
          32          31   1.26765054E-02   3.02170552E-02 -0.500000000    
          32          32 -0.184786737      0.152224898     -0.500000000    
          32          33 -0.135162532      0.236933246     -0.500000000    
          33           1  0.564218402      0.265597224     -0.500000000    
          33           2  0.526290715      0.101068966     -0.500000000    
          33           3  0.699911714      -6.57273158E-02 -0.500000000    
          33           4  0.367074460     -0.118678160     -0.500000000    
          33           5  0.340222418     -0.160189331     -0.500000000    
          33           6  0.257897019     -0.173399210     -0.500000000    
          33           7  0.289632082     -0.170203149     -0.500000000    
          33           8  0.323973387     -0.149118617     -0.500000000    
          33           9  0.217934579     -0.110369198     -0.500000000    
          33          10  0.110684857     -0.118112251     -0.500000000    
          33          11   8.05350691E-02 -0.184422284     -0.500000000    
          33          12   4.59663607E-02 -0.236285299     -0.500000000    
          33          13   9.48278904E-02 -0.278595597     -0.500000000    
          33          14  0.179365784     -0.292198837     -0.500000000    
          33          15  -1.08051337E-02 -0.251474380     -0.500000000    
          33          16 -0.128388956     -0.190937623     -0.500000000    
          33          17 -0.181003958     -0.171466038     -0.500000000    
          33          18 -0.114265814     -0.191761628     -0.500000000    
          33          19 -0.130299747     -0.211798191     -0.500000000    
          33          20  -5.42296544E-02 -0.209241778     -0.500000000    
          33          21  -1.84800345E-02 -0.194926113     -0.500000000    
          33          22  -2.47813426E-02 -0.221435711     -0.500000000    
          33          23  0.120537274     -0.239558011     -0.500000000    
          33          24  0.108920828     -0.207262859     -0.500000000    
          33          25   6.54670373E-02 -0.181767330     -0.500000000    
          33          26  -1.13911368E-02 -0.172607794     -0.500000000    
          33          27   2.06390694E-02 -0.144396007     -0.500000000    
          33          28   1.95625424E-02  -8.15888792E-02 -0.500000000    
          33          29   2.72761006E-02  -3.93486619E-02 -0.500000000    
          33          30   3.72527093E-02  -2.55749524E-02 -0.500000000    
          33          31   1.22386469E-02   7.29638860E-02 -0.500000000    
          33          32 -0.132978961      0.236690104     -0.500000000    
          33          33  -8.62631351E-02  0.351863265     -0.500000000    
