           1           1 -0.163984448     -0.217058361     -0.500000000    
           1           2 -0.142500117     -0.185357496     -0.500000000    
           1           3   6.39064014E-02 -0.126231968     -0.500000000    
           1           4  0.145455331      -4.51239571E-02 -0.500000000    
           1           5  0.195668757       1.58092156E-02 -0.500000000    
           1           6  0.181526139       2.78405622E-02 -0.500000000    
           1           7  0.281662554       2.62249671E-02 -0.500000000    
           1           8  0.291530371       7.18748942E-02 -0.500000000    
           1           9  0.337284893      0.119876005     -0.500000000    
           1          10  0.428070396      0.152964413     -0.500000000    
           1          11  0.568481684      0.191757441     -0.500000000    
           1          12  0.486785740      0.237213820     -0.500000000    
           1          13  0.254888505      0.222741663     -0.500000000    
           1          14   2.88626226E-03  0.164430082     -0.500000000    
           1          15  -3.41649838E-02  0.109789819     -0.500000000    
           1          16  0.115316309       9.31989476E-02 -0.500000000    
           1          17  0.137755841       8.57217088E-02 -0.500000000    
           1          18   5.96856065E-02   7.17187971E-02 -0.500000000    
           1          19   1.65723730E-02   6.69521019E-02 -0.500000000    
           1          20   8.95892009E-02   9.94980559E-02 -0.500000000    
           1          21   7.14033619E-02  0.129950061     -0.500000000    
           1          22   7.44680315E-02  0.122129396     -0.500000000    
           1          23   5.35552856E-03  0.128883436     -0.500000000    
           1          24   2.56921351E-02  0.161192462     -0.500000000    
           1          25  0.196186051      0.184780583     -0.500000000    
           1          26  0.204158381      0.177752167     -0.500000000    
           1          27  0.226735234      0.156627163     -0.500000000    
           1          28  0.156712845      0.141041756     -0.500000000    
           1          29   9.93062332E-02   8.21006671E-02 -0.500000000    
           1          30  -1.11241685E-02  -1.78473275E-02 -0.500000000    
           1          31   8.97210389E-02 -0.101417556     -0.500000000    
           1          32   6.96909577E-02 -0.169619322     -0.500000000    
           1          33   3.01768910E-03 -0.239898726     -0.500000000    
           2           1 -0.143027827     -0.185311586     -0.500000000    
           2           2 -0.401171714     -0.139225572     -0.500000000    
           2           3 -0.139643386      -6.72084764E-02 -0.500000000    
           2           4   3.49267274E-02  -1.13758061E-03 -0.500000000    
           2           5   6.19807690E-02   3.57811004E-02 -0.500000000    
           2           6   1.84114706E-02   3.90101597E-02 -0.500000000    
           2           7   6.15462400E-02   4.49823178E-02 -0.500000000    
           2           8   9.99694094E-02   7.89693668E-02 -0.500000000    
           2           9  0.234631181      0.103853434     -0.500000000    
           2          10  0.255862117      0.136900187     -0.500000000    
           2          11  0.293973714      0.162617654     -0.500000000    
           2          12  0.191712230      0.185768202     -0.500000000    
           2          13  0.134825394      0.148449987     -0.500000000    
           2          14   2.71859020E-02   9.81603861E-02 -0.500000000    
           2          15   3.35412249E-02   5.66715859E-02 -0.500000000    
           2          16  0.140204281       5.51970266E-02 -0.500000000    
           2          17  0.211226106       6.41267225E-02 -0.500000000    
           2          18  0.175875515       6.57948330E-02 -0.500000000    
           2          19   7.82263651E-02   7.36084804E-02 -0.500000000    
           2          20  0.112024821      0.108705580     -0.500000000    
           2          21   5.20811230E-02  0.128167972     -0.500000000    
           2          22   7.00936839E-02   9.96741951E-02 -0.500000000    
           2          23   2.54246332E-02   8.80053267E-02 -0.500000000    
           2          24   5.55338971E-02  0.102328055     -0.500000000    
           2          25  0.145617589      0.104481444     -0.500000000    
           2          26   9.02592391E-02  0.119820796     -0.500000000    
           2          27  0.190791279      0.127647907     -0.500000000    
           2          28  0.147438943      0.135614201     -0.500000000    
           2          29   7.39317685E-02  0.109074682     -0.500000000    
           2          30  -4.37830482E-03   2.68139709E-02 -0.500000000    
           2          31  -2.64497288E-02  -5.97377531E-02 -0.500000000    
           2          32   2.45829578E-03 -0.119985826     -0.500000000    
           2          33 -0.255446196     -0.164869964     -0.500000000    
           3           1   6.35405332E-02 -0.126078308     -0.500000000    
           3           2 -0.139471188      -6.71274588E-02 -0.500000000    
           3           3  -2.09277142E-02   8.59396439E-03 -0.500000000    
           3           4  0.134203851       6.18631542E-02 -0.500000000    
           3           5  0.123505272       7.39176944E-02 -0.500000000    
           3           6   6.73382953E-02   6.21183626E-02 -0.500000000    
           3           7  -5.55956028E-02   8.03930536E-02 -0.500000000    
           3           8   5.97888753E-02  0.118417427     -0.500000000    
           3           9  0.187187001      0.134968176     -0.500000000    
           3          10  0.224930093      0.156109229     -0.500000000    
           3          11  0.225787446      0.155100748     -0.500000000    
           3          12  0.134460688      0.152726024     -0.500000000    
           3          13   7.88369998E-02  0.115524895     -0.500000000    
           3          14   7.77694136E-02   7.20240921E-02 -0.500000000    
           3          15  0.121426657       3.45805734E-02 -0.500000000    
           3          16  0.105447888       4.02639434E-02 -0.500000000    
           3          17   8.23697746E-02   5.75438738E-02 -0.500000000    
           3          18   6.03342950E-02   6.99833408E-02 -0.500000000    
           3          19  -3.48469727E-02   8.24685842E-02 -0.500000000    
           3          20   2.62423865E-02  0.114871606     -0.500000000    
           3          21  0.116270699      0.134831518     -0.500000000    
           3          22   9.34823528E-02   9.67764705E-02 -0.500000000    
           3          23   3.98861282E-02   7.01566637E-02 -0.500000000    
           3          24   4.58745584E-02   5.89792542E-02 -0.500000000    
           3          25   6.56774640E-02   4.48945090E-02 -0.500000000    
           3          26  -9.21413768E-03   6.87390342E-02 -0.500000000    
           3          27   7.65771270E-02   8.57677981E-02 -0.500000000    
           3          28  -1.60926394E-02  0.104806028     -0.500000000    
           3          29   1.58819258E-02  0.109504186     -0.500000000    
           3          30   5.32192215E-02   7.89780691E-02 -0.500000000    
           3          31  -5.32343164E-02   2.68424265E-02 -0.500000000    
           3          32  -3.83639783E-02  -1.95016135E-02 -0.500000000    
           3          33 -0.235381261      -4.38591689E-02 -0.500000000    
           4           1  0.144632772      -4.49708104E-02 -0.500000000    
           4           2   3.46190296E-02  -1.08149752E-03 -0.500000000    
           4           3  0.133980930       6.18627109E-02 -0.500000000    
           4           4  0.163823962       7.65824541E-02 -0.500000000    
           4           5  0.164837286       6.08395413E-02 -0.500000000    
           4           6   2.37267967E-02   5.62343001E-02 -0.500000000    
           4           7  -6.56044930E-02   8.91938508E-02 -0.500000000    
           4           8   5.71324676E-02  0.135662958     -0.500000000    
           4           9  0.145340383      0.159810990     -0.500000000    
           4          10  0.189502612      0.184157655     -0.500000000    
           4          11  0.274516940      0.189951792     -0.500000000    
           4          12  0.256888747      0.186516136     -0.500000000    
           4          13  0.196447834      0.148059905     -0.500000000    
           4          14  0.124024518       9.78049859E-02 -0.500000000    
           4          15   9.26786661E-02   5.41987792E-02 -0.500000000    
           4          16  -7.10763931E-02   3.88840698E-02 -0.500000000    
           4          17  -2.51629632E-02   4.74882014E-02 -0.500000000    
           4          18  0.114305295       6.13975227E-02 -0.500000000    
           4          19  -8.58945772E-03   7.92391449E-02 -0.500000000    
           4          20  -5.41173927E-02  0.119064778     -0.500000000    
           4          21   3.82201560E-02  0.145077065     -0.500000000    
           4          22   7.06713200E-02  0.125314444     -0.500000000    
           4          23  0.106309168      0.107831821     -0.500000000    
           4          24   5.68124875E-02   9.37944502E-02 -0.500000000    
           4          25   2.09159236E-02   6.48354590E-02 -0.500000000    
           4          26   2.99234837E-02   5.70326596E-02 -0.500000000    
           4          27   8.69741961E-02   5.18730991E-02 -0.500000000    
           4          28  0.126939043       5.85688166E-02 -0.500000000    
           4          29  0.139205158       8.42619538E-02 -0.500000000    
           4          30   7.11187050E-02   9.58734676E-02 -0.500000000    
           4          31  -1.64012369E-02   8.94273147E-02 -0.500000000    
           4          32  -1.56433061E-02   7.17257410E-02 -0.500000000    
           4          33  -9.27825198E-02   6.74165338E-02 -0.500000000    
           5           1  0.195409685       1.59641914E-02 -0.500000000    
           5           2   6.19898587E-02   3.58537510E-02 -0.500000000    
           5           3  0.123425193       7.39511773E-02 -0.500000000    
           5           4  0.164866522       6.08691014E-02 -0.500000000    
           5           5  0.158214331       3.65853235E-02 -0.500000000    
           5           6   2.42841356E-02   4.09814902E-02 -0.500000000    
           5           7  -1.39276823E-02   7.78237507E-02 -0.500000000    
           5           8   3.10846698E-02  0.136672303     -0.500000000    
           5           9  0.219264895      0.182685465     -0.500000000    
           5          10  0.321478069      0.220196441     -0.500000000    
           5          11  0.294799060      0.215811893     -0.500000000    
           5          12  0.186385259      0.202826589     -0.500000000    
           5          13   8.90400261E-02  0.153904393     -0.500000000    
           5          14   1.58492494E-02   9.76967588E-02 -0.500000000    
           5          15   7.56270736E-02   6.00071363E-02 -0.500000000    
           5          16   9.46524069E-02   5.50176315E-02 -0.500000000    
           5          17  0.141866669       6.99720979E-02 -0.500000000    
           5          18  0.126810193       8.68040398E-02 -0.500000000    
           5          19  -1.57159232E-02  0.107103013     -0.500000000    
           5          20   2.19281055E-02  0.149531618     -0.500000000    
           5          21   6.12552464E-02  0.180030629     -0.500000000    
           5          22   9.42319036E-02  0.169020250     -0.500000000    
           5          23  0.164112896      0.142754614     -0.500000000    
           5          24  0.220611081      0.116754897     -0.500000000    
           5          25  0.105423801       6.39369488E-02 -0.500000000    
           5          26  0.155978933       2.63114311E-02 -0.500000000    
           5          27  0.208277881       9.77838039E-03 -0.500000000    
           5          28  0.269513696       1.31368423E-02 -0.500000000    
           5          29  0.235938013       4.41139415E-02 -0.500000000    
           5          30   5.03198877E-02   7.95937404E-02 -0.500000000    
           5          31   4.11519408E-02  0.111237273     -0.500000000    
           5          32   3.47624086E-02  0.131124064     -0.500000000    
           5          33   1.63558684E-02  0.137000024     -0.500000000    
           6           1  0.182567656       2.80655101E-02 -0.500000000    
           6           2   1.89876221E-02   3.91375981E-02 -0.500000000    
           6           3   6.73442483E-02   6.21744022E-02 -0.500000000    
           6           4   2.36778930E-02   5.62723279E-02 -0.500000000    
           6           5   2.44934335E-02   4.09768634E-02 -0.500000000    
           6           6   5.23064174E-02   4.78550084E-02 -0.500000000    
           6           7   8.11560676E-02   7.27948546E-02 -0.500000000    
           6           8   6.20020041E-03  0.124812812     -0.500000000    
           6           9   6.14151880E-02  0.177616015     -0.500000000    
           6          10  0.204139531      0.226552054     -0.500000000    
           6          11  0.196789756      0.209928811     -0.500000000    
           6          12  0.111073174      0.195828080     -0.500000000    
           6          13   1.35702230E-02  0.145777792     -0.500000000    
           6          14   6.13719784E-02   8.50647464E-02 -0.500000000    
           6          15  0.154439688       5.09057045E-02 -0.500000000    
           6          16  0.308874220       5.58779761E-02 -0.500000000    
           6          17  0.386865497       8.17169771E-02 -0.500000000    
           6          18  0.261622012      0.114291057     -0.500000000    
           6          19  0.161630481      0.153258637     -0.500000000    
           6          20  0.136299968      0.194862425     -0.500000000    
           6          21  0.114826798      0.226310819     -0.500000000    
           6          22  0.126708180      0.213994607     -0.500000000    
           6          23  0.115960635      0.170119137     -0.500000000    
           6          24  0.127841026      0.125367552     -0.500000000    
           6          25  -1.57359056E-02   6.68617338E-02 -0.500000000    
           6          26   4.01090458E-02   2.55909879E-02 -0.500000000    
           6          27  0.219121307      -1.21411227E-03 -0.500000000    
           6          28  0.171601251       1.43079949E-03 -0.500000000    
           6          29  0.140785918       1.98529437E-02 -0.500000000    
           6          30   3.69987898E-02   4.94383238E-02 -0.500000000    
           6          31  -2.32152175E-02   8.65819305E-02 -0.500000000    
           6          32   6.95426911E-02  0.119680978     -0.500000000    
           6          33   1.48206381E-02  0.135572627     -0.500000000    
           7           1  0.283468664       2.64553558E-02 -0.500000000    
           7           2   6.23792298E-02   4.51031253E-02 -0.500000000    
           7           3  -5.51150739E-02   8.04200917E-02 -0.500000000    
           7           4  -6.50691390E-02   8.91836807E-02 -0.500000000    
           7           5  -1.34804901E-02   7.77674913E-02 -0.500000000    
           7           6   8.11811835E-02   7.27381483E-02 -0.500000000    
           7           7   6.19739182E-02   6.37641251E-02 -0.500000000    
           7           8  -8.24083537E-02  0.103333406     -0.500000000    
           7           9   4.15025577E-02  0.156192362     -0.500000000    
           7          10  0.243433371      0.205002367     -0.500000000    
           7          11  0.185682386      0.179629803     -0.500000000    
           7          12   7.82296658E-02  0.159013912     -0.500000000    
           7          13  0.107260972      0.133406594     -0.500000000    
           7          14   5.81374913E-02   5.37000112E-02 -0.500000000    
           7          15   2.77584903E-02   2.24696938E-02 -0.500000000    
           7          16  0.311569095       4.47440818E-02 -0.500000000    
           7          17  0.386306852       8.96959752E-02 -0.500000000    
           7          18  0.223075211      0.133018658     -0.500000000    
           7          19  0.181983352      0.178218216     -0.500000000    
           7          20  0.183185101      0.216248646     -0.500000000    
           7          21  0.206129745      0.228691608     -0.500000000    
           7          22  0.197785616      0.220756382     -0.500000000    
           7          23  0.115480237      0.188296810     -0.500000000    
           7          24   7.71452533E-03  0.140422538     -0.500000000    
           7          25  -7.48433024E-02   7.16067925E-02 -0.500000000    
           7          26  -2.42971210E-03   2.22332347E-02 -0.500000000    
           7          27  0.115077011      -4.38951747E-03 -0.500000000    
           7          28   4.24681753E-02   9.08192713E-03 -0.500000000    
           7          29   9.56421420E-02   3.41502056E-02 -0.500000000    
           7          30   9.23837423E-02   6.75196499E-02 -0.500000000    
           7          31  -7.83518031E-02   8.52177516E-02 -0.500000000    
           7          32   4.65597659E-02   9.36297998E-02 -0.500000000    
           7          33  -8.48348252E-04  0.101374373     -0.500000000    
           8           1  0.293569386       7.22074211E-02 -0.500000000    
           8           2  0.100943856       7.91861564E-02 -0.500000000    
           8           3   6.05483241E-02  0.118516624     -0.500000000    
           8           4   5.76352514E-02  0.135672316     -0.500000000    
           8           5   3.15215774E-02  0.136632249     -0.500000000    
           8           6   6.46674447E-03  0.124760538     -0.500000000    
           8           7  -8.22381973E-02  0.103292353     -0.500000000    
           8           8  -9.61856246E-02  0.107534483     -0.500000000    
           8           9  0.110154368      0.128662080     -0.500000000    
           8          10  0.223282218      0.144752443     -0.500000000    
           8          11  0.136429563      0.109998606     -0.500000000    
           8          12   3.00996657E-02   9.18792486E-02 -0.500000000    
           8          13  -3.41898277E-02   9.09745917E-02 -0.500000000    
           8          14   2.67492794E-02   4.30094860E-02 -0.500000000    
           8          15  -3.21338587E-02   3.08848592E-03 -0.500000000    
           8          16  0.158496648       3.27450521E-02 -0.500000000    
           8          17  0.310059100       8.55324790E-02 -0.500000000    
           8          18  0.197617099      0.119723365     -0.500000000    
           8          19  0.112251744      0.157547325     -0.500000000    
           8          20   8.72468129E-02  0.189673588     -0.500000000    
           8          21   8.45844857E-03  0.198178634     -0.500000000    
           8          22   4.75594625E-02  0.187849477     -0.500000000    
           8          23  0.136867553      0.161776692     -0.500000000    
           8          24   9.96860787E-02  0.136994019     -0.500000000    
           8          25   5.93646392E-02   7.37123191E-02 -0.500000000    
           8          26  -3.81736308E-02   2.32472997E-02 -0.500000000    
           8          27  -4.05889824E-02   1.90734696E-02 -0.500000000    
           8          28  -1.48640107E-02   5.38118854E-02 -0.500000000    
           8          29   5.84044009E-02   6.44336790E-02 -0.500000000    
           8          30  0.121348098       6.45998046E-02 -0.500000000    
           8          31   1.34437578E-02   5.65065295E-02 -0.500000000    
           8          32   9.13667753E-02   6.85278401E-02 -0.500000000    
           8          33   3.82559709E-02   9.33720246E-02 -0.500000000    
           9           1  0.339488208      0.120357968     -0.500000000    
           9           2  0.235624909      0.104181871     -0.500000000    
           9           3  0.187843040      0.135168746     -0.500000000    
           9           4  0.145786792      0.159890145     -0.500000000    
           9           5  0.219663650      0.182724059     -0.500000000    
           9           6   6.17569834E-02  0.177629903     -0.500000000    
           9           7   4.16386165E-02  0.156157330     -0.500000000    
           9           8  0.109862722      0.128590107     -0.500000000    
           9           9  0.147949696      0.113311678     -0.500000000    
           9          10  0.204775423       9.91936326E-02 -0.500000000    
           9          11  0.133577839       5.96573390E-02 -0.500000000    
           9          12   1.05427830E-02   5.65432347E-02 -0.500000000    
           9          13   2.33126152E-02   7.47840479E-02 -0.500000000    
           9          14   3.94748338E-02   5.40832542E-02 -0.500000000    
           9          15   1.46791236E-02   2.69448087E-02 -0.500000000    
           9          16  -2.42341822E-03   1.89448483E-02 -0.500000000    
           9          17  0.163634062       5.31981774E-02 -0.500000000    
           9          18  0.190845087       9.92395505E-02 -0.500000000    
           9          19   9.11076143E-02  0.138167664     -0.500000000    
           9          20  -5.04422896E-02  0.146807566     -0.500000000    
           9          21 -0.101595283      0.153330028     -0.500000000    
           9          22  -2.51148380E-02  0.150790691     -0.500000000    
           9          23  0.154711321      0.139395893     -0.500000000    
           9          24  0.205890536      0.141389772     -0.500000000    
           9          25  0.143657565       9.91277248E-02 -0.500000000    
           9          26  -3.93598825E-02   5.69363609E-02 -0.500000000    
           9          27   1.33952638E-03   6.70443848E-02 -0.500000000    
           9          28  0.199189380      0.106223561     -0.500000000    
           9          29  0.212981179      0.101706721     -0.500000000    
           9          30  0.104183123       7.05504343E-02 -0.500000000    
           9          31   3.40330191E-02   4.98901829E-02 -0.500000000    
           9          32   8.76317620E-02   5.36120161E-02 -0.500000000    
           9          33  0.121532083       7.78926313E-02 -0.500000000    
          10           1  0.429652363      0.153542876     -0.500000000    
          10           2  0.256205261      0.137294546     -0.500000000    
          10           3  0.225270405      0.156385884     -0.500000000    
          10           4  0.190044403      0.184319720     -0.500000000    
          10           5  0.321750402      0.220306456     -0.500000000    
          10           6  0.204674438      0.226615772     -0.500000000    
          10           7  0.243762329      0.204982162     -0.500000000    
          10           8  0.222945154      0.144621596     -0.500000000    
          10           9  0.204417810       9.90756005E-02 -0.500000000    
          10          10   9.04652700E-02   6.69349656E-02 -0.500000000    
          10          11  -4.54556160E-02   3.66937108E-02 -0.500000000    
          10          12   1.06219873E-02   5.96636496E-02 -0.500000000    
          10          13   3.02383415E-02   9.80559886E-02 -0.500000000    
          10          14   4.70427014E-02   9.43582729E-02 -0.500000000    
          10          15  -2.07370594E-02   4.46592011E-02 -0.500000000    
          10          16  -3.65725532E-02   1.37626668E-02 -0.500000000    
          10          17   4.03688625E-02   3.36353891E-02 -0.500000000    
          10          18  0.133177608       7.58132488E-02 -0.500000000    
          10          19  0.209534630      0.118445538     -0.500000000    
          10          20  0.120465375      0.138052985     -0.500000000    
          10          21  -3.27211395E-02  0.150376201     -0.500000000    
          10          22  -6.27829209E-02  0.138657615     -0.500000000    
          10          23   9.08404514E-02  0.129739121     -0.500000000    
          10          24  0.139076754      0.138876960     -0.500000000    
          10          25   6.44078627E-02  0.104917064     -0.500000000    
          10          26   5.33871353E-02   7.98356161E-02 -0.500000000    
          10          27  0.116205193      0.103273600     -0.500000000    
          10          28  0.242398277      0.137282103     -0.500000000    
          10          29  0.297101378      0.149665117     -0.500000000    
          10          30  0.114266351      0.113730408     -0.500000000    
          10          31   4.33382839E-02   7.93811902E-02 -0.500000000    
          10          32  -1.83288977E-02   5.19920327E-02 -0.500000000    
          10          33   2.29544360E-02   4.24778685E-02 -0.500000000    
          11           1  0.569038808      0.192412198     -0.500000000    
          11           2  0.293761462      0.163097918     -0.500000000    
          11           3  0.225819260      0.155443683     -0.500000000    
          11           4  0.274839550      0.190211594     -0.500000000    
          11           5  0.294540703      0.216012359     -0.500000000    
          11           6  0.196899116      0.210080773     -0.500000000    
          11           7  0.185919523      0.179673910     -0.500000000    
          11           8  0.136348963      0.109892987     -0.500000000    
          11           9  0.133111820       5.94833530E-02 -0.500000000    
          11          10  -4.57608290E-02   3.65533829E-02 -0.500000000    
          11          11 -0.201172158       2.46236641E-02 -0.500000000    
          11          12  -7.34417699E-06   7.33194798E-02 -0.500000000    
          11          13  0.123549826      0.134457409     -0.500000000    
          11          14  0.114386208      0.145275921     -0.500000000    
          11          15  0.153122216       8.68843049E-02 -0.500000000    
          11          16  -1.10984603E-02   5.19365706E-02 -0.500000000    
          11          17  -2.60514636E-02   5.42080589E-02 -0.500000000    
          11          18  0.134845063       8.32512975E-02 -0.500000000    
          11          19  0.285028547      0.104823619     -0.500000000    
          11          20  0.259114563      0.134678930     -0.500000000    
          11          21  0.106247030      0.144269332     -0.500000000    
          11          22  -1.35434093E-02  0.138913512     -0.500000000    
          11          23  0.119369991      0.129348651     -0.500000000    
          11          24   6.15367219E-02  0.138033345     -0.500000000    
          11          25  -6.94943741E-02  0.103354514     -0.500000000    
          11          26   2.91664507E-02   8.29406530E-02 -0.500000000    
          11          27  0.138202280      0.102542385     -0.500000000    
          11          28  0.151527002      0.126910985     -0.500000000    
          11          29  0.208821535      0.145110220     -0.500000000    
          11          30   4.87459414E-02  0.134595335     -0.500000000    
          11          31   1.60629917E-02   9.46557075E-02 -0.500000000    
          11          32 -0.131403521       5.64741008E-02 -0.500000000    
          11          33  -8.03593844E-02   2.52073985E-02 -0.500000000    
          12           1  0.487481415      0.237726375     -0.500000000    
          12           2  0.191654012      0.186122105     -0.500000000    
          12           3  0.134544089      0.152940556     -0.500000000    
          12           4  0.256900162      0.186708510     -0.500000000    
          12           5  0.185963824      0.203006834     -0.500000000    
          12           6  0.110908531      0.196022376     -0.500000000    
          12           7   7.84905925E-02  0.159131423     -0.500000000    
          12           8   3.00959758E-02   9.18741375E-02 -0.500000000    
          12           9   1.03181889E-02   5.64162694E-02 -0.500000000    
          12          10   1.03524439E-02   5.94564043E-02 -0.500000000    
          12          11  -1.93780987E-04   7.31662735E-02 -0.500000000    
          12          12   6.05328530E-02  0.130245268     -0.500000000    
          12          13  0.199525535      0.163087532     -0.500000000    
          12          14  0.258110881      0.169048518     -0.500000000    
          12          15  0.250642568      0.128063753     -0.500000000    
          12          16   8.82956758E-02   8.00039321E-02 -0.500000000    
          12          17   3.23727494E-03   7.48558342E-02 -0.500000000    
          12          18  0.160534993       7.51789510E-02 -0.500000000    
          12          19  0.241633132       9.10657570E-02 -0.500000000    
          12          20  0.211869508      0.107500479     -0.500000000    
          12          21  0.137886420      0.129958093     -0.500000000    
          12          22  0.210710287      0.152378082     -0.500000000    
          12          23  0.266451925      0.169255525     -0.500000000    
          12          24  0.199368224      0.170091107     -0.500000000    
          12          25   3.37141566E-02  0.135391161     -0.500000000    
          12          26  -8.28726776E-03  0.102499411     -0.500000000    
          12          27   3.84858102E-02  0.103661954     -0.500000000    
          12          28   6.85298741E-02  0.112276882     -0.500000000    
          12          29  0.190172136      0.117814206     -0.500000000    
          12          30   5.85188717E-02  0.139614239     -0.500000000    
          12          31   7.59396255E-02  0.129947811     -0.500000000    
          12          32  -1.91349108E-02  0.123461112     -0.500000000    
          12          33   4.30868976E-02   9.95017886E-02 -0.500000000    
          13           1  0.254749656      0.222909793     -0.500000000    
          13           2  0.134139583      0.148554012     -0.500000000    
          13           3   7.84126297E-02  0.115552932     -0.500000000    
          13           4  0.195917249      0.148101717     -0.500000000    
          13           5   8.85610580E-02  0.153953999     -0.500000000    
          13           6   1.34061743E-02  0.145867899     -0.500000000    
          13           7  0.107461408      0.133496612     -0.500000000    
          13           8  -3.40113714E-02   9.10137370E-02 -0.500000000    
          13           9   2.33702324E-02   7.47146904E-02 -0.500000000    
          13          10   3.00223026E-02   9.78572592E-02 -0.500000000    
          13          11  0.123243190      0.134218991     -0.500000000    
          13          12  0.199278906      0.162939087     -0.500000000    
          13          13  0.249350056      0.162609562     -0.500000000    
          13          14  0.178962156      0.159515470     -0.500000000    
          13          15  0.100289598      0.138998300     -0.500000000    
          13          16  0.120136507       9.70773995E-02 -0.500000000    
          13          17   6.20420203E-02   7.32373819E-02 -0.500000000    
          13          18   4.63464670E-02   6.85681924E-02 -0.500000000    
          13          19   2.41020117E-02   6.61806613E-02 -0.500000000    
          13          20   3.62119935E-02   8.91107321E-02 -0.500000000    
          13          21  0.151519865      0.120731562     -0.500000000    
          13          22  0.259434193      0.152329177     -0.500000000    
          13          23  0.290945023      0.175781071     -0.500000000    
          13          24  0.258215904      0.169274122     -0.500000000    
          13          25  0.199553773      0.141257897     -0.500000000    
          13          26   2.81961896E-02  0.119735606     -0.500000000    
          13          27  -5.46195209E-02   7.61161372E-02 -0.500000000    
          13          28  -4.00325330E-03   6.91996813E-02 -0.500000000    
          13          29  0.119961046       7.62100816E-02 -0.500000000    
          13          30   2.68948693E-02  0.116453685     -0.500000000    
          13          31  0.105831400      0.138515383     -0.500000000    
          13          32  0.110621639      0.166425020     -0.500000000    
          13          33  0.170122236      0.162952438     -0.500000000    
          14           1   2.55894149E-03  0.164202139     -0.500000000    
          14           2   2.64362991E-02   9.79735926E-02 -0.500000000    
          14           3   7.73168057E-02   7.18424022E-02 -0.500000000    
          14           4  0.123396166       9.76531878E-02 -0.500000000    
          14           5   1.53560769E-02   9.75907817E-02 -0.500000000    
          14           6   6.08573034E-02   8.50279108E-02 -0.500000000    
          14           7   5.78450374E-02   5.37633896E-02 -0.500000000    
          14           8   2.70850752E-02   4.30908762E-02 -0.500000000    
          14           9   3.99300866E-02   5.40975742E-02 -0.500000000    
          14          10   4.70728539E-02   9.42391753E-02 -0.500000000    
          14          11  0.113947280      0.145037711     -0.500000000    
          14          12  0.257700175      0.168802589     -0.500000000    
          14          13  0.178667992      0.159351036     -0.500000000    
          14          14   4.56790254E-03  0.128070667     -0.500000000    
          14          15   9.22562438E-04  0.119018093     -0.500000000    
          14          16   2.52069309E-02  0.106203847     -0.500000000    
          14          17  0.110342458       8.41468200E-02 -0.500000000    
          14          18  0.109061852       6.63602054E-02 -0.500000000    
          14          19  -1.00036804E-02   6.40891641E-02 -0.500000000    
          14          20  -1.12660769E-02   8.42917040E-02 -0.500000000    
          14          21  0.106336944      0.112686075     -0.500000000    
          14          22   9.25564915E-02  0.119917899     -0.500000000    
          14          23   8.61086771E-02  0.134014085     -0.500000000    
          14          24  0.156767845      0.127972156     -0.500000000    
          14          25  0.200029016      0.110549435     -0.500000000    
          14          26   5.85820563E-02   7.85861239E-02 -0.500000000    
          14          27 -0.128512591       4.01183553E-02 -0.500000000    
          14          28 -0.107221782       2.44921576E-02 -0.500000000    
          14          29   8.06222856E-02   3.12901363E-02 -0.500000000    
          14          30  0.105200224       7.56952018E-02 -0.500000000    
          14          31   3.87784950E-02  0.110926352     -0.500000000    
          14          32  0.132343352      0.150785252     -0.500000000    
          14          33  0.194072381      0.166496888     -0.500000000    
          15           1  -3.40657420E-02  0.109348290     -0.500000000    
          15           2   3.32180075E-02   5.63140996E-02 -0.500000000    
          15           3  0.121006466       3.42918746E-02 -0.500000000    
          15           4   9.21893269E-02   5.39030880E-02 -0.500000000    
          15           5   7.51510188E-02   5.97244501E-02 -0.500000000    
          15           6  0.153385267       5.06721437E-02 -0.500000000    
          15           7   2.67844312E-02   2.23963559E-02 -0.500000000    
          15           8  -3.25569846E-02   3.13707441E-03 -0.500000000    
          15           9   1.46663627E-02   2.70094238E-02 -0.500000000    
          15          10  -2.05899868E-02   4.46897410E-02 -0.500000000    
          15          11  0.153036654       8.68274420E-02 -0.500000000    
          15          12  0.250390917      0.127909809     -0.500000000    
          15          13   9.99978855E-02  0.138788164     -0.500000000    
          15          14   6.58482430E-04  0.118842430     -0.500000000    
          15          15  -9.25787836E-02   8.68112743E-02 -0.500000000    
          15          16  -3.26713398E-02   8.67698193E-02 -0.500000000    
          15          17   9.87863466E-02   8.40488970E-02 -0.500000000    
          15          18  0.145986259       7.43857175E-02 -0.500000000    
          15          19  0.135421857       7.96770081E-02 -0.500000000    
          15          20  -2.90335808E-03   8.76338929E-02 -0.500000000    
          15          21   2.27325205E-02   8.53133872E-02 -0.500000000    
          15          22   4.26630564E-02   9.18005630E-02 -0.500000000    
          15          23   1.85785722E-02   7.93294087E-02 -0.500000000    
          15          24   4.52230051E-02   6.93150535E-02 -0.500000000    
          15          25   4.89023551E-02   5.62229864E-02 -0.500000000    
          15          26   5.97722940E-02   3.90677750E-02 -0.500000000    
          15          27  -6.43537613E-03   2.33411081E-02 -0.500000000    
          15          28  -1.79287214E-02   7.89532159E-03 -0.500000000    
          15          29  0.180902123       1.62396803E-02 -0.500000000    
          15          30  0.194009915       4.59177233E-02 -0.500000000    
          15          31   7.60817304E-02   7.75146186E-02 -0.500000000    
          15          32  0.139887974      0.116501719     -0.500000000    
          15          33  0.140690833      0.141062245     -0.500000000    
          16           1  0.115209185       9.26746577E-02 -0.500000000    
          16           2  0.140313849       5.47925718E-02 -0.500000000    
          16           3  0.105607480       3.99876013E-02 -0.500000000    
          16           4  -7.07824081E-02   3.86255495E-02 -0.500000000    
          16           5   9.46201831E-02   5.47507331E-02 -0.500000000    
          16           6  0.308301479       5.56030944E-02 -0.500000000    
          16           7  0.310931772       4.45640273E-02 -0.500000000    
          16           8  0.157921091       3.27106453E-02 -0.500000000    
          16           9  -2.84226751E-03   1.89904813E-02 -0.500000000    
          16          10  -3.64320241E-02   1.38604930E-02 -0.500000000    
          16          11  -1.06702847E-02   5.20520285E-02 -0.500000000    
          16          12   8.84770751E-02   8.00706744E-02 -0.500000000    
          16          13  0.120030597       9.70211104E-02 -0.500000000    
          16          14   2.48124860E-02  0.106024012     -0.500000000    
          16          15  -3.28963436E-02   8.65926147E-02 -0.500000000    
          16          16   8.67445841E-02   6.39274865E-02 -0.500000000    
          16          17  0.174766973       6.96299076E-02 -0.500000000    
          16          18   7.35860765E-02   8.81067291E-02 -0.500000000    
          16          19  -2.65610963E-02   9.61702392E-02 -0.500000000    
          16          20  -5.83935864E-02   8.51835236E-02 -0.500000000    
          16          21  -3.37680755E-03   8.44651684E-02 -0.500000000    
          16          22   9.50165279E-03   8.26181769E-02 -0.500000000    
          16          23   6.01203879E-03   5.16931601E-02 -0.500000000    
          16          24  -2.95226239E-02   2.09218487E-02 -0.500000000    
          16          25   2.99388133E-02   2.92150863E-02 -0.500000000    
          16          26  0.182111233       2.21874453E-02 -0.500000000    
          16          27  0.199461788       1.26296533E-02 -0.500000000    
          16          28   9.97924656E-02  -1.36759039E-03 -0.500000000    
          16          29   8.95760208E-02   9.11870692E-03 -0.500000000    
          16          30  0.197149858       3.64455953E-02 -0.500000000    
          16          31  0.198536858       6.48788586E-02 -0.500000000    
          16          32  0.156319290       8.77503678E-02 -0.500000000    
          16          33  0.165030971      0.109703071     -0.500000000    
          17           1  0.138205275       8.53976309E-02 -0.500000000    
          17           2  0.211789131       6.38391599E-02 -0.500000000    
          17           3   8.27873722E-02   5.73070012E-02 -0.500000000    
          17           4  -2.44317539E-02   4.72937115E-02 -0.500000000    
          17           5  0.142755359       6.97868541E-02 -0.500000000    
          17           6  0.387577951       8.15419853E-02 -0.500000000    
          17           7  0.386660457       8.94956961E-02 -0.500000000    
          17           8  0.310217261       8.54059458E-02 -0.500000000    
          17           9  0.163568869       5.31681851E-02 -0.500000000    
          17          10   4.02737223E-02   3.37171964E-02 -0.500000000    
          17          11  -2.58024912E-02   5.43817207E-02 -0.500000000    
          17          12   3.97743424E-03   7.50725046E-02 -0.500000000    
          17          13   6.25158623E-02   7.34010637E-02 -0.500000000    
          17          14  0.109977178       8.41408297E-02 -0.500000000    
          17          15   9.81861725E-02   8.38771611E-02 -0.500000000    
          17          16  0.174643487       6.94694817E-02 -0.500000000    
          17          17  0.167747274       7.96053410E-02 -0.500000000    
          17          18  -2.07936615E-02  0.102597818     -0.500000000    
          17          19  -2.50463728E-02  0.111458562     -0.500000000    
          17          20  -2.64889430E-02  0.106002003     -0.500000000    
          17          21   2.67507538E-04  0.110078387     -0.500000000    
          17          22  -1.50811160E-03   9.88601074E-02 -0.500000000    
          17          23  -5.65130403E-03   5.84190413E-02 -0.500000000    
          17          24  -1.74824186E-02   1.08271223E-02 -0.500000000    
          17          25   5.71146086E-02   1.71102565E-02 -0.500000000    
          17          26  0.157864913       2.05360968E-02 -0.500000000    
          17          27  0.227979913       2.16379147E-02 -0.500000000    
          17          28  0.132480785       1.64082889E-02 -0.500000000    
          17          29   7.65346587E-02   2.68574972E-02 -0.500000000    
          17          30  0.164270774       3.92430201E-02 -0.500000000    
          17          31  0.265185356       6.48464411E-02 -0.500000000    
          17          32  0.202901751       6.75541312E-02 -0.500000000    
          17          33  0.151214778       8.92030969E-02 -0.500000000    
          18           1   6.05739430E-02   7.16564059E-02 -0.500000000    
          18           2  0.176398307       6.56539351E-02 -0.500000000    
          18           3   6.03620559E-02   6.97387159E-02 -0.500000000    
          18           4  0.114480481       6.11639805E-02 -0.500000000    
          18           5  0.127532139       8.66062194E-02 -0.500000000    
          18           6  0.262888521      0.114145033     -0.500000000    
          18           7  0.224202886      0.132860139     -0.500000000    
          18           8  0.198358551      0.119521439     -0.500000000    
          18           9  0.191124231       9.90670919E-02 -0.500000000    
          18          10  0.133140653       7.57536292E-02 -0.500000000    
          18          11  0.134799719       8.33347142E-02 -0.500000000    
          18          12  0.160826996       7.54058212E-02 -0.500000000    
          18          13   4.70234565E-02   6.88790902E-02 -0.500000000    
          18          14  0.109459274       6.66186288E-02 -0.500000000    
          18          15  0.145667315       7.44424537E-02 -0.500000000    
          18          16   7.31929615E-02   8.79635289E-02 -0.500000000    
          18          17  -2.11777091E-02  0.102459274     -0.500000000    
          18          18   8.12933668E-02  0.116770677     -0.500000000    
          18          19  0.102177478      0.138092771     -0.500000000    
          18          20   9.34493449E-03  0.154425561     -0.500000000    
          18          21   2.86165848E-02  0.143342897     -0.500000000    
          18          22   4.17988673E-02  0.125001594     -0.500000000    
          18          23  -7.55333006E-02   8.03580433E-02 -0.500000000    
          18          24  -5.40198982E-02   3.16868946E-02 -0.500000000    
          18          25  -4.59215716E-02   3.74434181E-02 -0.500000000    
          18          26   2.69292891E-02   5.77852950E-02 -0.500000000    
          18          27   7.26304427E-02   7.53307268E-02 -0.500000000    
          18          28  0.120026276       6.96715936E-02 -0.500000000    
          18          29   3.59106176E-02   6.82589859E-02 -0.500000000    
          18          30  0.148061782       5.97764887E-02 -0.500000000    
          18          31  0.263562500       7.08147287E-02 -0.500000000    
          18          32  0.250974923       6.62761405E-02 -0.500000000    
          18          33  0.225912839      0.100816689     -0.500000000    
          19           1   1.77298505E-02   6.72670230E-02 -0.500000000    
          19           2   7.91738853E-02   7.38059729E-02 -0.500000000    
          19           3  -3.44981179E-02   8.24516043E-02 -0.500000000    
          19           4  -9.09333490E-03   7.90570229E-02 -0.500000000    
          19           5  -1.63035765E-02  0.106833130     -0.500000000    
          19           6  0.161824256      0.152974144     -0.500000000    
          19           7  0.182656407      0.177982643     -0.500000000    
          19           8  0.112699941      0.157265827     -0.500000000    
          19           9   9.10778567E-02  0.137857497     -0.500000000    
          19          10  0.209199175      0.118186206     -0.500000000    
          19          11  0.284803748      0.104661711     -0.500000000    
          19          12  0.241771296       9.10823792E-02 -0.500000000    
          19          13   2.45984886E-02   6.64427504E-02 -0.500000000    
          19          14  -9.40160360E-03   6.45192787E-02 -0.500000000    
          19          15  0.135762036       8.00297931E-02 -0.500000000    
          19          16  -2.68182829E-02   9.62586105E-02 -0.500000000    
          19          17  -2.53595430E-02  0.111309342     -0.500000000    
          19          18  0.101714224      0.137972534     -0.500000000    
          19          19  0.105704673      0.177051991     -0.500000000    
          19          20   1.43703111E-02  0.186678380     -0.500000000    
          19          21  -2.89460504E-03  0.179055706     -0.500000000    
          19          22  -5.31039722E-02  0.151852682     -0.500000000    
          19          23  -9.08059254E-02  0.120837696     -0.500000000    
          19          24 -0.122008458       8.96127969E-02 -0.500000000    
          19          25  -1.91298425E-02  0.108084492     -0.500000000    
          19          26  0.108177960      0.146219924     -0.500000000    
          19          27  0.135543063      0.171105355     -0.500000000    
          19          28  0.111891329      0.145059437     -0.500000000    
          19          29  -7.87607059E-02  0.120726116     -0.500000000    
          19          30   5.48098348E-02  0.104036607     -0.500000000    
          19          31  0.123198919      0.108322591     -0.500000000    
          19          32  0.218437836      0.116660401     -0.500000000    
          19          33  0.252431035      0.154514790     -0.500000000    
          20           1   8.76191780E-02   9.97005403E-02 -0.500000000    
          20           2  0.110977702      0.108916879     -0.500000000    
          20           3   2.67903805E-02  0.115078226     -0.500000000    
          20           4  -5.30625321E-02  0.119176947     -0.500000000    
          20           5   2.24190895E-02  0.149494842     -0.500000000    
          20           6  0.136317283      0.194684014     -0.500000000    
          20           7  0.183563307      0.216012403     -0.500000000    
          20           8   8.74583870E-02  0.189407468     -0.500000000    
          20           9  -5.10562733E-02  0.146391869     -0.500000000    
          20          10  0.119727895      0.137556612     -0.500000000    
          20          11  0.258557469      0.134258300     -0.500000000    
          20          12  0.211853832      0.107260630     -0.500000000    
          20          13   3.64394039E-02   8.91360566E-02 -0.500000000    
          20          14  -1.08501641E-02   8.46303552E-02 -0.500000000    
          20          15  -2.50354805E-03   8.81114677E-02 -0.500000000    
          20          16  -5.84792048E-02   8.54898617E-02 -0.500000000    
          20          17  -2.65127048E-02  0.106053919     -0.500000000    
          20          18   9.29666962E-03  0.154283971     -0.500000000    
          20          19   1.41146109E-02  0.186567530     -0.500000000    
          20          20   5.38128465E-02  0.205706894     -0.500000000    
          20          21   8.52886494E-03  0.194948554     -0.500000000    
          20          22  -7.19301328E-02  0.186515987     -0.500000000    
          20          23  -5.71654141E-02  0.175168321     -0.500000000    
          20          24  -5.18708490E-02  0.162895024     -0.500000000    
          20          25  0.179884002      0.187077478     -0.500000000    
          20          26  0.313123882      0.244886979     -0.500000000    
          20          27  0.231664330      0.255951703     -0.500000000    
          20          28  0.111000888      0.226035714     -0.500000000    
          20          29   2.39909254E-02  0.189894944     -0.500000000    
          20          30  0.147878453      0.169467583     -0.500000000    
          20          31  0.177074850      0.178003863     -0.500000000    
          20          32  0.160229236      0.207927316     -0.500000000    
          20          33  0.122787431      0.237485662     -0.500000000    
          21           1   6.89643025E-02  0.129471347     -0.500000000    
          21           2   4.89982292E-02  0.127621427     -0.500000000    
          21           3  0.112673953      0.134363934     -0.500000000    
          21           4   3.57091837E-02  0.144780606     -0.500000000    
          21           5   6.10416867E-02  0.179890066     -0.500000000    
          21           6  0.115613788      0.226236716     -0.500000000    
          21           7  0.206602529      0.228571996     -0.500000000    
          21           8   8.56310595E-03  0.197968945     -0.500000000    
          21           9 -0.101425558      0.153001472     -0.500000000    
          21          10  -3.31751183E-02  0.149828956     -0.500000000    
          21          11  0.105435580      0.143652603     -0.500000000    
          21          12  0.136895120      0.129488528     -0.500000000    
          21          13  0.151274383      0.120528929     -0.500000000    
          21          14  0.106329940      0.112750053     -0.500000000    
          21          15   2.32686717E-02   8.56371224E-02 -0.500000000    
          21          16  -3.02256714E-03   8.48857835E-02 -0.500000000    
          21          17   1.30632165E-04  0.110332876     -0.500000000    
          21          18   2.85833869E-02  0.143305436     -0.500000000    
          21          19  -3.10665532E-03  0.178877249     -0.500000000    
          21          20   8.35849717E-03  0.194853112     -0.500000000    
          21          21  -1.97547255E-03  0.203693792     -0.500000000    
          21          22   6.32703975E-02  0.187653944     -0.500000000    
          21          23   3.81777920E-02  0.188767910     -0.500000000    
          21          24   7.27088675E-02  0.204853430     -0.500000000    
          21          25  0.150524229      0.229204938     -0.500000000    
          21          26  0.305475324      0.285576999     -0.500000000    
          21          27  0.242909491      0.301178187     -0.500000000    
          21          28  0.106023371      0.278791875     -0.500000000    
          21          29  0.170625508      0.251749992     -0.500000000    
          21          30  0.197207138      0.232354224     -0.500000000    
          21          31  0.215883300      0.233084753     -0.500000000    
          21          32  0.156513378      0.262696654     -0.500000000    
          21          33  0.108754426      0.269239902     -0.500000000    
          22           1   7.95389637E-02  0.121962599     -0.500000000    
          22           2   7.39981011E-02   9.93355289E-02 -0.500000000    
          22           3   9.50810686E-02   9.62194502E-02 -0.500000000    
          22           4   7.02575073E-02  0.124585755     -0.500000000    
          22           5   9.17227492E-02  0.168244556     -0.500000000    
          22           6  0.124268770      0.213338688     -0.500000000    
          22           7  0.197681531      0.220396891     -0.500000000    
          22           8   4.86902334E-02  0.187731713     -0.500000000    
          22           9  -2.46504471E-02  0.150594682     -0.500000000    
          22          10  -6.23805821E-02  0.138272136     -0.500000000    
          22          11  -1.38912098E-02  0.138343498     -0.500000000    
          22          12  0.209843054      0.151815236     -0.500000000    
          22          13  0.258287191      0.151923463     -0.500000000    
          22          14   9.22316015E-02  0.119762667     -0.500000000    
          22          15   4.27188501E-02   9.18964222E-02 -0.500000000    
          22          16   1.00332536E-02   8.29238966E-02 -0.500000000    
          22          17  -1.32813770E-03   9.91394520E-02 -0.500000000    
          22          18   4.15151864E-02  0.125043347     -0.500000000    
          22          19  -5.33805452E-02  0.151734650     -0.500000000    
          22          20  -7.22455606E-02  0.186415255     -0.500000000    
          22          21   6.31204620E-02  0.187617287     -0.500000000    
          22          22  -3.60322744E-02  0.164650321     -0.500000000    
          22          23  -3.04383831E-03  0.156519443     -0.500000000    
          22          24   5.59388213E-02  0.193946198     -0.500000000    
          22          25   7.55141526E-02  0.211342141     -0.500000000    
          22          26   8.92846286E-02  0.247073069     -0.500000000    
          22          27   7.79128671E-02  0.278531849     -0.500000000    
          22          28   9.28778797E-02  0.282914370     -0.500000000    
          22          29  0.195744663      0.264499515     -0.500000000    
          22          30  0.147211164      0.247584119     -0.500000000    
          22          31  0.201525286      0.241028547     -0.500000000    
          22          32  0.141437873      0.255765051     -0.500000000    
          22          33  0.239027992      0.242541566     -0.500000000    
          23           1   9.52464342E-03  0.128573582     -0.500000000    
          23           2   2.99266707E-02   8.76660049E-02 -0.500000000    
          23           3   4.31719609E-02   6.97823688E-02 -0.500000000    
          23           4  0.108674839      0.107407756     -0.500000000    
          23           5  0.165869847      0.142190054     -0.500000000    
          23           6  0.116983697      0.169307649     -0.500000000    
          23           7  0.112221509      0.187305272     -0.500000000    
          23           8  0.134951651      0.161141306     -0.500000000    
          23           9  0.155767560      0.139236376     -0.500000000    
          23          10   9.13916305E-02  0.129563227     -0.500000000    
          23          11  0.120080441      0.129024908     -0.500000000    
          23          12  0.266945660      0.168828353     -0.500000000    
          23          13  0.290395170      0.175400734     -0.500000000    
          23          14   8.50858986E-02  0.133719817     -0.500000000    
          23          15   1.82612557E-02   7.92548880E-02 -0.500000000    
          23          16   6.27682684E-03   5.17866239E-02 -0.500000000    
          23          17  -5.36767859E-03   5.85504435E-02 -0.500000000    
          23          18  -7.56388009E-02   8.04351643E-02 -0.500000000    
          23          19  -9.08892006E-02  0.120855458     -0.500000000    
          23          20  -5.67493439E-02  0.175186694     -0.500000000    
          23          21   3.80810685E-02  0.188792273     -0.500000000    
          23          22  -3.14445002E-03  0.156484649     -0.500000000    
          23          23  -1.92000605E-02  0.124521665     -0.500000000    
          23          24   4.30150181E-02  0.148502037     -0.500000000    
          23          25  -2.77768411E-02  0.159455001     -0.500000000    
          23          26  -4.63244393E-02  0.177279472     -0.500000000    
          23          27   1.92153715E-02  0.204510465     -0.500000000    
          23          28   5.46145625E-02  0.214073777     -0.500000000    
          23          29  0.102746613      0.216637641     -0.500000000    
          23          30   8.16324279E-02  0.231821015     -0.500000000    
          23          31  0.165143624      0.228618994     -0.500000000    
          23          32  0.145022258      0.235777676     -0.500000000    
          23          33  0.353923142      0.235409573     -0.500000000    
          24           1   2.38647722E-02  0.161054656     -0.500000000    
          24           2   5.64500354E-02  0.102073386     -0.500000000    
          24           3   4.83930185E-02   5.86494394E-02 -0.500000000    
          24           4   5.88767864E-02   9.34453309E-02 -0.500000000    
          24           5  0.222027004      0.116355255     -0.500000000    
          24           6  0.128326073      0.124884531     -0.500000000    
          24           7   8.65007937E-03  0.139589623     -0.500000000    
          24           8   9.58581790E-02  0.135881275     -0.500000000    
          24           9  0.203429878      0.140639365     -0.500000000    
          24          10  0.140299514      0.138724923     -0.500000000    
          24          11   6.24899492E-02  0.137942821     -0.500000000    
          24          12  0.200213686      0.169919863     -0.500000000    
          24          13  0.258772612      0.169021010     -0.500000000    
          24          14  0.156219602      0.127708569     -0.500000000    
          24          15   4.44080830E-02   6.91063330E-02 -0.500000000    
          24          16  -2.97125708E-02   2.08252147E-02 -0.500000000    
          24          17  -1.72172561E-02   1.08540170E-02 -0.500000000    
          24          18  -5.38132712E-02   3.17656025E-02 -0.500000000    
          24          19 -0.121630371       8.97889361E-02 -0.500000000    
          24          20  -5.10188788E-02  0.163114220     -0.500000000    
          24          21   7.30327889E-02  0.205012232     -0.500000000    
          24          22   5.58271408E-02  0.193967611     -0.500000000    
          24          23   4.31268178E-02  0.148452312     -0.500000000    
          24          24   8.24674964E-02  0.143216729     -0.500000000    
          24          25  -1.61894076E-02  0.133260548     -0.500000000    
          24          26  -6.57663643E-02  0.107398309     -0.500000000    
          24          27  -9.48933959E-02  0.118170775     -0.500000000    
          24          28   2.84817442E-03  0.127522036     -0.500000000    
          24          29   4.36551571E-02  0.148360640     -0.500000000    
          24          30   1.16188051E-02  0.182112738     -0.500000000    
          24          31  0.157394826      0.217649683     -0.500000000    
          24          32  0.184937447      0.249618053     -0.500000000    
          24          33  0.411549151      0.279308528     -0.500000000    
          25           1  0.195921689      0.184893280     -0.500000000    
          25           2  0.144980043      0.104358822     -0.500000000    
          25           3   6.55480996E-02   4.48015593E-02 -0.500000000    
          25           4   2.09337957E-02   6.47887066E-02 -0.500000000    
          25           5  0.106848657       6.37229607E-02 -0.500000000    
          25           6  -1.46077648E-02   6.64829835E-02 -0.500000000    
          25           7  -7.36421347E-02   7.10327849E-02 -0.500000000    
          25           8   5.82765639E-02   7.28502646E-02 -0.500000000    
          25           9  0.137809545       9.80435014E-02 -0.500000000    
          25          10   6.27972782E-02  0.104276203     -0.500000000    
          25          11  -6.86102957E-02  0.103317223     -0.500000000    
          25          12   3.45543362E-02  0.135387883     -0.500000000    
          25          13  0.200154752      0.141155392     -0.500000000    
          25          14  0.200146571      0.110355511     -0.500000000    
          25          15   4.82483543E-02   5.59738353E-02 -0.500000000    
          25          16   2.91482471E-02   2.90051233E-02 -0.500000000    
          25          17   5.73120825E-02   1.70477666E-02 -0.500000000    
          25          18  -4.53473181E-02   3.75755727E-02 -0.500000000    
          25          19  -1.84958689E-02  0.108368911     -0.500000000    
          25          20  0.180687040      0.187458485     -0.500000000    
          25          21  0.150965944      0.229534492     -0.500000000    
          25          22   7.53216594E-02  0.211506128     -0.500000000    
          25          23  -2.79868506E-02  0.159458444     -0.500000000    
          25          24  -1.61698572E-02  0.133269235     -0.500000000    
          25          25   9.16880146E-02  0.109181643     -0.500000000    
          25          26   2.39115339E-02   5.91929555E-02 -0.500000000    
          25          27 -0.123759285       3.21424045E-02 -0.500000000    
          25          28  -1.07740890E-02   4.96419668E-02 -0.500000000    
          25          29   7.33995065E-02   7.99638256E-02 -0.500000000    
          25          30   8.82898718E-02  0.118335269     -0.500000000    
          25          31  0.217114627      0.183735013     -0.500000000    
          25          32  0.313694179      0.249731362     -0.500000000    
          25          33  0.370771855      0.300718337     -0.500000000    
          26           1  0.204610214      0.178107172     -0.500000000    
          26           2   8.85973796E-02  0.120006815     -0.500000000    
          26           3  -1.02893468E-02   6.88891932E-02 -0.500000000    
          26           4   3.09891813E-02   5.72488345E-02 -0.500000000    
          26           5  0.157116979       2.64648851E-02 -0.500000000    
          26           6   4.38251346E-02   2.55751591E-02 -0.500000000    
          26           7   1.83110870E-03   2.18624678E-02 -0.500000000    
          26           8  -3.60589698E-02   2.27063932E-02 -0.500000000    
          26           9  -4.01263535E-02   5.62054217E-02 -0.500000000    
          26          10   4.76780161E-02   7.89027289E-02 -0.500000000    
          26          11   2.92204767E-02   8.24937969E-02 -0.500000000    
          26          12  -7.22312462E-03  0.102563381     -0.500000000    
          26          13   2.87182163E-02  0.119742170     -0.500000000    
          26          14   5.86200953E-02   7.84613416E-02 -0.500000000    
          26          15   5.93459234E-02   3.88801768E-02 -0.500000000    
          26          16  0.181329384       2.19490379E-02 -0.500000000    
          26          17  0.157598048       2.03768704E-02 -0.500000000    
          26          18   2.75167283E-02   5.79077788E-02 -0.500000000    
          26          19  0.108860359      0.146549031     -0.500000000    
          26          20  0.313790977      0.245334238     -0.500000000    
          26          21  0.306037217      0.286038369     -0.500000000    
          26          22   8.92111361E-02  0.247351125     -0.500000000    
          26          23  -4.66778055E-02  0.177340835     -0.500000000    
          26          24  -6.57492056E-02  0.107435651     -0.500000000    
          26          25   2.38838717E-02   5.92512116E-02 -0.500000000    
          26          26  0.139118284       1.05303824E-02 -0.500000000    
          26          27  0.116277330      -2.12968644E-02 -0.500000000    
          26          28  0.169721410       2.55191862E-03 -0.500000000    
          26          29  0.190902919       2.56876592E-02 -0.500000000    
          26          30  0.148970068       7.20868185E-02 -0.500000000    
          26          31   8.45694765E-02  0.149313360     -0.500000000    
          26          32  0.168904707      0.201144993     -0.500000000    
          26          33  0.127073914      0.219334945     -0.500000000    
          27           1  0.226447120      0.156926811     -0.500000000    
          27           2  0.189481765      0.127888098     -0.500000000    
          27           3   7.55578354E-02   8.58935788E-02 -0.500000000    
          27           4   8.77385661E-02   5.20665795E-02 -0.500000000    
          27           5  0.206879437       1.01979123E-02 -0.500000000    
          27           6  0.218677938      -7.21764402E-04 -0.500000000    
          27           7  0.120961547      -4.13517933E-03 -0.500000000    
          27           8  -3.51590514E-02   1.90318320E-02 -0.500000000    
          27           9   6.03111135E-03   6.68120086E-02 -0.500000000    
          27          10  0.112994656      0.102664337     -0.500000000    
          27          11  0.134750053      0.101605952     -0.500000000    
          27          12   3.98854539E-02  0.103472613     -0.500000000    
          27          13  -5.35507277E-02   7.62442872E-02 -0.500000000    
          27          14 -0.128279120       4.00911197E-02 -0.500000000    
          27          15  -6.62217801E-03   2.32131425E-02 -0.500000000    
          27          16  0.198566869       1.24492310E-02 -0.500000000    
          27          17  0.227314681       2.14743745E-02 -0.500000000    
          27          18   7.28854612E-02   7.53945410E-02 -0.500000000    
          27          19  0.136101574      0.171426207     -0.500000000    
          27          20  0.232022747      0.256361872     -0.500000000    
          27          21  0.243320242      0.301642418     -0.500000000    
          27          22   7.77770355E-02  0.278841972     -0.500000000    
          27          23   1.89251043E-02  0.204625607     -0.500000000    
          27          24  -9.47115198E-02  0.118258454     -0.500000000    
          27          25 -0.123453259       3.22891548E-02 -0.500000000    
          27          26  0.116432205      -2.11707801E-02 -0.500000000    
          27          27  0.372409314      -4.02248316E-02 -0.500000000    
          27          28  0.311626554      -1.75458100E-02 -0.500000000    
          27          29  0.184661865       6.83594495E-03 -0.500000000    
          27          30   4.19004261E-02   5.44993281E-02 -0.500000000    
          27          31  -3.02785784E-02  0.121673055     -0.500000000    
          27          32   1.53126121E-02  0.155138552     -0.500000000    
          27          33  -5.50587364E-02  0.151308432     -0.500000000    
          28           1  0.157958284      0.141319513     -0.500000000    
          28           2  0.148267165      0.135940909     -0.500000000    
          28           3  -1.60245206E-02  0.105017729     -0.500000000    
          28           4  0.127523914       5.88275045E-02 -0.500000000    
          28           5  0.266723603       1.36466864E-02 -0.500000000    
          28           6  0.169242561       2.15923926E-03 -0.500000000    
          28           7   4.30499315E-02   9.75628383E-03 -0.500000000    
          28           8  -1.04300501E-02   5.42058162E-02 -0.500000000    
          28           9  0.205635160      0.106576830     -0.500000000    
          28          10  0.246862173      0.137156621     -0.500000000    
          28          11  0.145139575      0.125937462     -0.500000000    
          28          12   6.90019280E-02  0.111513890     -0.500000000    
          28          13  -2.45122798E-03   6.92500845E-02 -0.500000000    
          28          14 -0.106541671       2.46112701E-02 -0.500000000    
          28          15  -1.78416464E-02   7.88614992E-03 -0.500000000    
          28          16   9.93741006E-02  -1.44500879E-03 -0.500000000    
          28          17  0.131848842       1.63198020E-02 -0.500000000    
          28          18  0.119753987       6.97653368E-02 -0.500000000    
          28          19  0.112235762      0.145375907     -0.500000000    
          28          20  0.111149952      0.226371273     -0.500000000    
          28          21  0.106145352      0.279121518     -0.500000000    
          28          22   9.25752595E-02  0.283174753     -0.500000000    
          28          23   5.45888841E-02  0.214231893     -0.500000000    
          28          24   3.59705975E-03  0.127692550     -0.500000000    
          28          25  -9.94214043E-03   4.98843789E-02 -0.500000000    
          28          26  0.170228258       2.78493599E-03 -0.500000000    
          28          27  0.311446756      -1.74174402E-02 -0.500000000    
          28          28  0.249586731      -4.16884711E-03 -0.500000000    
          28          29  0.181188092       1.46847144E-02 -0.500000000    
          28          30   9.76142138E-02   6.79877996E-02 -0.500000000    
          28          31   5.43426946E-02  0.121590957     -0.500000000    
          28          32  0.108605370      0.134846777     -0.500000000    
          28          33  0.136694819      0.119673967     -0.500000000    
          29           1  0.103345625       8.21547806E-02 -0.500000000    
          29           2   7.21894801E-02  0.109099284     -0.500000000    
          29           3   1.12652946E-02  0.109432243     -0.500000000    
          29           4  0.133631021       8.42657387E-02 -0.500000000    
          29           5  0.228703126       4.44830842E-02 -0.500000000    
          29           6  0.136716619       2.05229782E-02 -0.500000000    
          29           7   9.28808376E-02   3.48774120E-02 -0.500000000    
          29           8   6.06949851E-02   6.50223047E-02 -0.500000000    
          29           9  0.219329834      0.102350526     -0.500000000    
          29          10  0.305456936      0.150060818     -0.500000000    
          29          11  0.204847932      0.144399419     -0.500000000    
          29          12  0.187457159      0.116551891     -0.500000000    
          29          13  0.121500365       7.58990720E-02 -0.500000000    
          29          14   8.12178105E-02   3.14011313E-02 -0.500000000    
          29          15  0.180977181       1.63617749E-02 -0.500000000    
          29          16   8.97451639E-02   9.23408475E-03 -0.500000000    
          29          17   7.65073374E-02   2.69638412E-02 -0.500000000    
          29          18   3.59646529E-02   6.84682503E-02 -0.500000000    
          29          19  -7.85453543E-02  0.121077798     -0.500000000    
          29          20   2.42298190E-02  0.190218017     -0.500000000    
          29          21  0.170757011      0.251972169     -0.500000000    
          29          22  0.195701584      0.264720351     -0.500000000    
          29          23  0.103188284      0.216860488     -0.500000000    
          29          24   4.42703180E-02  0.148569822     -0.500000000    
          29          25   7.34918043E-02   8.01761672E-02 -0.500000000    
          29          26  0.190409064       2.58634016E-02 -0.500000000    
          29          27  0.183388382       6.92167552E-03 -0.500000000    
          29          28  0.179992706       1.46706309E-02 -0.500000000    
          29          29  0.175717920       4.12270091E-02 -0.500000000    
          29          30   6.90395534E-02   9.37740281E-02 -0.500000000    
          29          31   4.55331653E-02  0.126318604     -0.500000000    
          29          32  0.124753065       9.00956318E-02 -0.500000000    
          29          33  0.251351595       3.43953855E-02 -0.500000000    
          30           1  -1.08066369E-02  -1.82810556E-02 -0.500000000    
          30           2  -1.35252532E-02   2.63988413E-02 -0.500000000    
          30           3   4.27813269E-02   7.84998760E-02 -0.500000000    
          30           4   6.11129813E-02   9.55132842E-02 -0.500000000    
          30           5   4.38463725E-02   7.97524005E-02 -0.500000000    
          30           6   3.34477201E-02   4.98853549E-02 -0.500000000    
          30           7   8.71605128E-02   6.81234971E-02 -0.500000000    
          30           8  0.120978117       6.51961565E-02 -0.500000000    
          30           9  0.109458335       7.12027103E-02 -0.500000000    
          30          10  0.121753611      0.114317492     -0.500000000    
          30          11   5.02003878E-02  0.134254321     -0.500000000    
          30          12   5.37312143E-02  0.138172418     -0.500000000    
          30          13   2.77403817E-02  0.115702979     -0.500000000    
          30          14  0.105479956       7.56496042E-02 -0.500000000    
          30          15  0.193705708       4.60446589E-02 -0.500000000    
          30          16  0.197233617       3.67227569E-02 -0.500000000    
          30          17  0.164131716       3.96315865E-02 -0.500000000    
          30          18  0.148196667       6.02097511E-02 -0.500000000    
          30          19   5.48277684E-02  0.104461737     -0.500000000    
          30          20  0.148118973      0.169773176     -0.500000000    
          30          21  0.197448805      0.232486650     -0.500000000    
          30          22  0.147798806      0.247778580     -0.500000000    
          30          23   8.24081823E-02  0.232046887     -0.500000000    
          30          24   1.19460933E-02  0.182265013     -0.500000000    
          30          25   8.78744796E-02  0.118396580     -0.500000000    
          30          26  0.147571787       7.20535368E-02 -0.500000000    
          30          27   3.96315008E-02   5.44034131E-02 -0.500000000    
          30          28   9.50506702E-02   6.78035468E-02 -0.500000000    
          30          29   6.71038553E-02   9.35843810E-02 -0.500000000    
          30          30   3.70006599E-02  0.117193609     -0.500000000    
          30          31   3.86479199E-02   9.73978713E-02 -0.500000000    
          30          32  0.129248440       3.76718817E-03 -0.500000000    
          30          33  0.371776104      -9.37707722E-02 -0.500000000    
          31           1   8.63495916E-02 -0.103454120     -0.500000000    
          31           2  -4.71508801E-02  -6.08392917E-02 -0.500000000    
          31           3  -6.62523508E-02   2.61361431E-02 -0.500000000    
          31           4  -2.23515574E-02   8.91114101E-02 -0.500000000    
          31           5   3.95463817E-02  0.111435838     -0.500000000    
          31           6  -2.50084475E-02   8.70160758E-02 -0.500000000    
          31           7  -8.19618553E-02   8.58285576E-02 -0.500000000    
          31           8   1.18360659E-02   5.71882091E-02 -0.500000000    
          31           9   3.82505767E-02   5.05447835E-02 -0.500000000    
          31          10   4.97372523E-02   7.99710900E-02 -0.500000000    
          31          11   2.00783312E-02   9.45673883E-02 -0.500000000    
          31          12   7.11816624E-02  0.128555208     -0.500000000    
          31          13  0.106245950      0.137393579     -0.500000000    
          31          14   3.89319770E-02  0.110700600     -0.500000000    
          31          15   7.55585730E-02   7.76084363E-02 -0.500000000    
          31          16  0.198484838       6.52570128E-02 -0.500000000    
          31          17  0.264888644       6.54295534E-02 -0.500000000    
          31          18  0.263202101       7.14204460E-02 -0.500000000    
          31          19  0.122659959      0.108834922     -0.500000000    
          31          20  0.176763669      0.178337574     -0.500000000    
          31          21  0.215832576      0.233243987     -0.500000000    
          31          22  0.201983765      0.241204485     -0.500000000    
          31          23  0.165390581      0.228745550     -0.500000000    
          31          24  0.156905919      0.217630148     -0.500000000    
          31          25  0.215564102      0.183502421     -0.500000000    
          31          26   8.14892575E-02  0.148926765     -0.500000000    
          31          27  -3.44268009E-02  0.121284127     -0.500000000    
          31          28   4.93429676E-02  0.121160649     -0.500000000    
          31          29   4.04726677E-02  0.125906006     -0.500000000    
          31          30   3.50658670E-02   9.71356258E-02 -0.500000000    
          31          31   5.65973669E-02   2.16429755E-02 -0.500000000    
          31          32  0.288498402     -0.101662874     -0.500000000    
          31          33  0.578198910     -0.207072154     -0.500000000    
          32           1   6.68767840E-02 -0.175186977     -0.500000000    
          32           2  -1.96939148E-02 -0.123068452     -0.500000000    
          32           3  -3.88287492E-02  -2.04708818E-02 -0.500000000    
          32           4  -1.70690157E-02   7.15516731E-02 -0.500000000    
          32           5   3.55010219E-02  0.131371289     -0.500000000    
          32           6   7.05387816E-02  0.120208748     -0.500000000    
          32           7   4.77446355E-02   9.44222435E-02 -0.500000000    
          32           8   9.15179402E-02   6.95105866E-02 -0.500000000    
          32           9   9.35465544E-02   5.44712096E-02 -0.500000000    
          32          10  -1.12481620E-02   5.27015030E-02 -0.500000000    
          32          11 -0.126550332       5.65523170E-02 -0.500000000    
          32          12  -2.29411349E-02  0.122229546     -0.500000000    
          32          13  0.110546395      0.165054187     -0.500000000    
          32          14  0.132375687      0.150378734     -0.500000000    
          32          15  0.139161155      0.116525620     -0.500000000    
          32          16  0.156325951       8.81598517E-02 -0.500000000    
          32          17  0.202540100       6.82567656E-02 -0.500000000    
          32          18  0.250323743       6.70007542E-02 -0.500000000    
          32          19  0.217596218      0.117248960     -0.500000000    
          32          20  0.159689561      0.208263114     -0.500000000    
          32          21  0.156598926      0.262865871     -0.500000000    
          32          22  0.142005965      0.255900860     -0.500000000    
          32          23  0.144862056      0.235796630     -0.500000000    
          32          24  0.183745876      0.249421582     -0.500000000    
          32          25  0.311104715      0.249155104     -0.500000000    
          32          26  0.164308950      0.200414896     -0.500000000    
          32          27   9.22580436E-03  0.154461205     -0.500000000    
          32          28  0.100387946      0.134180203     -0.500000000    
          32          29  0.115798406       8.94975960E-02 -0.500000000    
          32          30  0.119400032       3.39781423E-03 -0.500000000    
          32          31  0.281849146     -0.101948097     -0.500000000    
          32          32  0.575649619     -0.220233619     -0.500000000    
          32          33  0.825563252     -0.300012976     -0.500000000    
          33           1  0.225024536     -0.242496178     -0.500000000    
          33           2 -0.151428252     -0.169865176     -0.500000000    
          33           3 -0.197918653      -4.50269356E-02 -0.500000000    
          33           4  -8.38821307E-02   6.75287843E-02 -0.500000000    
          33           5   2.08999887E-02  0.137263924     -0.500000000    
          33           6   1.72266848E-02  0.136133194     -0.500000000    
          33           7   2.48698238E-03  0.102274016     -0.500000000    
          33           8   3.92509438E-02   9.45503786E-02 -0.500000000    
          33           9  0.128633514       7.89212212E-02 -0.500000000    
          33          10   3.16548273E-02   4.33111005E-02 -0.500000000    
          33          11  -7.60507509E-02   2.53661145E-02 -0.500000000    
          33          12   3.84960659E-02   9.83553678E-02 -0.500000000    
          33          13  0.169527650      0.161450580     -0.500000000    
          33          14  0.194007605      0.165957913     -0.500000000    
          33          15  0.139762446      0.140973091     -0.500000000    
          33          16  0.164980769      0.110079564     -0.500000000    
          33          17  0.150773644       8.99660513E-02 -0.500000000    
          33          18  0.225154325      0.101616405     -0.500000000    
          33          19  0.251391083      0.155178726     -0.500000000    
          33          20  0.122315280      0.237859681     -0.500000000    
          33          21  0.108922035      0.269413829     -0.500000000    
          33          22  0.239733189      0.242638543     -0.500000000    
          33          23  0.353657246      0.235350266     -0.500000000    
          33          24  0.409943968      0.278985500     -0.500000000    
          33          25  0.367613971      0.299918622     -0.500000000    
          33          26  0.121809117      0.218444362     -0.500000000    
          33          27  -6.28483891E-02  0.150533706     -0.500000000    
          33          28  0.124947011      0.118984297     -0.500000000    
          33          29  0.236762419       3.38604301E-02 -0.500000000    
          33          30  0.354639858      -9.41862538E-02 -0.500000000    
          33          31  0.566745043     -0.207757756     -0.500000000    
          33          32  0.823930383     -0.300467253     -0.500000000    
          33          33  0.726827681     -0.318486303     -0.500000000    
