           1           1  0.558032572      -2.43030265E-02 -0.500000000    
           1           2  0.383577704      -4.25159074E-02 -0.500000000    
           1           3  0.294562668      -2.70531755E-02 -0.500000000    
           1           4  -1.31758582E-03  -4.30003449E-04 -0.500000000    
           1           5  -7.77049549E-03   5.54098859E-02 -0.500000000    
           1           6  -1.10748764E-02  0.134656325     -0.500000000    
           1           7   2.54453868E-02  0.214472666     -0.500000000    
           1           8   3.43679916E-03  0.253152400     -0.500000000    
           1           9  -7.03749852E-03  0.265654743     -0.500000000    
           1          10  -1.71563309E-02  0.276968867     -0.500000000    
           1          11  -5.71848378E-02  0.216453448     -0.500000000    
           1          12  -4.22269627E-02  0.155807897     -0.500000000    
           1          13  0.141010910      0.107344136     -0.500000000    
           1          14  0.270477891      0.145181954     -0.500000000    
           1          15  0.184197485      0.202419013     -0.500000000    
           1          16  0.140155986      0.231735274     -0.500000000    
           1          17  0.201658681      0.254206926     -0.500000000    
           1          18  0.359443128      0.265205562     -0.500000000    
           1          19  0.470502406      0.234903470     -0.500000000    
           1          20  0.334081322      0.158559173     -0.500000000    
           1          21  0.184222817      0.104736991     -0.500000000    
           1          22  0.161222219      0.110226683     -0.500000000    
           1          23  0.133314222      0.107251942     -0.500000000    
           1          24  -1.15104476E-02  0.102906965     -0.500000000    
           1          25  -7.71083757E-02  0.101825431     -0.500000000    
           1          26  -3.68485041E-02  0.162055522     -0.500000000    
           1          27  -3.18259224E-02  0.178759456     -0.500000000    
           1          28  -6.52420381E-03  0.137913316     -0.500000000    
           1          29   9.21421722E-02   7.76356757E-02 -0.500000000    
           1          30  0.109436378       1.57166626E-02 -0.500000000    
           1          31  0.113855273       6.72260416E-04 -0.500000000    
           1          32 -0.198135301       2.92855594E-02 -0.500000000    
           1          33  0.353186965       9.92036089E-02 -0.500000000    
           2           1  0.383784711      -4.24843207E-02 -0.500000000    
           2           2  0.439735085      -6.30047247E-02 -0.500000000    
           2           3  0.372843742      -4.53920364E-02 -0.500000000    
           2           4  0.129421547      -1.91322695E-02 -0.500000000    
           2           5  -3.65866460E-02   5.01816832E-02 -0.500000000    
           2           6  -4.14004363E-03  0.141386241     -0.500000000    
           2           7  0.117399819      0.208105281     -0.500000000    
           2           8   2.66522132E-02  0.256128937     -0.500000000    
           2           9   7.05763474E-02  0.276346326     -0.500000000    
           2          10   6.47573769E-02  0.285321474     -0.500000000    
           2          11   9.46748443E-03  0.224549130     -0.500000000    
           2          12  -1.46756135E-02  0.176533729     -0.500000000    
           2          13  0.141011283      0.126395434     -0.500000000    
           2          14  0.196249261      0.145651236     -0.500000000    
           2          15  0.151365072      0.187205315     -0.500000000    
           2          16   1.33454464E-02  0.199017659     -0.500000000    
           2          17   7.24554285E-02  0.205414519     -0.500000000    
           2          18  0.236710444      0.210360304     -0.500000000    
           2          19  0.268091887      0.180812985     -0.500000000    
           2          20  0.207456157      0.116569333     -0.500000000    
           2          21   5.29513098E-02   8.03506225E-02 -0.500000000    
           2          22   6.42036200E-02  0.108663678     -0.500000000    
           2          23  0.137551740      0.120131254     -0.500000000    
           2          24  0.120723188      0.127249628     -0.500000000    
           2          25   6.74121752E-02  0.132625043     -0.500000000    
           2          26   1.22213056E-02  0.171170041     -0.500000000    
           2          27   3.03027499E-02  0.170548588     -0.500000000    
           2          28  0.103958890      0.127933621     -0.500000000    
           2          29   9.98213142E-02   5.88216782E-02 -0.500000000    
           2          30   7.99539983E-02   6.20092778E-03 -0.500000000    
           2          31  0.189846516      -2.34239548E-03 -0.500000000    
           2          32  0.184163079       2.79258732E-02 -0.500000000    
           2          33  0.505016506       7.32211545E-02 -0.500000000    
           3           1  0.294793159      -2.69739218E-02 -0.500000000    
           3           2  0.372786313      -4.53408584E-02 -0.500000000    
           3           3  0.302740484      -3.54362726E-02 -0.500000000    
           3           4  0.114637174      -2.47649662E-02 -0.500000000    
           3           5   3.68502140E-02   3.41765396E-02 -0.500000000    
           3           6  0.200355813      0.112677634     -0.500000000    
           3           7  0.192307070      0.159474760     -0.500000000    
           3           8   5.16697168E-02  0.215611726     -0.500000000    
           3           9   4.15695719E-02  0.266226888     -0.500000000    
           3          10   3.73047926E-02  0.279991984     -0.500000000    
           3          11   1.13096777E-02  0.223485187     -0.500000000    
           3          12  -1.62581634E-02  0.170976102     -0.500000000    
           3          13   4.23981771E-02  0.116882451     -0.500000000    
           3          14   4.93250191E-02  0.120219566     -0.500000000    
           3          15  0.102285080      0.151000857     -0.500000000    
           3          16  0.113243647      0.161117151     -0.500000000    
           3          17  0.124167390      0.157723278     -0.500000000    
           3          18  0.123015806      0.145481542     -0.500000000    
           3          19  0.128476217      0.114323080     -0.500000000    
           3          20  0.235775441       7.58033246E-02 -0.500000000    
           3          21  0.126974285       6.88373446E-02 -0.500000000    
           3          22   4.76854220E-02  0.106258117     -0.500000000    
           3          23  0.125409290      0.116606213     -0.500000000    
           3          24  0.225437850      0.129603475     -0.500000000    
           3          25  0.215041488      0.135795087     -0.500000000    
           3          26  0.141969576      0.145161897     -0.500000000    
           3          27  0.237411693      0.140780151     -0.500000000    
           3          28  0.340330213      0.112297244     -0.500000000    
           3          29  0.334906876       4.82424833E-02 -0.500000000    
           3          30  0.231232166       6.54168893E-04 -0.500000000    
           3          31  0.271927387      -1.02238115E-02 -0.500000000    
           3          32  0.353889108       8.71655240E-04 -0.500000000    
           3          33  0.567507267       1.98853370E-02 -0.500000000    
           4           1  -9.41010192E-04  -2.72885605E-04 -0.500000000    
           4           2  0.129486188      -1.89811680E-02 -0.500000000    
           4           3  0.114450656      -2.46470571E-02 -0.500000000    
           4           4 -0.138972640      -2.60068066E-02 -0.500000000    
           4           5  -6.57204837E-02   9.82470252E-03 -0.500000000    
           4           6  0.201697692       4.80141975E-02 -0.500000000    
           4           7  0.268625408       8.64458457E-02 -0.500000000    
           4           8  0.136714518      0.142838940     -0.500000000    
           4           9   7.39646927E-02  0.209164977     -0.500000000    
           4          10  -4.80686910E-02  0.235979229     -0.500000000    
           4          11 -0.110852569      0.197417647     -0.500000000    
           4          12  -8.73303413E-02  0.150086910     -0.500000000    
           4          13   2.53978372E-03   9.81569663E-02 -0.500000000    
           4          14   2.42908038E-02   8.92706960E-02 -0.500000000    
           4          15  0.102296233      0.109410867     -0.500000000    
           4          16   9.23582241E-02  0.118122920     -0.500000000    
           4          17  0.142415479      0.120911665     -0.500000000    
           4          18  0.216472134      0.121455207     -0.500000000    
           4          19  0.198106691      0.114114381     -0.500000000    
           4          20  0.204356357       8.09650347E-02 -0.500000000    
           4          21  0.108575307       6.14336245E-02 -0.500000000    
           4          22   3.46376151E-02   7.79143199E-02 -0.500000000    
           4          23  -1.60040129E-02   6.24960735E-02 -0.500000000    
           4          24   1.95437707E-02   6.84940666E-02 -0.500000000    
           4          25  0.156926140       7.73237944E-02 -0.500000000    
           4          26  0.234374911       9.74761918E-02 -0.500000000    
           4          27  0.348158777      0.121772245     -0.500000000    
           4          28  0.433909327      0.117788143     -0.500000000    
           4          29  0.274733961       7.97187984E-02 -0.500000000    
           4          30  0.162989616       3.21447887E-02 -0.500000000    
           4          31  0.239658326       1.68909878E-02 -0.500000000    
           4          32  0.162369087       1.59168113E-02 -0.500000000    
           4          33  0.193428531       2.93083601E-02 -0.500000000    
           5           1  -7.57816294E-03   5.56421317E-02 -0.500000000    
           5           2  -3.61275896E-02   5.04135154E-02 -0.500000000    
           5           3   3.71105298E-02   3.43567915E-02 -0.500000000    
           5           4  -6.57636374E-02   9.86689702E-03 -0.500000000    
           5           5  -4.76805978E-02   9.31933173E-05 -0.500000000    
           5           6   1.27128121E-02  -2.09911428E-02 -0.500000000    
           5           7  0.153417572      -3.01288534E-03 -0.500000000    
           5           8   6.94641620E-02   5.54753989E-02 -0.500000000    
           5           9  -1.11234626E-02  0.132184580     -0.500000000    
           5          10  -8.83774161E-02  0.182750031     -0.500000000    
           5          11 -0.112660140      0.150410905     -0.500000000    
           5          12  -1.54456440E-02  0.119625069     -0.500000000    
           5          13  0.102255628       9.51332077E-02 -0.500000000    
           5          14   2.45771408E-02   9.54944268E-02 -0.500000000    
           5          15   7.26352632E-02  0.109046437     -0.500000000    
           5          16   8.10028017E-02  0.115054227     -0.500000000    
           5          17   4.87897545E-02  0.120760441     -0.500000000    
           5          18  -1.63375773E-02  0.128749907     -0.500000000    
           5          19   1.47697125E-02  0.128606319     -0.500000000    
           5          20  0.151262492       8.99225548E-02 -0.500000000    
           5          21  0.112183079       5.26727177E-02 -0.500000000    
           5          22   8.55373815E-02   5.88130988E-02 -0.500000000    
           5          23  -4.55325358E-02   3.43128815E-02 -0.500000000    
           5          24   3.24350521E-02   1.92575976E-02 -0.500000000    
           5          25  0.140127599       7.10191962E-04 -0.500000000    
           5          26  0.139896721       1.86023172E-02 -0.500000000    
           5          27   8.93791914E-02   5.60326725E-02 -0.500000000    
           5          28  0.242156416       7.44284838E-02 -0.500000000    
           5          29  0.198904395       9.07619670E-02 -0.500000000    
           5          30  0.216211274       7.32617453E-02 -0.500000000    
           5          31  0.329531401       6.97928518E-02 -0.500000000    
           5          32  0.134181932       6.93887323E-02 -0.500000000    
           5          33  0.222641170       7.77341500E-02 -0.500000000    
           6           1  -1.16050197E-02  0.134940758     -0.500000000    
           6           2  -4.08984534E-03  0.141680196     -0.500000000    
           6           3  0.200461149      0.112917259     -0.500000000    
           6           4  0.201382190       4.81242463E-02 -0.500000000    
           6           5   1.24539118E-02  -2.09528431E-02 -0.500000000    
           6           6  -3.53839397E-02  -7.23993480E-02 -0.500000000    
           6           7  0.146525919      -5.07233441E-02 -0.500000000    
           6           8  0.141766220       1.90326162E-02 -0.500000000    
           6           9   1.78275667E-02   7.53931254E-02 -0.500000000    
           6          10  -1.91592239E-02  0.129485548     -0.500000000    
           6          11   3.40295285E-02  0.125423983     -0.500000000    
           6          12   5.80050573E-02  0.116674997     -0.500000000    
           6          13   2.36735046E-02  0.110469125     -0.500000000    
           6          14   9.28521827E-02  0.133551240     -0.500000000    
           6          15   2.22311486E-02  0.144911632     -0.500000000    
           6          16  -3.55887413E-03  0.142631277     -0.500000000    
           6          17  -5.51263131E-02  0.137432128     -0.500000000    
           6          18 -0.100331627      0.136455730     -0.500000000    
           6          19   7.93843297E-04  0.135020286     -0.500000000    
           6          20  -5.62370569E-03   9.85804126E-02 -0.500000000    
           6          21  -5.58684468E-02   5.60938381E-02 -0.500000000    
           6          22  -1.17114512E-02   3.42015401E-02 -0.500000000    
           6          23  -4.23352569E-02  -9.75793926E-04 -0.500000000    
           6          24   3.61289941E-02  -2.76208203E-02 -0.500000000    
           6          25  0.184216678      -4.93744537E-02 -0.500000000    
           6          26  0.136239335      -3.10774855E-02 -0.500000000    
           6          27   7.58235082E-02   4.54118196E-03 -0.500000000    
           6          28   6.54540733E-02   4.43745926E-02 -0.500000000    
           6          29  0.153263718       8.54580998E-02 -0.500000000    
           6          30  0.215667546       9.36293676E-02 -0.500000000    
           6          31  0.266219765      0.109532908     -0.500000000    
           6          32  0.163336560      0.132214442     -0.500000000    
           6          33  0.184834778      0.152850628     -0.500000000    
           7           1   2.49594115E-02  0.214929819     -0.500000000    
           7           2  0.117624320      0.208578691     -0.500000000    
           7           3  0.192858338      0.159888372     -0.500000000    
           7           4  0.268577904       8.67327824E-02 -0.500000000    
           7           5  0.153124869      -2.82666227E-03 -0.500000000    
           7           6  0.146246627      -5.06064594E-02 -0.500000000    
           7           7  0.315018296      -3.29723097E-02 -0.500000000    
           7           8  0.303956002       3.68167274E-02 -0.500000000    
           7           9  0.130540237       7.13791624E-02 -0.500000000    
           7          10   6.60220906E-02  0.108395696     -0.500000000    
           7          11   4.41187806E-02  0.130743563     -0.500000000    
           7          12   5.24493903E-02  0.116835661     -0.500000000    
           7          13   3.73172760E-02  0.125186324     -0.500000000    
           7          14  0.112191148      0.165784329     -0.500000000    
           7          15   9.86565053E-02  0.199864775     -0.500000000    
           7          16  -8.14739168E-02  0.181182086     -0.500000000    
           7          17 -0.197100192      0.160578892     -0.500000000    
           7          18  -7.90929943E-02  0.172331542     -0.500000000    
           7          19  -1.79448593E-02  0.166715220     -0.500000000    
           7          20  -6.91363364E-02  0.124321267     -0.500000000    
           7          21  -2.60554589E-02   7.03532919E-02 -0.500000000    
           7          22   7.50588700E-02   3.46004143E-02 -0.500000000    
           7          23   9.23242196E-02  -1.76676940E-02 -0.500000000    
           7          24   4.23274860E-02  -5.91217205E-02 -0.500000000    
           7          25  0.173692390      -7.53148124E-02 -0.500000000    
           7          26  0.266093194      -4.75117490E-02 -0.500000000    
           7          27  0.224164024      -9.96588729E-03 -0.500000000    
           7          28  0.155027434       3.53826210E-02 -0.500000000    
           7          29  0.182142392       7.19683990E-02 -0.500000000    
           7          30  0.132520646       9.23799425E-02 -0.500000000    
           7          31  0.119184509      0.128244042     -0.500000000    
           7          32  0.199033648      0.173723653     -0.500000000    
           7          33  0.263306081      0.204790100     -0.500000000    
           8           1   4.18787031E-03  0.253827810     -0.500000000    
           8           2   2.72927675E-02  0.256793350     -0.500000000    
           8           3   5.25395945E-02  0.216177389     -0.500000000    
           8           4  0.137108684      0.143280029     -0.500000000    
           8           5   6.95175305E-02   5.57870716E-02 -0.500000000    
           8           6  0.141969278       1.92211084E-02 -0.500000000    
           8           7  0.304130077       3.68981510E-02 -0.500000000    
           8           8  0.229135439       9.94149074E-02 -0.500000000    
           8           9  0.139416233      0.129930303     -0.500000000    
           8          10  -7.55524337E-02  0.133347198     -0.500000000    
           8          11  -3.58901769E-02  0.152112633     -0.500000000    
           8          12   4.91970330E-02  0.133517548     -0.500000000    
           8          13   3.88529450E-02  0.126978070     -0.500000000    
           8          14  0.174981430      0.179614678     -0.500000000    
           8          15  0.142392978      0.218442082     -0.500000000    
           8          16   6.92505166E-02  0.221052945     -0.500000000    
           8          17  -3.72556224E-02  0.210774481     -0.500000000    
           8          18   4.42824967E-04  0.199950263     -0.500000000    
           8          19  0.123114549      0.191716939     -0.500000000    
           8          20  0.131168500      0.164789036     -0.500000000    
           8          21  0.110224858      0.126441613     -0.500000000    
           8          22   6.24856204E-02   8.37736204E-02 -0.500000000    
           8          23  -4.12769131E-02   2.09957100E-02 -0.500000000    
           8          24  -6.67897686E-02  -2.60851700E-02 -0.500000000    
           8          25  0.140847117      -3.56129594E-02 -0.500000000    
           8          26  0.200794995      -1.47479295E-03 -0.500000000    
           8          27  0.223876923       2.82477718E-02 -0.500000000    
           8          28  0.176078439       6.08309917E-02 -0.500000000    
           8          29  0.204687670       9.06894952E-02 -0.500000000    
           8          30  0.182481095      0.121805787     -0.500000000    
           8          31  0.129240602      0.144082621     -0.500000000    
           8          32  0.262859225      0.173387364     -0.500000000    
           8          33  0.228548691      0.191033408     -0.500000000    
           9           1  -4.76251077E-03  0.266449869     -0.500000000    
           9           2   7.15183914E-02  0.277161717     -0.500000000    
           9           3   4.25470211E-02  0.266934901     -0.500000000    
           9           4   7.48361945E-02  0.209751591     -0.500000000    
           9           5  -1.09218508E-02  0.132623255     -0.500000000    
           9           6   1.79379079E-02   7.56379664E-02 -0.500000000    
           9           7  0.130593538       7.15295821E-02 -0.500000000    
           9           8  0.139634430      0.130038276     -0.500000000    
           9           9   7.36542121E-02  0.170983821     -0.500000000    
           9          10   9.84666310E-03  0.167181969     -0.500000000    
           9          11   3.73364314E-02  0.173310250     -0.500000000    
           9          12  0.139060184      0.146417424     -0.500000000    
           9          13  0.117827751      0.107650220     -0.500000000    
           9          14  0.114592962      0.133147955     -0.500000000    
           9          15  0.198229343      0.182802394     -0.500000000    
           9          16  0.168381140      0.212481990     -0.500000000    
           9          17   9.66178253E-02  0.211639792     -0.500000000    
           9          18   1.39670493E-02  0.198659182     -0.500000000    
           9          19   8.48289952E-02  0.192277461     -0.500000000    
           9          20  0.214143738      0.183132604     -0.500000000    
           9          21  0.241882369      0.163162529     -0.500000000    
           9          22  0.123142622      0.140260130     -0.500000000    
           9          23  -4.06243801E-02   8.74045044E-02 -0.500000000    
           9          24  -5.48472181E-02   3.97251882E-02 -0.500000000    
           9          25   6.58447146E-02   4.07753177E-02 -0.500000000    
           9          26   9.12400633E-02   5.70886433E-02 -0.500000000    
           9          27  0.166187555       7.63879120E-02 -0.500000000    
           9          28   7.91208223E-02  0.107945971     -0.500000000    
           9          29  0.130776450      0.142651260     -0.500000000    
           9          30  0.165102422      0.178802311     -0.500000000    
           9          31  0.172431901      0.191491291     -0.500000000    
           9          32  0.173170358      0.190916702     -0.500000000    
           9          33   4.09835242E-02  0.190112203     -0.500000000    
          10           1  -1.40200807E-02  0.277762145     -0.500000000    
          10           2   6.62246272E-02  0.286146939     -0.500000000    
          10           3   3.84196267E-02  0.280721307     -0.500000000    
          10           4  -4.70283814E-02  0.236600921     -0.500000000    
          10           5  -8.80666524E-02  0.183244422     -0.500000000    
          10           6  -1.90025065E-02  0.129808232     -0.500000000    
          10           7   6.59021363E-02  0.108637370     -0.500000000    
          10           8  -7.52862096E-02  0.133587092     -0.500000000    
          10           9   1.02197509E-02  0.167348683     -0.500000000    
          10          10  0.202569962      0.156487167     -0.500000000    
          10          11  0.237948775      0.148546115     -0.500000000    
          10          12  0.173176885      0.115722306     -0.500000000    
          10          13   4.73363809E-02   4.79917824E-02 -0.500000000    
          10          14   3.73221524E-02   6.09863847E-02 -0.500000000    
          10          15  0.172700360      0.126590624     -0.500000000    
          10          16  0.251009613      0.169332206     -0.500000000    
          10          17  0.186302647      0.184390053     -0.500000000    
          10          18   9.03382301E-02  0.171584755     -0.500000000    
          10          19   5.09537384E-02  0.156503588     -0.500000000    
          10          20   6.33327588E-02  0.151050985     -0.500000000    
          10          21  0.199948639      0.138778582     -0.500000000    
          10          22  0.226052687      0.148416504     -0.500000000    
          10          23  0.195982471      0.136483952     -0.500000000    
          10          24   6.75059110E-02   9.98952836E-02 -0.500000000    
          10          25   3.63527499E-02  0.113339163     -0.500000000    
          10          26  0.128318489      0.119784467     -0.500000000    
          10          27  0.148004949      0.122992992     -0.500000000    
          10          28  -2.04248168E-02  0.135884672     -0.500000000    
          10          29   3.72682251E-02  0.158595830     -0.500000000    
          10          30  0.147822365      0.179330423     -0.500000000    
          10          31  0.221843511      0.212972715     -0.500000000    
          10          32  0.274099708      0.228996187     -0.500000000    
          10          33  0.201653063      0.242500171     -0.500000000    
          11           1  -5.45609929E-02  0.217122957     -0.500000000    
          11           2   1.08987093E-02  0.225237817     -0.500000000    
          11           3   1.21269375E-02  0.224082977     -0.500000000    
          11           4 -0.110185355      0.197894186     -0.500000000    
          11           5 -0.112353705      0.150790110     -0.500000000    
          11           6   3.40214632E-02  0.125683084     -0.500000000    
          11           7   4.38141190E-02  0.130920961     -0.500000000    
          11           8  -3.55564803E-02  0.152311355     -0.500000000    
          11           9   3.77155878E-02  0.173516288     -0.500000000    
          11          10  0.238019109      0.148674369     -0.500000000    
          11          11  0.243200719      0.132495418     -0.500000000    
          11          12  0.106900357       7.92256445E-02 -0.500000000    
          11          13  -7.42231123E-03   1.83107122E-03 -0.500000000    
          11          14 -0.120208293       1.24607775E-02 -0.500000000    
          11          15  0.107459903       5.79818152E-02 -0.500000000    
          11          16  0.181992412      0.100874677     -0.500000000    
          11          17  0.169433981      0.113582335     -0.500000000    
          11          18   9.39279869E-02  0.109570928     -0.500000000    
          11          19  -7.82602504E-02   9.37705040E-02 -0.500000000    
          11          20  -6.10837154E-02   9.41454843E-02 -0.500000000    
          11          21   6.58716410E-02  0.100532368     -0.500000000    
          11          22  0.188829377      0.141542256     -0.500000000    
          11          23  0.178364798      0.156435519     -0.500000000    
          11          24   8.42415988E-02  0.161427319     -0.500000000    
          11          25   5.32999672E-02  0.176489577     -0.500000000    
          11          26  0.159753069      0.167968541     -0.500000000    
          11          27  0.113977432      0.135170251     -0.500000000    
          11          28  -4.03377134E-03  0.124418020     -0.500000000    
          11          29   7.84801543E-02  0.141233966     -0.500000000    
          11          30   7.52314106E-02  0.165166453     -0.500000000    
          11          31  0.248900741      0.207621679     -0.500000000    
          11          32  0.261400193      0.247125328     -0.500000000    
          11          33  0.323692411      0.278981328     -0.500000000    
          12           1  -4.01267149E-02  0.156195834     -0.500000000    
          12           2  -1.32392878E-02  0.176945522     -0.500000000    
          12           3  -1.54852644E-02  0.171323091     -0.500000000    
          12           4  -8.67024735E-02  0.150345609     -0.500000000    
          12           5  -1.48620782E-02  0.119841322     -0.500000000    
          12           6   5.79828322E-02  0.116813585     -0.500000000    
          12           7   5.22181429E-02  0.116892017     -0.500000000    
          12           8   4.93409336E-02  0.133576959     -0.500000000    
          12           9  0.139456734      0.146528229     -0.500000000    
          12          10  0.173533008      0.115886047     -0.500000000    
          12          11  0.106960565       7.93462694E-02 -0.500000000    
          12          12   2.04999326E-03   4.60310467E-02 -0.500000000    
          12          13  -6.29785806E-02  -4.41959361E-03 -0.500000000    
          12          14 -0.127036899      -1.70121118E-02 -0.500000000    
          12          15  -5.66663966E-02   9.10280645E-03 -0.500000000    
          12          16  0.122557849       4.55671586E-02 -0.500000000    
          12          17  0.194875687       6.41447827E-02 -0.500000000    
          12          18  0.105633080       5.95282465E-02 -0.500000000    
          12          19   1.54413814E-02   6.69482052E-02 -0.500000000    
          12          20   8.38315208E-03   6.63752630E-02 -0.500000000    
          12          21   4.39927867E-03   7.75934011E-02 -0.500000000    
          12          22  -6.21837676E-02  0.109733023     -0.500000000    
          12          23  -7.90099204E-02  0.131979197     -0.500000000    
          12          24  -2.17006952E-02  0.160411164     -0.500000000    
          12          25  0.114408612      0.176539630     -0.500000000    
          12          26  0.115789637      0.139764056     -0.500000000    
          12          27   9.63178501E-02  0.112464696     -0.500000000    
          12          28   2.06888970E-02  0.106346563     -0.500000000    
          12          29   6.97512776E-02  0.116610244     -0.500000000    
          12          30   2.95552611E-02  0.147143319     -0.500000000    
          12          31  0.171941653      0.180518985     -0.500000000    
          12          32   3.41426730E-02  0.213419303     -0.500000000    
          12          33  0.168500364      0.246930256     -0.500000000    
          13           1  0.142725781      0.107508376     -0.500000000    
          13           2  0.142304555      0.126541242     -0.500000000    
          13           3   4.32932712E-02  0.116951138     -0.500000000    
          13           4   3.24652065E-03   9.81618166E-02 -0.500000000    
          13           5  0.102851592       9.51092243E-02 -0.500000000    
          13           6   2.38174275E-02  0.110391930     -0.500000000    
          13           7   3.71105596E-02  0.125060186     -0.500000000    
          13           8   3.85140516E-02  0.126843244     -0.500000000    
          13           9  0.117725104      0.107609503     -0.500000000    
          13          10   4.74965908E-02   4.81367335E-02 -0.500000000    
          13          11  -7.10680010E-03   2.06498383E-03 -0.500000000    
          13          12  -6.27057478E-02  -4.25664056E-03 -0.500000000    
          13          13  -9.17011313E-03   8.64938647E-03 -0.500000000    
          13          14  -5.57530001E-02   1.26899779E-02 -0.500000000    
          13          15  -3.64529416E-02   2.59332638E-02 -0.500000000    
          13          16  0.130181730       4.39740270E-02 -0.500000000    
          13          17  0.173066095       5.86619265E-02 -0.500000000    
          13          18  0.207806379       7.82803968E-02 -0.500000000    
          13          19  0.229347095       8.21776614E-02 -0.500000000    
          13          20  0.197239012       6.66275918E-02 -0.500000000    
          13          21   5.32323644E-02   5.99545091E-02 -0.500000000    
          13          22  -5.20859137E-02   7.71646798E-02 -0.500000000    
          13          23 -0.139411941      0.109296508     -0.500000000    
          13          24  -3.78153436E-02  0.133166537     -0.500000000    
          13          25   1.28545351E-02  0.141303897     -0.500000000    
          13          26   8.96458328E-02  0.122816354     -0.500000000    
          13          27  0.223562226      0.102252774     -0.500000000    
          13          28  0.221068278      0.107601732     -0.500000000    
          13          29   9.31453705E-02  0.110300966     -0.500000000    
          13          30   1.95393842E-02  0.134185806     -0.500000000    
          13          31  0.115633816      0.164758340     -0.500000000    
          13          32  -4.78390092E-03  0.187378436     -0.500000000    
          13          33  -4.01264150E-03  0.212551579     -0.500000000    
          14           1  0.271735340      0.145239070     -0.500000000    
          14           2  0.197235838      0.145621806     -0.500000000    
          14           3   5.03201187E-02  0.120129444     -0.500000000    
          14           4   2.51429994E-02   8.91761109E-02 -0.500000000    
          14           5   2.51942016E-02   9.54125226E-02 -0.500000000    
          14           6   9.35445353E-02  0.133424923     -0.500000000    
          14           7  0.112619996      0.165547967     -0.500000000    
          14           8  0.174893230      0.179289162     -0.500000000    
          14           9  0.114414446      0.132892504     -0.500000000    
          14          10   3.72602046E-02   6.09689839E-02 -0.500000000    
          14          11 -0.120099008       1.26656936E-02 -0.500000000    
          14          12 -0.126716599      -1.67160220E-02 -0.500000000    
          14          13  -5.54530323E-02   1.29273562E-02 -0.500000000    
          14          14  0.138922513       5.05614877E-02 -0.500000000    
          14          15  0.152919546       6.54731318E-02 -0.500000000    
          14          16   9.72385779E-02   6.91125393E-02 -0.500000000    
          14          17   8.20833147E-02   7.59533048E-02 -0.500000000    
          14          18  0.167738318       9.77176353E-02 -0.500000000    
          14          19  0.268369198      0.100042813     -0.500000000    
          14          20  0.224404275       7.20068291E-02 -0.500000000    
          14          21  0.104476802       6.19334094E-02 -0.500000000    
          14          22  -8.04052502E-03   8.32089931E-02 -0.500000000    
          14          23   4.56703976E-02  0.124629900     -0.500000000    
          14          24  -8.89419951E-03  0.151838750     -0.500000000    
          14          25   3.87865528E-02  0.157527402     -0.500000000    
          14          26  0.118199684      0.140455574     -0.500000000    
          14          27  0.263293624      0.120179228     -0.500000000    
          14          28  0.213135064      0.118913949     -0.500000000    
          14          29   8.37165415E-02  0.127860859     -0.500000000    
          14          30  -9.66526009E-03  0.157743067     -0.500000000    
          14          31   7.77048841E-02  0.197750092     -0.500000000    
          14          32   5.91486581E-02  0.224492103     -0.500000000    
          14          33  -3.97674851E-02  0.247315690     -0.500000000    
          15           1  0.185322583      0.202453181     -0.500000000    
          15           2  0.152125850      0.187106371     -0.500000000    
          15           3  0.102925070      0.150856227     -0.500000000    
          15           4  0.103007264      0.109281674     -0.500000000    
          15           5   7.36662820E-02  0.108995467     -0.500000000    
          15           6   2.33356543E-02  0.144851878     -0.500000000    
          15           7   9.95500609E-02  0.199636206     -0.500000000    
          15           8  0.142918155      0.218047336     -0.500000000    
          15           9  0.198184252      0.182406008     -0.500000000    
          15          10  0.172383338      0.126365840     -0.500000000    
          15          11  0.107179768       5.80072179E-02 -0.500000000    
          15          12  -5.65909743E-02   9.33006033E-03 -0.500000000    
          15          13  -3.59238051E-02   2.62906421E-02 -0.500000000    
          15          14  0.153251380       6.57520667E-02 -0.500000000    
          15          15  0.256879389       8.05300400E-02 -0.500000000    
          15          16  0.148001969       9.61493924E-02 -0.500000000    
          15          17  0.122487850      0.109447666     -0.500000000    
          15          18  0.120626487      0.109288625     -0.500000000    
          15          19  0.212072253      0.107644320     -0.500000000    
          15          20  0.279170275       9.70383361E-02 -0.500000000    
          15          21  0.126097560       7.72122964E-02 -0.500000000    
          15          22  0.120095246       9.25747305E-02 -0.500000000    
          15          23  0.145788833      0.144664079     -0.500000000    
          15          24  0.109614223      0.177014038     -0.500000000    
          15          25   4.59462665E-02  0.163021684     -0.500000000    
          15          26  0.124888398      0.146597996     -0.500000000    
          15          27   6.34178743E-02  0.121345140     -0.500000000    
          15          28  0.116599992      0.115612455     -0.500000000    
          15          29   8.47079679E-02  0.146715283     -0.500000000    
          15          30  -4.47226092E-02  0.184300572     -0.500000000    
          15          31   5.26099093E-02  0.238954172     -0.500000000    
          15          32   9.07688066E-02  0.283771992     -0.500000000    
          15          33  -7.72296637E-02  0.308290452     -0.500000000    
          16           1  0.141333923      0.231957167     -0.500000000    
          16           2   1.39700714E-02  0.199057162     -0.500000000    
          16           3  0.113329880      0.161010802     -0.500000000    
          16           4   9.24397334E-02  0.117962971     -0.500000000    
          16           5   8.13576803E-02  0.114951365     -0.500000000    
          16           6  -2.92252842E-03  0.142562747     -0.500000000    
          16           7  -8.05469826E-02  0.181003809     -0.500000000    
          16           8   7.01467246E-02  0.220687658     -0.500000000    
          16           9  0.168996125      0.212027967     -0.500000000    
          16          10  0.250973463      0.168930590     -0.500000000    
          16          11  0.181643963      0.100645415     -0.500000000    
          16          12  0.122019529       4.55856808E-02 -0.500000000    
          16          13  0.130098253       4.42578569E-02 -0.500000000    
          16          14   9.79521871E-02   6.95558637E-02 -0.500000000    
          16          15  0.148736894       9.64607373E-02 -0.500000000    
          16          16  0.216689974      0.108925208     -0.500000000    
          16          17  0.159514830      0.123710424     -0.500000000    
          16          18  0.158489108      0.134054661     -0.500000000    
          16          19  0.278270751      0.123886138     -0.500000000    
          16          20  0.301397055      0.110855095     -0.500000000    
          16          21  0.251129568       8.92651007E-02 -0.500000000    
          16          22  0.112862378       7.99216330E-02 -0.500000000    
          16          23  0.145307302      0.133277386     -0.500000000    
          16          24  0.110877007      0.177766562     -0.500000000    
          16          25   8.28172490E-02  0.164242938     -0.500000000    
          16          26   1.27221067E-02  0.140879661     -0.500000000    
          16          27  -2.14825384E-02  0.127210230     -0.500000000    
          16          28   9.40684676E-02  0.123704925     -0.500000000    
          16          29  0.102777578      0.148995519     -0.500000000    
          16          30  -4.25933897E-02  0.179985791     -0.500000000    
          16          31  -5.94795570E-02  0.237050995     -0.500000000    
          16          32   1.19846109E-02  0.295924783     -0.500000000    
          16          33  -2.92768069E-02  0.325191408     -0.500000000    
          17           1  0.202887714      0.254696012     -0.500000000    
          17           2   7.31351003E-02  0.205737785     -0.500000000    
          17           3  0.124436364      0.157806531     -0.500000000    
          17           4  0.142291471      0.120805219     -0.500000000    
          17           5   4.80184741E-02  0.120540641     -0.500000000    
          17           6  -5.57806306E-02  0.137201995     -0.500000000    
          17           7 -0.197239757      0.160327747     -0.500000000    
          17           8  -3.69553044E-02  0.210432366     -0.500000000    
          17           9   9.70324054E-02  0.211184457     -0.500000000    
          17          10  0.186458945      0.183871895     -0.500000000    
          17          11  0.169012934      0.113134608     -0.500000000    
          17          12  0.194220841       6.38934374E-02 -0.500000000    
          17          13  0.172594771       5.86989187E-02 -0.500000000    
          17          14   8.24861526E-02   7.63227940E-02 -0.500000000    
          17          15  0.123519741      0.109961018     -0.500000000    
          17          16  0.160439953      0.124041870     -0.500000000    
          17          17  0.110852487      0.138436034     -0.500000000    
          17          18  0.143091336      0.144957334     -0.500000000    
          17          19  0.261141509      0.131909445     -0.500000000    
          17          20  0.237978116      0.103568889     -0.500000000    
          17          21  0.185309559       6.47471696E-02 -0.500000000    
          17          22  0.111194685       5.40335737E-02 -0.500000000    
          17          23  0.103937127      0.120695442     -0.500000000    
          17          24  0.137296706      0.180775791     -0.500000000    
          17          25  0.148029551      0.190960899     -0.500000000    
          17          26   4.67190966E-02  0.161286414     -0.500000000    
          17          27  -1.91202424E-02  0.145371303     -0.500000000    
          17          28  0.107310884      0.147895053     -0.500000000    
          17          29  0.141358450      0.150689363     -0.500000000    
          17          30   1.56817921E-02  0.168559983     -0.500000000    
          17          31  -7.27187768E-02  0.216640562     -0.500000000    
          17          32  -8.18261653E-02  0.273058295     -0.500000000    
          17          33   2.05053738E-03  0.303367525     -0.500000000    
          18           1  0.358195186      0.265645564     -0.500000000    
          18           2  0.235997915      0.210817829     -0.500000000    
          18           3  0.123328313      0.145869553     -0.500000000    
          18           4  0.217366576      0.121686086     -0.500000000    
          18           5  -1.60377659E-02  0.128727645     -0.500000000    
          18           6 -0.100903459      0.136223570     -0.500000000    
          18           7  -7.96542168E-02  0.172014713     -0.500000000    
          18           8   1.03498460E-04  0.199607551     -0.500000000    
          18           9   1.36482138E-02  0.198230043     -0.500000000    
          18          10   9.01994705E-02  0.171024039     -0.500000000    
          18          11   9.36268270E-02  0.109005146     -0.500000000    
          18          12  0.104978845       5.90791181E-02 -0.500000000    
          18          13  0.207222417       7.80218393E-02 -0.500000000    
          18          14  0.167590961       9.77673307E-02 -0.500000000    
          18          15  0.121001512      0.109680124     -0.500000000    
          18          16  0.159478828      0.134563729     -0.500000000    
          18          17  0.143763766      0.145285472     -0.500000000    
          18          18  0.163164511      0.131062701     -0.500000000    
          18          19  0.130761251       9.84191746E-02 -0.500000000    
          18          20   7.06100091E-02   6.27000928E-02 -0.500000000    
          18          21  0.108251333       2.48518456E-02 -0.500000000    
          18          22  0.151816607       4.23597544E-02 -0.500000000    
          18          23  0.143087909      0.122510120     -0.500000000    
          18          24  0.206471130      0.192261800     -0.500000000    
          18          25  0.184078798      0.218392968     -0.500000000    
          18          26  0.148033306      0.204377279     -0.500000000    
          18          27   9.62424092E-03  0.178172886     -0.500000000    
          18          28   9.51014161E-02  0.169708893     -0.500000000    
          18          29  0.113318168      0.165287569     -0.500000000    
          18          30   8.03466290E-02  0.171488404     -0.500000000    
          18          31  -3.95166092E-02  0.212746710     -0.500000000    
          18          32  -8.25963691E-02  0.265158176     -0.500000000    
          18          33  -1.33507028E-02  0.285485804     -0.500000000    
          19           1  0.465512156      0.234386936     -0.500000000    
          19           2  0.263965011      0.180373207     -0.500000000    
          19           3  0.125522226      0.114053108     -0.500000000    
          19           4  0.196199641      0.114020951     -0.500000000    
          19           5   1.41974781E-02  0.128614426     -0.500000000    
          19           6   8.60258006E-04  0.134979710     -0.500000000    
          19           7  -1.80996675E-02  0.166557148     -0.500000000    
          19           8  0.123085342      0.191483155     -0.500000000    
          19           9   8.52300748E-02  0.191977665     -0.500000000    
          19          10   5.13363592E-02  0.156046823     -0.500000000    
          19          11  -7.83086270E-02   9.31739733E-02 -0.500000000    
          19          12   1.50160091E-02   6.63667917E-02 -0.500000000    
          19          13  0.228696764       8.17309618E-02 -0.500000000    
          19          14  0.267746985       9.97592583E-02 -0.500000000    
          19          15  0.211774155      0.107645772     -0.500000000    
          19          16  0.278847098      0.124262795     -0.500000000    
          19          17  0.261843741      0.132351592     -0.500000000    
          19          18  0.131036535       9.86853614E-02 -0.500000000    
          19          19   6.52108341E-02   4.97958623E-02 -0.500000000    
          19          20   5.97470291E-02   2.60974746E-03 -0.500000000    
          19          21  0.126552939       2.46887188E-03 -0.500000000    
          19          22  0.172598124       3.35454009E-02 -0.500000000    
          19          23  0.259709507      0.113081887     -0.500000000    
          19          24  0.224616349      0.194854051     -0.500000000    
          19          25  0.144223258      0.230424553     -0.500000000    
          19          26   5.50795346E-02  0.213245213     -0.500000000    
          19          27   3.79408151E-02  0.191863567     -0.500000000    
          19          28  0.112854213      0.179433659     -0.500000000    
          19          29   8.43201950E-02  0.176127523     -0.500000000    
          19          30   8.99879932E-02  0.167563915     -0.500000000    
          19          31  -9.19365361E-02  0.202096149     -0.500000000    
          19          32  -6.28496334E-02  0.256096929     -0.500000000    
          19          33  -6.93537593E-02  0.270098329     -0.500000000    
          20           1  0.337655634      0.158085570     -0.500000000    
          20           2  0.210958108      0.116045088     -0.500000000    
          20           3  0.238512397       7.51992464E-02 -0.500000000    
          20           4  0.205510899       8.02437365E-02 -0.500000000    
          20           5  0.150887027       8.92314166E-02 -0.500000000    
          20           6  -7.15699652E-03   9.81285200E-02 -0.500000000    
          20           7  -7.00785145E-02  0.124088563     -0.500000000    
          20           8  0.131512269      0.164693847     -0.500000000    
          20           9  0.214899287      0.182999328     -0.500000000    
          20          10   6.43311217E-02  0.150806233     -0.500000000    
          20          11  -6.04006387E-02   9.37485173E-02 -0.500000000    
          20          12   8.50916654E-03   6.58276007E-02 -0.500000000    
          20          13  0.196593240       6.60230145E-02 -0.500000000    
          20          14  0.223630846       7.14781582E-02 -0.500000000    
          20          15  0.278796524       9.67224166E-02 -0.500000000    
          20          16  0.301219821      0.110815987     -0.500000000    
          20          17  0.238017663      0.103812717     -0.500000000    
          20          18   7.08535984E-02   6.30086809E-02 -0.500000000    
          20          19   6.00285716E-02   2.80309329E-03 -0.500000000    
          20          20  0.191481739      -1.72115229E-02 -0.500000000    
          20          21  0.179167509      -1.62168741E-02 -0.500000000    
          20          22  0.124757655       2.29773857E-02 -0.500000000    
          20          23  0.158544108       8.99522677E-02 -0.500000000    
          20          24  0.143331125      0.162549749     -0.500000000    
          20          25   6.57454953E-02  0.197123736     -0.500000000    
          20          26 -0.100883603      0.185001031     -0.500000000    
          20          27  -8.70468467E-02  0.165447041     -0.500000000    
          20          28   9.49069709E-02  0.163821518     -0.500000000    
          20          29   9.40895081E-02  0.154036462     -0.500000000    
          20          30  0.137704447      0.152498856     -0.500000000    
          20          31   3.53520736E-04  0.190399319     -0.500000000    
          20          32  -3.56311575E-02  0.241166145     -0.500000000    
          20          33  -4.60717827E-02  0.269151241     -0.500000000    
          21           1  0.186828613      0.104585104     -0.500000000    
          21           2   5.66762611E-02   8.02390128E-02 -0.500000000    
          21           3  0.130440816       6.87594637E-02 -0.500000000    
          21           4  0.112033933       6.12439364E-02 -0.500000000    
          21           5  0.115404293       5.22518717E-02 -0.500000000    
          21           6  -5.34601249E-02   5.54255098E-02 -0.500000000    
          21           7  -2.61459053E-02   6.96040466E-02 -0.500000000    
          21           8  0.108154155      0.125903055     -0.500000000    
          21           9  0.242204875      0.163058728     -0.500000000    
          21          10  0.201087788      0.138804421     -0.500000000    
          21          11   6.68250769E-02  0.100434616     -0.500000000    
          21          12   5.06456010E-03   7.72844702E-02 -0.500000000    
          21          13   5.36384434E-02   5.94255999E-02 -0.500000000    
          21          14  0.104304045       6.13233596E-02 -0.500000000    
          21          15  0.125658810       7.66546205E-02 -0.500000000    
          21          16  0.250682235       8.88738856E-02 -0.500000000    
          21          17  0.184805736       6.46221265E-02 -0.500000000    
          21          18  0.108338244       2.50327438E-02 -0.500000000    
          21          19  0.127031490       2.74218433E-03 -0.500000000    
          21          20  0.179521427      -1.60575584E-02 -0.500000000    
          21          21   7.39125535E-03   3.96775431E-05 -0.500000000    
          21          22   2.99454648E-02   3.27202789E-02 -0.500000000    
          21          23   7.66772702E-02   7.45373815E-02 -0.500000000    
          21          24   8.93057808E-02  0.117834926     -0.500000000    
          21          25   5.81225380E-03  0.149341300     -0.500000000    
          21          26 -0.120703489      0.152251944     -0.500000000    
          21          27 -0.104772747      0.133878738     -0.500000000    
          21          28  -6.18905388E-03  0.124523692     -0.500000000    
          21          29  0.105953038      0.117884032     -0.500000000    
          21          30  -1.18615944E-02  0.148217902     -0.500000000    
          21          31  -2.10437626E-02  0.206936657     -0.500000000    
          21          32  -3.20287757E-02  0.261377364     -0.500000000    
          21          33   8.77898261E-02  0.309378028     -0.500000000    
          22           1  0.157408729      0.110379897     -0.500000000    
          22           2   6.20087273E-02  0.108818807     -0.500000000    
          22           3   4.72525991E-02  0.106388576     -0.500000000    
          22           4   3.61095816E-02   7.79622719E-02 -0.500000000    
          22           5   8.73577595E-02   5.87263703E-02 -0.500000000    
          22           6  -1.05767399E-02   3.39818634E-02 -0.500000000    
          22           7   7.72872567E-02   3.42410244E-02 -0.500000000    
          22           8   6.37246668E-02   8.29672068E-02 -0.500000000    
          22           9  0.120093778      0.139493570     -0.500000000    
          22          10  0.225630015      0.148298725     -0.500000000    
          22          11  0.189466551      0.141699508     -0.500000000    
          22          12  -6.14147149E-02  0.109713078     -0.500000000    
          22          13  -5.12333587E-02   7.68705085E-02 -0.500000000    
          22          14  -7.40195904E-03   8.27281177E-02 -0.500000000    
          22          15  0.119913667       9.19480696E-02 -0.500000000    
          22          16  0.112298593       7.93109238E-02 -0.500000000    
          22          17  0.110878728       5.37069067E-02 -0.500000000    
          22          18  0.152015731       4.23830040E-02 -0.500000000    
          22          19  0.173014894       3.38167883E-02 -0.500000000    
          22          20  0.124790929       2.32415330E-02 -0.500000000    
          22          21   3.00674178E-02   3.28486450E-02 -0.500000000    
          22          22   3.78736593E-02   8.30913037E-02 -0.500000000    
          22          23  0.189430758      0.106365949     -0.500000000    
          22          24  0.121525936      0.124016903     -0.500000000    
          22          25  -1.57403313E-02  0.151425347     -0.500000000    
          22          26  -3.67825804E-03  0.150492132     -0.500000000    
          22          27   3.41556817E-02  0.130465910     -0.500000000    
          22          28   6.46211021E-03  0.119679794     -0.500000000    
          22          29   3.63095105E-02  0.129193544     -0.500000000    
          22          30  -6.04044273E-02  0.172283098     -0.500000000    
          22          31  -4.88790646E-02  0.246419728     -0.500000000    
          22          32  -8.62866119E-02  0.319208264     -0.500000000    
          22          33   4.72551957E-02  0.371892571     -0.500000000    
          23           1  0.132668868      0.107604034     -0.500000000    
          23           2  0.135958090      0.120420918     -0.500000000    
          23           3  0.123231515      0.116863340     -0.500000000    
          23           4  -1.70453414E-02   6.26987368E-02 -0.500000000    
          23           5  -4.48407903E-02   3.43405530E-02 -0.500000000    
          23           6  -4.07406464E-02  -1.13227707E-03 -0.500000000    
          23           7   9.34175625E-02  -1.78889502E-02 -0.500000000    
          23           8  -3.99137437E-02   2.06177998E-02 -0.500000000    
          23           9  -3.83865610E-02   8.65742266E-02 -0.500000000    
          23          10  0.192731827      0.135679185     -0.500000000    
          23          11  0.177754268      0.156403869     -0.500000000    
          23          12  -7.87586942E-02  0.132183611     -0.500000000    
          23          13 -0.138850629      0.109271109     -0.500000000    
          23          14   4.63437960E-02  0.124328680     -0.500000000    
          23          15  0.146114200      0.144154534     -0.500000000    
          23          16  0.145116076      0.132709816     -0.500000000    
          23          17  0.103507273      0.120332465     -0.500000000    
          23          18  0.143221676      0.122487299     -0.500000000    
          23          19  0.259771645      0.113282509     -0.500000000    
          23          20  0.158420980       9.01982635E-02 -0.500000000    
          23          21   7.66867325E-02   7.47512132E-02 -0.500000000    
          23          22  0.189841256      0.106474094     -0.500000000    
          23          23  0.293163151      0.122324027     -0.500000000    
          23          24   8.85351598E-02  0.123118967     -0.500000000    
          23          25  -4.25930656E-02  0.135195449     -0.500000000    
          23          26  0.164329559      0.140962198     -0.500000000    
          23          27  0.256792128      0.141086295     -0.500000000    
          23          28   6.36197776E-02  0.128810376     -0.500000000    
          23          29   7.23373797E-03  0.150575459     -0.500000000    
          23          30   3.20709422E-02  0.191591069     -0.500000000    
          23          31   6.32361546E-02  0.255943894     -0.500000000    
          23          32   1.51456110E-02  0.337053329     -0.500000000    
          23          33   1.66278891E-02  0.387579083     -0.500000000    
          24           1  -1.14124604E-02  0.103372194     -0.500000000    
          24           2  0.120906807      0.127736643     -0.500000000    
          24           3  0.225128084      0.129975364     -0.500000000    
          24           4   1.96160637E-02   6.87739477E-02 -0.500000000    
          24           5   3.26126702E-02   1.95018686E-02 -0.500000000    
          24           6   3.68720256E-02  -2.74929740E-02 -0.500000000    
          24           7   4.43536900E-02  -5.92108779E-02 -0.500000000    
          24           8  -6.45166710E-02  -2.62668394E-02 -0.500000000    
          24           9  -5.14644720E-02   3.93440351E-02 -0.500000000    
          24          10   6.98177367E-02   9.90750045E-02 -0.500000000    
          24          11   8.01321343E-02  0.160674512     -0.500000000    
          24          12  -2.21705325E-02  0.160435289     -0.500000000    
          24          13  -3.74162570E-02  0.133380681     -0.500000000    
          24          14  -8.25567171E-03  0.151816711     -0.500000000    
          24          15  0.110341355      0.176742643     -0.500000000    
          24          16  0.111016028      0.177406415     -0.500000000    
          24          17  0.136995569      0.180535540     -0.500000000    
          24          18  0.205962062      0.192233577     -0.500000000    
          24          19  0.224186197      0.195051938     -0.500000000    
          24          20  0.142933652      0.162743360     -0.500000000    
          24          21   8.90512913E-02  0.118018396     -0.500000000    
          24          22  0.121809326      0.124170087     -0.500000000    
          24          23   8.90103653E-02  0.123196997     -0.500000000    
          24          24  0.121567003      0.101495638     -0.500000000    
          24          25   6.58415705E-02   9.62508395E-02 -0.500000000    
          24          26  0.200763568      0.103207074     -0.500000000    
          24          27  0.299517304      0.130774736     -0.500000000    
          24          28  0.120516852      0.149291873     -0.500000000    
          24          29   9.13804844E-02  0.174976557     -0.500000000    
          24          30   8.35605115E-02  0.198773935     -0.500000000    
          24          31  0.120470725      0.246533498     -0.500000000    
          24          32   4.63192314E-02  0.302326530     -0.500000000    
          24          33  -4.79470305E-02  0.337708175     -0.500000000    
          25           1  -7.73695260E-02  0.102126658     -0.500000000    
          25           2   6.86601624E-02  0.133049488     -0.500000000    
          25           3  0.215797633      0.136206165     -0.500000000    
          25           4  0.155580699       7.76800066E-02 -0.500000000    
          25           5  0.138331011       1.17771816E-03 -0.500000000    
          25           6  0.182235837      -4.88715433E-02 -0.500000000    
          25           7  0.170643970      -7.48792514E-02 -0.500000000    
          25           8  0.140896246      -3.54373045E-02 -0.500000000    
          25           9   6.81679696E-02   4.07008640E-02 -0.500000000    
          25          10   4.04014289E-02  0.112914965     -0.500000000    
          25          11   5.16732782E-02  0.175632805     -0.500000000    
          25          12  0.111353591      0.175930932     -0.500000000    
          25          13   1.25735225E-02  0.141430289     -0.500000000    
          25          14   3.92493680E-02  0.157769859     -0.500000000    
          25          15   4.69171442E-02  0.163059756     -0.500000000    
          25          16   8.35584551E-02  0.164168835     -0.500000000    
          25          17  0.147992805      0.190937936     -0.500000000    
          25          18  0.183281526      0.218479544     -0.500000000    
          25          19  0.143610522      0.230651036     -0.500000000    
          25          20   6.53195456E-02  0.197365567     -0.500000000    
          25          21   5.34436852E-03  0.149458468     -0.500000000    
          25          22  -1.56762432E-02  0.151510969     -0.500000000    
          25          23  -4.23125774E-02  0.135268047     -0.500000000    
          25          24   6.59090504E-02   9.62760672E-02 -0.500000000    
          25          25  0.152298599       7.51020238E-02 -0.500000000    
          25          26  0.180888817       7.24161044E-02 -0.500000000    
          25          27  0.187085211      0.102043837     -0.500000000    
          25          28  0.177339673      0.135869160     -0.500000000    
          25          29   8.98771510E-02  0.165545255     -0.500000000    
          25          30   6.48817196E-02  0.192958668     -0.500000000    
          25          31  -1.02583738E-03  0.209131449     -0.500000000    
          25          32  -3.73350419E-02  0.232908204     -0.500000000    
          25          33 -0.126502663      0.260518730     -0.500000000    
          26           1  -3.56405675E-02  0.162412703     -0.500000000    
          26           2   1.46378195E-02  0.171781629     -0.500000000    
          26           3  0.144903257      0.145839557     -0.500000000    
          26           4  0.233593345       9.80556607E-02 -0.500000000    
          26           5  0.137083516       1.91628411E-02 -0.500000000    
          26           6  0.132808447      -3.03952154E-02 -0.500000000    
          26           7  0.260661989      -4.67457399E-02 -0.500000000    
          26           8  0.194818094      -8.19524983E-04 -0.500000000    
          26           9   9.15220827E-02   5.74201271E-02 -0.500000000    
          26          10  0.131893918      0.119858205     -0.500000000    
          26          11  0.164635092      0.167442769     -0.500000000    
          26          12  0.112359084      0.138876855     -0.500000000    
          26          13   8.78908858E-02  0.122394323     -0.500000000    
          26          14  0.118428834      0.140626937     -0.500000000    
          26          15  0.125933602      0.146801949     -0.500000000    
          26          16   1.35668786E-02  0.141041383     -0.500000000    
          26          17   4.72540222E-02  0.161531001     -0.500000000    
          26          18  0.147528380      0.204644397     -0.500000000    
          26          19   5.44334650E-02  0.213552549     -0.500000000    
          26          20 -0.101269767      0.185313880     -0.500000000    
          26          21 -0.120977603      0.152355298     -0.500000000    
          26          22  -3.40681942E-03  0.150537223     -0.500000000    
          26          23  0.164881796      0.141040072     -0.500000000    
          26          24  0.200825453      0.103225946     -0.500000000    
          26          25  0.180623382       7.23634660E-02 -0.500000000    
          26          26   2.62181014E-02   7.25841224E-02 -0.500000000    
          26          27  0.100751929       9.63852629E-02 -0.500000000    
          26          28  0.111986682      0.129562929     -0.500000000    
          26          29   8.13545138E-02  0.147909731     -0.500000000    
          26          30   9.72738862E-02  0.167739838     -0.500000000    
          26          31  -6.01139059E-03  0.164612681     -0.500000000    
          26          32   7.74554908E-02  0.182936221     -0.500000000    
          26          33  0.135356560      0.215252340     -0.500000000    
          27           1  -2.98044253E-02  0.179491445     -0.500000000    
          27           2   3.12101971E-02  0.171224266     -0.500000000    
          27           3  0.237803087      0.141473725     -0.500000000    
          27           4  0.344582707      0.122370712     -0.500000000    
          27           5   8.28802139E-02   5.65574020E-02 -0.500000000    
          27           6   7.13425204E-02   5.15602529E-03 -0.500000000    
          27           7  0.219166249      -9.25638992E-03 -0.500000000    
          27           8  0.216824308       2.89892200E-02 -0.500000000    
          27           9  0.165159911       7.70436376E-02 -0.500000000    
          27          10  0.151687518      0.123512305     -0.500000000    
          27          11  0.120795555      0.135273188     -0.500000000    
          27          12   9.81730595E-02  0.111721776     -0.500000000    
          27          13  0.219933733      0.101281404     -0.500000000    
          27          14  0.263263226      0.119908698     -0.500000000    
          27          15   6.42770901E-02  0.121476792     -0.500000000    
          27          16  -2.07903702E-02  0.127454892     -0.500000000    
          27          17  -1.83554664E-02  0.145759016     -0.500000000    
          27          18   9.74718668E-03  0.178596660     -0.500000000    
          27          19   3.76436971E-02  0.192256808     -0.500000000    
          27          20  -8.74017701E-02  0.165775329     -0.500000000    
          27          21 -0.104688317      0.134023681     -0.500000000    
          27          22   3.46097983E-02  0.130569294     -0.500000000    
          27          23  0.257115126      0.141264185     -0.500000000    
          27          24  0.299146563      0.130858406     -0.500000000    
          27          25  0.186324760      0.101955347     -0.500000000    
          27          26   9.99581665E-02   9.62429419E-02 -0.500000000    
          27          27   2.48435326E-02  0.100010559     -0.500000000    
          27          28   1.13793127E-02  0.126435295     -0.500000000    
          27          29   7.44556189E-02  0.158085614     -0.500000000    
          27          30   7.42727071E-02  0.150224358     -0.500000000    
          27          31   5.52356057E-02  0.112047628     -0.500000000    
          27          32  0.106602021      0.113075778     -0.500000000    
          27          33  0.130935043      0.147273943     -0.500000000    
          28           1  -9.64680035E-03  0.138708130     -0.500000000    
          28           2  0.105065286      0.128445894     -0.500000000    
          28           3  0.339502573      0.112591632     -0.500000000    
          28           4  0.427401036      0.117906034     -0.500000000    
          28           5  0.231769696       7.43983090E-02 -0.500000000    
          28           6   5.73158897E-02   4.45155613E-02 -0.500000000    
          28           7  0.148026481       3.57366800E-02 -0.500000000    
          28           8  0.169116020       6.13698885E-02 -0.500000000    
          28           9   7.55349174E-02  0.108660065     -0.500000000    
          28          10  -1.73513591E-02  0.136660501     -0.500000000    
          28          11   1.78871723E-03  0.125128388     -0.500000000    
          28          12   2.75954809E-02  0.106168032     -0.500000000    
          28          13  0.217720732      0.106457412     -0.500000000    
          28          14  0.211844981      0.118066818     -0.500000000    
          28          15  0.117146216      0.115465246     -0.500000000    
          28          16   9.47383270E-02  0.123851314     -0.500000000    
          28          17  0.107850693      0.148245960     -0.500000000    
          28          18   9.52181816E-02  0.170150504     -0.500000000    
          28          19  0.112733543      0.179814041     -0.500000000    
          28          20   9.45584923E-02  0.164107785     -0.500000000    
          28          21  -5.76381804E-03  0.124765292     -0.500000000    
          28          22   6.75043417E-03  0.119898200     -0.500000000    
          28          23   6.32749647E-02  0.129003525     -0.500000000    
          28          24  0.119479664      0.149324715     -0.500000000    
          28          25  0.175887659      0.135645062     -0.500000000    
          28          26  0.110665865      0.129207134     -0.500000000    
          28          27   1.05267894E-02  0.126178086     -0.500000000    
          28          28  0.165969536      0.142695904     -0.500000000    
          28          29  0.172893345      0.159063771     -0.500000000    
          28          30  0.144356877      0.116873980     -0.500000000    
          28          31  0.143165708       5.24748974E-02 -0.500000000    
          28          32   2.51121018E-02   2.80120540E-02 -0.500000000    
          28          33   7.67001063E-02   3.84980775E-02 -0.500000000    
          29           1   8.80746096E-02   7.75060430E-02 -0.500000000    
          29           2  0.102595441       5.87206073E-02 -0.500000000    
          29           3  0.336294293       4.80441600E-02 -0.500000000    
          29           4  0.270065188       7.92796761E-02 -0.500000000    
          29           5  0.191064522       9.01724324E-02 -0.500000000    
          29           6  0.145827591       8.50593150E-02 -0.500000000    
          29           7  0.177178040       7.20016733E-02 -0.500000000    
          29           8  0.199717373       9.10288170E-02 -0.500000000    
          29           9  0.125550568      0.143291786     -0.500000000    
          29          10   3.85391638E-02  0.159557998     -0.500000000    
          29          11   8.36473927E-02  0.142383993     -0.500000000    
          29          12   7.76928812E-02  0.117181383     -0.500000000    
          29          13   9.32985172E-02  0.109405495     -0.500000000    
          29          14   8.15350413E-02  0.126579389     -0.500000000    
          29          15   8.46745521E-02  0.146190330     -0.500000000    
          29          16  0.102941319      0.148939654     -0.500000000    
          29          17  0.141420707      0.150896028     -0.500000000    
          29          18  0.113267623      0.165628791     -0.500000000    
          29          19   8.39705095E-02  0.176441267     -0.500000000    
          29          20   9.38664749E-02  0.154303297     -0.500000000    
          29          21  0.106323317      0.118202679     -0.500000000    
          29          22   3.62293050E-02  0.129446745     -0.500000000    
          29          23   6.56326441E-03  0.150656998     -0.500000000    
          29          24   9.01865140E-02  0.174815372     -0.500000000    
          29          25   8.86200741E-02  0.165082544     -0.500000000    
          29          26   8.07005465E-02  0.147303805     -0.500000000    
          29          27   7.39684775E-02  0.157532558     -0.500000000    
          29          28  0.172713161      0.158769473     -0.500000000    
          29          29   6.63767159E-02  0.129801393     -0.500000000    
          29          30   3.97343151E-02   4.84438166E-02 -0.500000000    
          29          31  0.102579840      -2.86291931E-02 -0.500000000    
          29          32  -5.87412491E-02  -4.33715396E-02 -0.500000000    
          29          33 -0.109877169      -1.84110906E-02 -0.500000000    
          30           1  0.107069515       1.42312981E-02 -0.500000000    
          30           2   8.71579051E-02   4.75437846E-03 -0.500000000    
          30           3  0.234218031      -3.38265672E-04 -0.500000000    
          30           4  0.160292253       3.11840344E-02 -0.500000000    
          30           5  0.212906674       7.22582191E-02 -0.500000000    
          30           6  0.211739510       9.29021686E-02 -0.500000000    
          30           7  0.131016776       9.23302546E-02 -0.500000000    
          30           8  0.182616860      0.122071765     -0.500000000    
          30           9  0.160906836      0.179472432     -0.500000000    
          30          10  0.147082686      0.180390149     -0.500000000    
          30          11   7.98055679E-02  0.166565523     -0.500000000    
          30          12   3.63495834E-02  0.148180619     -0.500000000    
          30          13   2.24850234E-02  0.133728325     -0.500000000    
          30          14  -1.19136479E-02  0.156333759     -0.500000000    
          30          15  -4.47028503E-02  0.183474213     -0.500000000    
          30          16  -4.27465588E-02  0.179683849     -0.500000000    
          30          17   1.51993716E-02  0.168568283     -0.500000000    
          30          18   8.00583959E-02  0.171731174     -0.500000000    
          30          19   8.95795152E-02  0.167882040     -0.500000000    
          30          20  0.137740135      0.152845219     -0.500000000    
          30          21  -1.19331451E-02  0.148583725     -0.500000000    
          30          22  -6.09415025E-02  0.172482267     -0.500000000    
          30          23   3.11122257E-02  0.191460297     -0.500000000    
          30          24   8.22618902E-02  0.198297307     -0.500000000    
          30          25   6.43767044E-02  0.192173898     -0.500000000    
          30          26   9.82781872E-02  0.166866049     -0.500000000    
          30          27   7.57746771E-02  0.149389714     -0.500000000    
          30          28  0.146794692      0.116266713     -0.500000000    
          30          29   4.19837125E-02   4.81546782E-02 -0.500000000    
          30          30   6.55809715E-02  -3.56083140E-02 -0.500000000    
          30          31  0.177450731     -0.101356693     -0.500000000    
          30          32   9.08869877E-02  -9.04818624E-02 -0.500000000    
          30          33  -4.40145172E-02  -3.90237123E-02 -0.500000000    
          31           1  0.105406687      -1.63834111E-03 -0.500000000    
          31           2  0.203466251      -5.58467442E-03 -0.500000000    
          31           3  0.271955669      -1.27554825E-02 -0.500000000    
          31           4  0.235729873       1.52594410E-02 -0.500000000    
          31           5  0.325786620       6.83981776E-02 -0.500000000    
          31           6  0.260882318      0.108623520     -0.500000000    
          31           7  0.116818681      0.128112495     -0.500000000    
          31           8  0.128337711      0.144276023     -0.500000000    
          31           9  0.167981699      0.192162037     -0.500000000    
          31          10  0.217744097      0.214178815     -0.500000000    
          31          11  0.250730664      0.209183618     -0.500000000    
          31          12  0.177368850      0.181813955     -0.500000000    
          31          13  0.120394245      0.164711699     -0.500000000    
          31          14   7.53918067E-02  0.196343422     -0.500000000    
          31          15   5.26009910E-02  0.237915412     -0.500000000    
          31          16  -5.95216639E-02  0.236584693     -0.500000000    
          31          17  -7.30282068E-02  0.216498688     -0.500000000    
          31          18  -3.93367112E-02  0.212926254     -0.500000000    
          31          19  -9.16780978E-02  0.202484578     -0.500000000    
          31          20   5.84674999E-04  0.190919757     -0.500000000    
          31          21  -2.13720053E-02  0.207397044     -0.500000000    
          31          22  -4.97323647E-02  0.246564940     -0.500000000    
          31          23   6.21792190E-02  0.255583405     -0.500000000    
          31          24  0.118741050      0.245648444     -0.500000000    
          31          25  -1.07638026E-03  0.207950339     -0.500000000    
          31          26  -4.39973641E-03  0.163441211     -0.500000000    
          31          27   5.80038391E-02  0.110953942     -0.500000000    
          31          28  0.147124738       5.16057573E-02 -0.500000000    
          31          29  0.105355725      -2.91743372E-02 -0.500000000    
          31          30  0.178536206     -0.101672612     -0.500000000    
          31          31  0.277113885     -0.132882372     -0.500000000    
          31          32  0.410626143      -9.43122506E-02 -0.500000000    
          31          33  0.227988958      -2.50979625E-02 -0.500000000    
          32           1 -0.250808328       2.35589538E-02 -0.500000000    
          32           2  0.144252762       2.38084234E-02 -0.500000000    
          32           3  0.322032928      -4.26081102E-03 -0.500000000    
          32           4  0.139888242       1.30813206E-02 -0.500000000    
          32           5  0.123262353       6.77593499E-02 -0.500000000    
          32           6  0.156387880      0.131235972     -0.500000000    
          32           7  0.194441363      0.173306361     -0.500000000    
          32           8  0.258487940      0.173298016     -0.500000000    
          32           9  0.167160481      0.191353187     -0.500000000    
          32          10  0.266624749      0.230170175     -0.500000000    
          32          11  0.261193156      0.248741850     -0.500000000    
          32          12   3.80319804E-02  0.214873001     -0.500000000    
          32          13   6.32694457E-04  0.187630504     -0.500000000    
          32          14   5.73393963E-02  0.223156542     -0.500000000    
          32          15   9.06315744E-02  0.282592267     -0.500000000    
          32          16   1.20301666E-02  0.295331329     -0.500000000    
          32          17  -8.19488019E-02  0.272827834     -0.500000000    
          32          18  -8.18906277E-02  0.265346915     -0.500000000    
          32          19  -6.21445850E-02  0.256606370     -0.500000000    
          32          20  -3.50852460E-02  0.241807565     -0.500000000    
          32          21  -3.21622640E-02  0.261887819     -0.500000000    
          32          22  -8.69818181E-02  0.319270402     -0.500000000    
          32          23   1.38636362E-02  0.336470902     -0.500000000    
          32          24   4.28384729E-02  0.301098943     -0.500000000    
          32          25  -3.81272137E-02  0.231320009     -0.500000000    
          32          26   7.97406882E-02  0.181438506     -0.500000000    
          32          27  0.111254461      0.111748487     -0.500000000    
          32          28   3.17656510E-02   2.68724393E-02 -0.500000000    
          32          29  -5.31633161E-02  -4.42934074E-02 -0.500000000    
          32          30   9.14603397E-02  -9.10901651E-02 -0.500000000    
          32          31  0.410536319      -9.45863277E-02 -0.500000000    
          32          32  0.418444365      -3.26579884E-02 -0.500000000    
          32          33  0.455909312       1.34927602E-02 -0.500000000    
          33           1  0.225500301       8.32811370E-02 -0.500000000    
          33           2  0.366680533       7.09385425E-02 -0.500000000    
          33           3  0.475443572       1.28115695E-02 -0.500000000    
          33           4  0.145117983       2.47701257E-02 -0.500000000    
          33           5  0.199129388       7.57660493E-02 -0.500000000    
          33           6  0.172681570      0.151821345     -0.500000000    
          33           7  0.254148036      0.204109251     -0.500000000    
          33           8  0.220286027      0.190761521     -0.500000000    
          33           9   3.33602428E-02  0.190416619     -0.500000000    
          33          10  0.192392364      0.243609458     -0.500000000    
          33          11  0.321718484      0.280640513     -0.500000000    
          33          12  0.171442270      0.248508617     -0.500000000    
          33          13   1.72838802E-03  0.213001534     -0.500000000    
          33          14  -4.11133021E-02  0.246094912     -0.500000000    
          33          15  -7.73047209E-02  0.307092071     -0.500000000    
          33          16  -2.91067474E-02  0.324532300     -0.500000000    
          33          17   1.96022447E-03  0.303050905     -0.500000000    
          33          18  -1.26178171E-02  0.285645455     -0.500000000    
          33          19  -6.87796175E-02  0.270667732     -0.500000000    
          33          20  -4.56788801E-02  0.269883752     -0.500000000    
          33          21   8.73523653E-02  0.309954613     -0.500000000    
          33          22   4.63761054E-02  0.371900231     -0.500000000    
          33          23   1.50639564E-02  0.386821955     -0.500000000    
          33          24  -5.26894368E-02  0.336233407     -0.500000000    
          33          25 -0.130505592      0.258662283     -0.500000000    
          33          26  0.136685416      0.213499680     -0.500000000    
          33          27  0.136145964      0.145735100     -0.500000000    
          33          28   8.59577134E-02   3.71311195E-02 -0.500000000    
          33          29  -9.89646837E-02  -1.96194053E-02 -0.500000000    
          33          30  -3.79055217E-02  -3.96741927E-02 -0.500000000    
          33          31  0.224243701      -2.52151601E-02 -0.500000000    
          33          32  0.447495252       1.31525798E-02 -0.500000000    
          33          33  0.835758686       3.81342210E-02 -0.500000000    
