           1           1  0.790660799      0.113578744     -0.500000000    
           1           2  0.586098492      0.119485594     -0.500000000    
           1           3  0.188731238       8.70519131E-02 -0.500000000    
           1           4  0.219440967       6.36306778E-02 -0.500000000    
           1           5   8.38289633E-02   7.78859332E-02 -0.500000000    
           1           6   8.78367126E-02  0.127977729     -0.500000000    
           1           7   5.60094565E-02  0.188898399     -0.500000000    
           1           8   1.23106083E-02  0.228485510     -0.500000000    
           1           9  -4.86193178E-03  0.218198732     -0.500000000    
           1          10   7.41010532E-04  0.139084160     -0.500000000    
           1          11  -3.64433676E-02  0.101754412     -0.500000000    
           1          12   2.14621797E-02   7.67515227E-02 -0.500000000    
           1          13  -7.31149465E-02   8.77460539E-02 -0.500000000    
           1          14  -5.34032881E-02  0.100468591     -0.500000000    
           1          15   4.29875664E-02  0.147531003     -0.500000000    
           1          16  0.131890878      0.197817370     -0.500000000    
           1          17  0.147902474      0.211041734     -0.500000000    
           1          18  0.108922198      0.209038317     -0.500000000    
           1          19  0.129889041      0.187719509     -0.500000000    
           1          20  0.154548898      0.155053183     -0.500000000    
           1          21  0.128258467      0.109532639     -0.500000000    
           1          22   9.54571292E-02   6.03823587E-02 -0.500000000    
           1          23   9.85000134E-02   4.95371185E-02 -0.500000000    
           1          24  0.170869857       4.42809388E-02 -0.500000000    
           1          25  0.186193839       5.45268096E-02 -0.500000000    
           1          26  0.133679941       1.86797064E-02 -0.500000000    
           1          27  0.168541551      -1.33521706E-02 -0.500000000    
           1          28  0.179049358      -7.47303292E-03 -0.500000000    
           1          29   9.34260637E-02   2.28520557E-02 -0.500000000    
           1          30   9.71259251E-02   9.05925781E-02 -0.500000000    
           1          31  0.109558932      0.168505445     -0.500000000    
           1          32  0.843072116      0.216081202     -0.500000000    
           1          33  0.718669534      0.183670357     -0.500000000    
           2           1  0.586793482      0.119483612     -0.500000000    
           2           2  0.211643293       9.85700861E-02 -0.500000000    
           2           3  0.186813697       4.62282188E-02 -0.500000000    
           2           4  0.147721142       1.95189957E-02 -0.500000000    
           2           5  0.153565437       2.62359809E-02 -0.500000000    
           2           6   4.22093756E-02   7.56258965E-02 -0.500000000    
           2           7  -8.27297941E-03  0.133911058     -0.500000000    
           2           8   2.08975784E-02  0.183018416     -0.500000000    
           2           9  -3.37002948E-02  0.204552963     -0.500000000    
           2          10  -3.99522521E-02  0.163214043     -0.500000000    
           2          11  -3.72411050E-02  0.131585538     -0.500000000    
           2          12   3.22681926E-02  0.102360934     -0.500000000    
           2          13   2.71882303E-02  0.115151726     -0.500000000    
           2          14  0.119919263      0.128095031     -0.500000000    
           2          15  0.157677814      0.161309674     -0.500000000    
           2          16  0.220029280      0.198407352     -0.500000000    
           2          17  0.197506696      0.205098510     -0.500000000    
           2          18  0.114537589      0.191484869     -0.500000000    
           2          19  0.112620801      0.161854967     -0.500000000    
           2          20  0.105239950      0.133633018     -0.500000000    
           2          21  0.150005788       9.66549888E-02 -0.500000000    
           2          22  0.141597301       5.21129481E-02 -0.500000000    
           2          23  0.105802305       6.84964657E-02 -0.500000000    
           2          24  0.191678703       9.18346718E-02 -0.500000000    
           2          25  0.231668919      0.100875236     -0.500000000    
           2          26  0.208266109       5.69498129E-02 -0.500000000    
           2          27  0.160937235       3.55821215E-02 -0.500000000    
           2          28  0.221190959       2.41526291E-02 -0.500000000    
           2          29  0.178746700       3.13805640E-02 -0.500000000    
           2          30  0.173201486       6.76473603E-02 -0.500000000    
           2          31  0.139579579      0.120182350     -0.500000000    
           2          32  0.459153593      0.163546264     -0.500000000    
           2          33  0.511941493      0.161965415     -0.500000000    
           3           1  0.189811051       8.70768651E-02 -0.500000000    
           3           2  0.187488005       4.62519675E-02 -0.500000000    
           3           3  0.131026089      -1.84952207E-02 -0.500000000    
           3           4  0.157655820      -2.68866904E-02 -0.500000000    
           3           5  0.109271795      -1.15103461E-02 -0.500000000    
           3           6   1.28618013E-02   3.47678997E-02 -0.500000000    
           3           7   2.08091922E-02   9.29176137E-02 -0.500000000    
           3           8   7.35349134E-02  0.125644937     -0.500000000    
           3           9   2.63978317E-02  0.136665240     -0.500000000    
           3          10  -6.97185472E-03  0.116071299     -0.500000000    
           3          11   1.38188554E-02  0.101271816     -0.500000000    
           3          12   5.49034029E-02   8.65567848E-02 -0.500000000    
           3          13  0.120130271      0.123836927     -0.500000000    
           3          14  0.162615180      0.147257522     -0.500000000    
           3          15   8.75894874E-02  0.163047895     -0.500000000    
           3          16   5.88978194E-02  0.183117434     -0.500000000    
           3          17   6.72419965E-02  0.194251761     -0.500000000    
           3          18  0.158233568      0.193573043     -0.500000000    
           3          19  0.209506467      0.163140908     -0.500000000    
           3          20   6.07115515E-02  0.116251215     -0.500000000    
           3          21   7.03988150E-02   6.65632114E-02 -0.500000000    
           3          22  0.102908976       1.38624357E-02 -0.500000000    
           3          23   5.35743050E-02   4.25870195E-02 -0.500000000    
           3          24   8.27727392E-02   8.53576511E-02 -0.500000000    
           3          25   7.50237629E-02  0.101668626     -0.500000000    
           3          26   5.24640158E-02   8.59788582E-02 -0.500000000    
           3          27   3.75948176E-02   6.89935461E-02 -0.500000000    
           3          28   3.71568240E-02   4.97429930E-02 -0.500000000    
           3          29   9.16225184E-03   3.40367556E-02 -0.500000000    
           3          30   2.90661715E-02   2.88765989E-02 -0.500000000    
           3          31  0.104778215       5.51261939E-02 -0.500000000    
           3          32  0.368291616      0.101690382     -0.500000000    
           3          33  0.400182515      0.118704170     -0.500000000    
           4           1  0.219777226       6.36707991E-02 -0.500000000    
           4           2  0.148028657       1.95596013E-02 -0.500000000    
           4           3  0.157874689      -2.68603060E-02 -0.500000000    
           4           4  0.383582681      -4.03961055E-02 -0.500000000    
           4           5  0.228312865      -2.43552644E-02 -0.500000000    
           4           6   1.69277918E-02   2.73981597E-02 -0.500000000    
           4           7  -6.03651665E-02   6.20220676E-02 -0.500000000    
           4           8  -5.04956357E-02   6.86529055E-02 -0.500000000    
           4           9  -2.83176303E-02   6.26641884E-02 -0.500000000    
           4          10   3.80893983E-02   3.55222151E-02 -0.500000000    
           4          11  0.161564171       3.00694853E-02 -0.500000000    
           4          12  0.132910058       4.89590578E-02 -0.500000000    
           4          13   9.61641595E-02  0.108335532     -0.500000000    
           4          14   9.27252769E-02  0.140953586     -0.500000000    
           4          15   3.13668698E-02  0.153456107     -0.500000000    
           4          16  -3.67959328E-02  0.163340464     -0.500000000    
           4          17  -5.55897430E-02  0.164049864     -0.500000000    
           4          18   9.22871754E-03  0.150234804     -0.500000000    
           4          19   4.70147431E-02  0.107739553     -0.500000000    
           4          20   7.32944757E-02   6.99976012E-02 -0.500000000    
           4          21  0.118276328       3.04163508E-02 -0.500000000    
           4          22   9.65384543E-02  -2.28624661E-02 -0.500000000    
           4          23   9.34274793E-02   3.17496387E-03 -0.500000000    
           4          24  0.132879212       4.27832827E-02 -0.500000000    
           4          25   5.05862311E-02   5.98339736E-02 -0.500000000    
           4          26  -3.35702524E-02   6.48109838E-02 -0.500000000    
           4          27 -0.109786935       5.88373430E-02 -0.500000000    
           4          28 -0.151902393       4.90950979E-02 -0.500000000    
           4          29   1.07331974E-02   1.92831084E-02 -0.500000000    
           4          30  0.181573153       4.27263696E-03 -0.500000000    
           4          31  0.224115327       9.87467356E-03 -0.500000000    
           4          32  0.530528069       2.79671717E-02 -0.500000000    
           4          33  0.513389468       3.63816954E-02 -0.500000000    
           5           1   8.36069137E-02   7.80155286E-02 -0.500000000    
           5           2  0.153155446       2.63962410E-02 -0.500000000    
           5           3  0.108804896      -1.13377636E-02 -0.500000000    
           5           4  0.228017285      -2.41990555E-02 -0.500000000    
           5           5  0.185979515      -6.95246155E-04 -0.500000000    
           5           6  0.210940465       5.79250157E-02 -0.500000000    
           5           7  0.164543629       6.59849942E-02 -0.500000000    
           5           8   5.70202880E-02   3.58684696E-02 -0.500000000    
           5           9   6.54929783E-03   5.99904172E-03 -0.500000000    
           5          10  0.115828060      -2.35783234E-02 -0.500000000    
           5          11  0.138048649      -3.51348589E-03 -0.500000000    
           5          12   6.34055063E-02   1.92682911E-02 -0.500000000    
           5          13  -8.85100570E-03   6.94609284E-02 -0.500000000    
           5          14   4.51160222E-02  0.110425770     -0.500000000    
           5          15  -6.07176917E-04  0.138588697     -0.500000000    
           5          16  -4.48004417E-02  0.147504792     -0.500000000    
           5          17   9.46990389E-04  0.131042376     -0.500000000    
           5          18  0.106816702      0.100564979     -0.500000000    
           5          19  0.105134182       4.56098504E-02 -0.500000000    
           5          20   7.88432881E-02   9.55291931E-03 -0.500000000    
           5          21   8.72078538E-02  -1.94017608E-02 -0.500000000    
           5          22   3.96383740E-03  -6.88080490E-02 -0.500000000    
           5          23   4.51577976E-02  -5.99421263E-02 -0.500000000    
           5          24   5.95658794E-02  -4.03187424E-02 -0.500000000    
           5          25   6.44779764E-03   9.86837316E-03 -0.500000000    
           5          26   1.95709709E-02   4.38540466E-02 -0.500000000    
           5          27   5.09487502E-02   7.02206641E-02 -0.500000000    
           5          28  -2.35055257E-02   8.55393559E-02 -0.500000000    
           5          29  -1.61723383E-02   4.54766080E-02 -0.500000000    
           5          30   7.72063732E-02   1.74155645E-02 -0.500000000    
           5          31  0.128715917       1.41591625E-03 -0.500000000    
           5          32  0.394768238       3.59783368E-03 -0.500000000    
           5          33  0.207360551       5.60465595E-03 -0.500000000    
           6           1   8.80004615E-02  0.128293991     -0.500000000    
           6           2   4.19929028E-02   7.59798884E-02 -0.500000000    
           6           3   1.25437882E-02   3.51430476E-02 -0.500000000    
           6           4   1.68141555E-02   2.77275406E-02 -0.500000000    
           6           5  0.210858285       5.81095330E-02 -0.500000000    
           6           6  0.385151029       9.97176841E-02 -0.500000000    
           6           7  0.324491650       8.65164846E-02 -0.500000000    
           6           8  0.160550714       2.80326400E-02 -0.500000000    
           6           9  0.101425126       1.33858062E-03 -0.500000000    
           6          10  0.122591816      -2.20150501E-02 -0.500000000    
           6          11   7.78201967E-02  -7.91836996E-03 -0.500000000    
           6          12   9.38808396E-02   1.21154645E-02 -0.500000000    
           6          13   3.58014777E-02   5.93227334E-02 -0.500000000    
           6          14   2.16741823E-02   9.91273224E-02 -0.500000000    
           6          15   3.30206417E-02  0.145654544     -0.500000000    
           6          16   7.29558542E-02  0.160531193     -0.500000000    
           6          17  0.119843192      0.133185655     -0.500000000    
           6          18  0.135139301       8.65197629E-02 -0.500000000    
           6          19  0.110686779       1.91031639E-02 -0.500000000    
           6          20  0.182470798      -3.72004062E-02 -0.500000000    
           6          21  0.277135581      -6.63357303E-02 -0.500000000    
           6          22  0.109062389      -9.48833078E-02 -0.500000000    
           6          23   8.64083692E-02  -9.08639729E-02 -0.500000000    
           6          24  -1.08878957E-02  -7.66038373E-02 -0.500000000    
           6          25   3.74580733E-02  -1.29018892E-02 -0.500000000    
           6          26  0.194385245       4.48965654E-02 -0.500000000    
           6          27  0.264605641       9.52711701E-02 -0.500000000    
           6          28  0.104954049      0.106153466     -0.500000000    
           6          29   4.73032072E-02   7.85696283E-02 -0.500000000    
           6          30   7.71366134E-02   7.22907558E-02 -0.500000000    
           6          31   8.86751115E-02   5.69036193E-02 -0.500000000    
           6          32  0.198632762       4.13601510E-02 -0.500000000    
           6          33   9.84417126E-02   1.81548521E-02 -0.500000000    
           7           1   5.55401258E-02  0.189340740     -0.500000000    
           7           2  -8.98380578E-03  0.134406745     -0.500000000    
           7           3   2.01298036E-02   9.34396461E-02 -0.500000000    
           7           4  -6.05621710E-02   6.24873005E-02 -0.500000000    
           7           5  0.164499268       6.63186759E-02 -0.500000000    
           7           6  0.324606389       8.66792575E-02 -0.500000000    
           7           7  0.314139009       7.77165443E-02 -0.500000000    
           7           8  0.147460490       2.70012002E-02 -0.500000000    
           7           9   3.06689367E-02   1.59856733E-02 -0.500000000    
           7          10   1.71613898E-02   1.40720597E-02 -0.500000000    
           7          11   4.32640053E-02   2.40595397E-02 -0.500000000    
           7          12   3.34913433E-02   5.30026816E-02 -0.500000000    
           7          13  0.119606435       9.81081426E-02 -0.500000000    
           7          14   1.11055756E-02  0.122078821     -0.500000000    
           7          15   2.71289647E-02  0.155076861     -0.500000000    
           7          16  0.149451390      0.182750419     -0.500000000    
           7          17  0.213140205      0.159761325     -0.500000000    
           7          18  0.116642162       8.91516432E-02 -0.500000000    
           7          19  0.109028950       1.92545075E-02 -0.500000000    
           7          20  0.295935988      -3.54598388E-02 -0.500000000    
           7          21  0.291737944      -6.11411370E-02 -0.500000000    
           7          22   7.71932676E-02  -7.97070041E-02 -0.500000000    
           7          23  -2.52330061E-02  -8.33880454E-02 -0.500000000    
           7          24   3.76722068E-02  -5.65732494E-02 -0.500000000    
           7          25   6.39403984E-02   1.03788096E-02 -0.500000000    
           7          26  0.264127076       6.24179579E-02 -0.500000000    
           7          27  0.260215163       9.37697887E-02 -0.500000000    
           7          28  0.111637414       9.89595354E-02 -0.500000000    
           7          29   8.11955631E-02  0.110384338     -0.500000000    
           7          30  0.158324108      0.139718071     -0.500000000    
           7          31  0.208781853      0.139307320     -0.500000000    
           7          32  0.114070378      0.114677906     -0.500000000    
           7          33  -3.29751596E-02   8.78093541E-02 -0.500000000    
           8           1   1.05241816E-02  0.229109839     -0.500000000    
           8           2   1.97300296E-02  0.183723196     -0.500000000    
           8           3   7.26586506E-02  0.126390532     -0.500000000    
           8           4  -5.09295464E-02   6.93019852E-02 -0.500000000    
           8           5   5.67873307E-02   3.63636464E-02 -0.500000000    
           8           6  0.160441503       2.83882972E-02 -0.500000000    
           8           7  0.147464424       2.71907691E-02 -0.500000000    
           8           8  -2.61791404E-02   1.05424756E-02 -0.500000000    
           8           9  -2.13085264E-02   1.41546633E-02 -0.500000000    
           8          10  0.126115054       4.79563884E-02 -0.500000000    
           8          11  0.146733552       6.22119084E-02 -0.500000000    
           8          12   4.69189659E-02  0.100561053     -0.500000000    
           8          13  0.106280304      0.129800692     -0.500000000    
           8          14   5.78085594E-02  0.134699583     -0.500000000    
           8          15  -2.35488750E-02  0.164489567     -0.500000000    
           8          16   1.97922774E-02  0.184143662     -0.500000000    
           8          17   7.27507919E-02  0.162331298     -0.500000000    
           8          18   4.19082902E-02  0.114536211     -0.500000000    
           8          19   1.91684309E-02   5.45697659E-02 -0.500000000    
           8          20  0.108506367       1.09091750E-03 -0.500000000    
           8          21  0.148683548      -2.27567852E-02 -0.500000000    
           8          22  0.101677254      -4.57302257E-02 -0.500000000    
           8          23  0.164800465      -5.54272085E-02 -0.500000000    
           8          24  0.234801233      -3.42890695E-02 -0.500000000    
           8          25  0.160720944       2.08429936E-02 -0.500000000    
           8          26  0.229535595       5.14403805E-02 -0.500000000    
           8          27   9.33526829E-02   5.84562719E-02 -0.500000000    
           8          28   4.23757639E-03   6.30685017E-02 -0.500000000    
           8          29  -1.16516612E-02   9.57360566E-02 -0.500000000    
           8          30   6.82355985E-02  0.155318290     -0.500000000    
           8          31  0.187639460      0.205312669     -0.500000000    
           8          32   2.80689709E-02  0.204665586     -0.500000000    
           8          33  -2.12847013E-02  0.184057280     -0.500000000    
           9           1  -7.52229663E-03  0.219036475     -0.500000000    
           9           2  -3.48598137E-02  0.205432892     -0.500000000    
           9           3   2.54938658E-02  0.137508512     -0.500000000    
           9           4  -2.91098729E-02   6.33107275E-02 -0.500000000    
           9           5   6.27844222E-03   6.48630224E-03 -0.500000000    
           9           6  0.101349197       1.75594538E-03 -0.500000000    
           9           7   3.08097713E-02   1.62947550E-02 -0.500000000    
           9           8  -2.13561468E-02   1.42972739E-02 -0.500000000    
           9           9  -4.38072495E-02   3.38464044E-02 -0.500000000    
           9          10   4.88559790E-02   9.30568874E-02 -0.500000000    
           9          11   9.63818431E-02  0.116575368     -0.500000000    
           9          12   4.77888398E-02  0.123413116     -0.500000000    
           9          13  0.110461883      0.130360976     -0.500000000    
           9          14  0.131159827      0.133976370     -0.500000000    
           9          15   6.55687898E-02  0.157307148     -0.500000000    
           9          16  -5.18814698E-02  0.174058482     -0.500000000    
           9          17  -3.29667702E-02  0.162698030     -0.500000000    
           9          18  -4.45472728E-03  0.128891543     -0.500000000    
           9          19   3.94844003E-02   7.94253647E-02 -0.500000000    
           9          20  -9.89286602E-03   4.22795154E-02 -0.500000000    
           9          21  -8.21198747E-02   3.77726220E-02 -0.500000000    
           9          22   7.98634440E-02   1.23385508E-02 -0.500000000    
           9          23  0.290665805      -1.24511644E-02 -0.500000000    
           9          24  0.296058208      -1.56273670E-03 -0.500000000    
           9          25  0.211340591       2.90896706E-02 -0.500000000    
           9          26  0.156925395       5.35649955E-02 -0.500000000    
           9          27   1.84818301E-02   4.68853451E-02 -0.500000000    
           9          28  -4.49329354E-02   3.30208242E-02 -0.500000000    
           9          29  -4.85496931E-02   4.98365015E-02 -0.500000000    
           9          30   8.51044618E-03  0.125282943     -0.500000000    
           9          31  0.197008803      0.208950683     -0.500000000    
           9          32  0.195378378      0.258169860     -0.500000000    
           9          33  0.219003141      0.258556336     -0.500000000    
          10           1  -2.89825257E-03  0.139981344     -0.500000000    
          10           2  -4.13732976E-02  0.164075628     -0.500000000    
          10           3  -8.05721246E-03  0.116837904     -0.500000000    
          10           4   3.70486639E-02   3.60546000E-02 -0.500000000    
          10           5  0.115261026      -2.32331101E-02 -0.500000000    
          10           6  0.122236609      -2.17203163E-02 -0.500000000    
          10           7   1.73236355E-02   1.43206986E-02 -0.500000000    
          10           8  0.125876427       4.81328741E-02 -0.500000000    
          10           9   4.84523475E-02   9.31531712E-02 -0.500000000    
          10          10  -1.71375424E-02  0.147836193     -0.500000000    
          10          11   4.32223752E-02  0.137908623     -0.500000000    
          10          12  0.139077768      0.102651402     -0.500000000    
          10          13  0.174979642       9.27478671E-02 -0.500000000    
          10          14  0.199356273       8.53592530E-02 -0.500000000    
          10          15   8.89196172E-02  0.114026658     -0.500000000    
          10          16  -3.18648443E-02  0.147294551     -0.500000000    
          10          17 -0.107027806      0.146635935     -0.500000000    
          10          18   5.16766729E-03  0.123323575     -0.500000000    
          10          19   2.38733217E-02   8.59362632E-02 -0.500000000    
          10          20   2.23964322E-02   6.70434013E-02 -0.500000000    
          10          21  -9.31437165E-02   7.92300999E-02 -0.500000000    
          10          22  -3.96390557E-02   5.64589240E-02 -0.500000000    
          10          23  0.141699106       1.77037325E-02 -0.500000000    
          10          24  0.170712039       2.37637460E-02 -0.500000000    
          10          25  0.151076183       4.18862849E-02 -0.500000000    
          10          26   3.75594534E-02   5.63263111E-02 -0.500000000    
          10          27  -1.41233597E-02   5.22848181E-02 -0.500000000    
          10          28   4.07492779E-02   3.30463499E-02 -0.500000000    
          10          29  -4.17971089E-02   3.54132950E-02 -0.500000000    
          10          30   1.74905285E-02  0.111632295     -0.500000000    
          10          31   4.14297469E-02  0.202075556     -0.500000000    
          10          32  0.132709265      0.262541324     -0.500000000    
          10          33  0.175092742      0.266504884     -0.500000000    
          11           1  -3.92684937E-02  0.102379642     -0.500000000    
          11           2  -3.83990519E-02  0.132167205     -0.500000000    
          11           3   1.31260045E-02  0.101786815     -0.500000000    
          11           4  0.160787642       3.04491688E-02 -0.500000000    
          11           5  0.137368128      -3.30018904E-03 -0.500000000    
          11           6   7.74719715E-02  -7.75730843E-03 -0.500000000    
          11           7   4.33601812E-02   2.42330898E-02 -0.500000000    
          11           8  0.146418393       6.24101460E-02 -0.500000000    
          11           9   9.60403457E-02  0.116773285     -0.500000000    
          11          10   4.33441177E-02  0.138017699     -0.500000000    
          11          11   8.17176327E-02   8.38714615E-02 -0.500000000    
          11          12  0.118216351       3.05509157E-02 -0.500000000    
          11          13  0.208819002       1.76488869E-02 -0.500000000    
          11          14  0.287394226       1.46968476E-02 -0.500000000    
          11          15  0.137051940       5.50062582E-02 -0.500000000    
          11          16   2.01821197E-02  0.111908652     -0.500000000    
          11          17  -1.00868521E-02  0.131077766     -0.500000000    
          11          18   2.90769897E-02  0.114935271     -0.500000000    
          11          19  0.185285136       9.21324044E-02 -0.500000000    
          11          20  0.131695643       7.15371966E-02 -0.500000000    
          11          21  -7.62705458E-03   7.29375035E-02 -0.500000000    
          11          22  -9.87073313E-03   3.71274687E-02 -0.500000000    
          11          23  -1.63696706E-04   1.55890854E-02 -0.500000000    
          11          24   5.55900820E-02   2.26255618E-02 -0.500000000    
          11          25   2.60130093E-02   3.14066298E-02 -0.500000000    
          11          26   9.44527797E-03   6.31628707E-02 -0.500000000    
          11          27   9.44870338E-02   8.17529336E-02 -0.500000000    
          11          28  0.138217866       6.74198046E-02 -0.500000000    
          11          29   1.26266172E-02   5.86260818E-02 -0.500000000    
          11          30   5.15941605E-02  0.105281197     -0.500000000    
          11          31  -1.06221922E-02  0.175065115     -0.500000000    
          11          32  0.113670483      0.232221439     -0.500000000    
          11          33   9.34543610E-02  0.252664089     -0.500000000    
          12           1   1.96183585E-02   7.71366656E-02 -0.500000000    
          12           2   3.14223021E-02  0.102739744     -0.500000000    
          12           3   5.45350611E-02   8.68929625E-02 -0.500000000    
          12           4  0.132506758       4.92006838E-02 -0.500000000    
          12           5   6.29494041E-02   1.93464197E-02 -0.500000000    
          12           6   9.36899483E-02   1.20891882E-02 -0.500000000    
          12           7   3.37113291E-02   5.29887676E-02 -0.500000000    
          12           8   4.67927717E-02  0.100644052     -0.500000000    
          12           9   4.75909598E-02  0.123603918     -0.500000000    
          12          10  0.138916641      0.102834970     -0.500000000    
          12          11  0.118142515       3.06861680E-02 -0.500000000    
          12          12  0.192332000      -4.83621582E-02 -0.500000000    
          12          13  0.201206878      -6.17017969E-02 -0.500000000    
          12          14  0.315230966      -4.43930142E-02 -0.500000000    
          12          15  0.195130095       9.88339633E-03 -0.500000000    
          12          16   5.41586243E-02   5.53382710E-02 -0.500000000    
          12          17  -1.42911421E-02   8.71851295E-02 -0.500000000    
          12          18   3.22588533E-02   9.81750712E-02 -0.500000000    
          12          19  0.164309978       8.17785263E-02 -0.500000000    
          12          20  0.107238650       6.03177585E-02 -0.500000000    
          12          21   4.89543006E-02   4.93712313E-02 -0.500000000    
          12          22  0.104348883       2.30047684E-02 -0.500000000    
          12          23  0.155836910       2.06581261E-02 -0.500000000    
          12          24   2.72626709E-02   2.89967041E-02 -0.500000000    
          12          25   5.12091909E-04   5.82586117E-02 -0.500000000    
          12          26   6.73536658E-02  0.102940612     -0.500000000    
          12          27  0.218550980      0.126569897     -0.500000000    
          12          28  0.306791514      0.115477800     -0.500000000    
          12          29  0.151386738      0.111351691     -0.500000000    
          12          30  0.118326791      0.116430774     -0.500000000    
          12          31   2.21515261E-02  0.158000529     -0.500000000    
          12          32  0.171604812      0.209068999     -0.500000000    
          12          33  0.156385988      0.225992382     -0.500000000    
          13           1  -7.29838014E-02   8.80383179E-02 -0.500000000    
          13           2   2.73364838E-02  0.115487225     -0.500000000    
          13           3  0.120245107      0.124172650     -0.500000000    
          13           4   9.63446572E-02  0.108596511     -0.500000000    
          13           5  -8.75465199E-03   6.95837289E-02 -0.500000000    
          13           6   3.59076113E-02   5.92871495E-02 -0.500000000    
          13           7  0.120071746       9.79870111E-02 -0.500000000    
          13           8  0.106915034      0.129746422     -0.500000000    
          13           9  0.110872671      0.130422294     -0.500000000    
          13          10  0.174857080       9.28648636E-02 -0.500000000    
          13          11  0.208359167       1.78096723E-02 -0.500000000    
          13          12  0.200747952      -6.15611412E-02 -0.500000000    
          13          13  0.136616230     -0.110954933     -0.500000000    
          13          14  0.143207833      -9.43891853E-02 -0.500000000    
          13          15  0.181677580      -3.54644693E-02 -0.500000000    
          13          16   1.07853021E-02   1.62616391E-02 -0.500000000    
          13          17  -6.48486763E-02   4.87258919E-02 -0.500000000    
          13          18  -2.12303419E-02   5.89686260E-02 -0.500000000    
          13          19  -4.48884778E-02   5.67612350E-02 -0.500000000    
          13          20   1.66196954E-02   6.66879416E-02 -0.500000000    
          13          21   7.82284290E-02   5.64832836E-02 -0.500000000    
          13          22   9.89702344E-02   3.83309871E-02 -0.500000000    
          13          23  0.144078419       3.25621255E-02 -0.500000000    
          13          24  0.122096136       4.93539572E-02 -0.500000000    
          13          25   3.89663354E-02   8.00357461E-02 -0.500000000    
          13          26  0.133447707      0.117883012     -0.500000000    
          13          27  0.106849045      0.145218030     -0.500000000    
          13          28  0.206033081      0.142321378     -0.500000000    
          13          29  0.247125283      0.154946700     -0.500000000    
          13          30  0.176682249      0.146526366     -0.500000000    
          13          31   5.52705489E-02  0.155063197     -0.500000000    
          13          32  0.171531171      0.183413222     -0.500000000    
          13          33  0.225480273      0.189608231     -0.500000000    
          14           1  -5.20578995E-02  0.100999884     -0.500000000    
          14           2  0.120809413      0.128594145     -0.500000000    
          14           3  0.163038224      0.147678286     -0.500000000    
          14           4   9.30422395E-02  0.141258568     -0.500000000    
          14           5   4.51107286E-02  0.110585250     -0.500000000    
          14           6   2.17893887E-02   9.91388261E-02 -0.500000000    
          14           7   1.13612739E-02  0.121975571     -0.500000000    
          14           8   5.85791692E-02  0.134565443     -0.500000000    
          14           9  0.131869555      0.133875921     -0.500000000    
          14          10  0.199348941       8.53260979E-02 -0.500000000    
          14          11  0.286796063       1.47691621E-02 -0.500000000    
          14          12  0.314399928      -4.42409068E-02 -0.500000000    
          14          13  0.142787114      -9.42840576E-02 -0.500000000    
          14          14  -1.70616098E-02  -8.42339173E-02 -0.500000000    
          14          15  -2.83643510E-02  -3.25339362E-02 -0.500000000    
          14          16   3.99194434E-02   2.72543114E-02 -0.500000000    
          14          17   5.01426198E-02   6.96276128E-02 -0.500000000    
          14          18  -3.80055457E-02   6.18716218E-02 -0.500000000    
          14          19  -4.90140319E-02   6.21421002E-02 -0.500000000    
          14          20   4.11458910E-02   7.21659213E-02 -0.500000000    
          14          21  0.152922377       7.10401982E-02 -0.500000000    
          14          22  0.134803042       5.93789555E-02 -0.500000000    
          14          23   3.92173976E-02   4.51309010E-02 -0.500000000    
          14          24   5.07542863E-02   4.79393005E-02 -0.500000000    
          14          25   9.82559025E-02   7.09012821E-02 -0.500000000    
          14          26   4.80450168E-02  0.106668204     -0.500000000    
          14          27  -1.49149233E-02  0.144414797     -0.500000000    
          14          28   5.34489490E-02  0.160145447     -0.500000000    
          14          29  0.170722976      0.171775743     -0.500000000    
          14          30  0.138800472      0.161702812     -0.500000000    
          14          31   1.09316818E-02  0.154343769     -0.500000000    
          14          32   3.76166627E-02  0.160980165     -0.500000000    
          14          33  0.196891204      0.158122569     -0.500000000    
          15           1   4.37303707E-02  0.148348451     -0.500000000    
          15           2  0.158151090      0.161979556     -0.500000000    
          15           3   8.76737535E-02  0.163457587     -0.500000000    
          15           4   3.11086643E-02  0.153680906     -0.500000000    
          15           5  -1.38180493E-03  0.138648525     -0.500000000    
          15           6   3.23484354E-02  0.145600975     -0.500000000    
          15           7   2.66764984E-02  0.154993907     -0.500000000    
          15           8  -2.33666580E-02  0.164352059     -0.500000000    
          15           9   6.61742091E-02  0.157082587     -0.500000000    
          15          10   8.92406628E-02  0.113798298     -0.500000000    
          15          11  0.136954039       5.48781864E-02 -0.500000000    
          15          12  0.194452345       9.92465485E-03 -0.500000000    
          15          13  0.180904463      -3.53267156E-02 -0.500000000    
          15          14  -2.86435746E-02  -3.24004740E-02 -0.500000000    
          15          15  -3.53916883E-02   1.33569809E-02 -0.500000000    
          15          16  0.168451354       5.70781156E-02 -0.500000000    
          15          17  0.196240261       7.87905604E-02 -0.500000000    
          15          18   6.65106773E-02   8.98728892E-02 -0.500000000    
          15          19  -3.65217924E-02   7.61294216E-02 -0.500000000    
          15          20   7.41541833E-02   6.54563978E-02 -0.500000000    
          15          21  0.231642976       6.98954836E-02 -0.500000000    
          15          22  0.166657090       8.40902328E-02 -0.500000000    
          15          23   1.29744411E-03   8.36577863E-02 -0.500000000    
          15          24   1.10652335E-02   8.55115056E-02 -0.500000000    
          15          25   2.84899212E-02  0.112419225     -0.500000000    
          15          26   3.69367972E-02  0.145313457     -0.500000000    
          15          27   1.85844749E-02  0.177237883     -0.500000000    
          15          28   5.29533513E-02  0.197683707     -0.500000000    
          15          29   3.74232456E-02  0.192784086     -0.500000000    
          15          30  0.117676213      0.184847027     -0.500000000    
          15          31  -2.67765336E-02  0.175352052     -0.500000000    
          15          32  -4.56626676E-02  0.175861865     -0.500000000    
          15          33  0.137460083      0.168814778     -0.500000000    
          16           1  0.132018760      0.198711500     -0.500000000    
          16           2  0.220167696      0.199132293     -0.500000000    
          16           3   5.90589531E-02  0.183567807     -0.500000000    
          16           4  -3.66878211E-02  0.163534611     -0.500000000    
          16           5  -4.50785793E-02  0.147479698     -0.500000000    
          16           6   7.20385388E-02  0.160353824     -0.500000000    
          16           7  0.148344129      0.182537094     -0.500000000    
          16           8   1.89154390E-02  0.183929414     -0.500000000    
          16           9  -5.21924645E-02  0.173755273     -0.500000000    
          16          10  -3.16139199E-02  0.146918163     -0.500000000    
          16          11   2.02669017E-02  0.111576065     -0.500000000    
          16          12   5.40440679E-02   5.51702008E-02 -0.500000000    
          16          13   1.05926208E-02   1.62913762E-02 -0.500000000    
          16          14   3.95372771E-02   2.74074897E-02 -0.500000000    
          16          15  0.168339238       5.72543368E-02 -0.500000000    
          16          16  0.391704887       7.92189389E-02 -0.500000000    
          16          17  0.374517828       9.33883786E-02 -0.500000000    
          16          18  0.134979799       8.76561031E-02 -0.500000000    
          16          19  -4.75577191E-02   7.53713548E-02 -0.500000000    
          16          20   1.87271368E-03   5.31086661E-02 -0.500000000    
          16          21  0.188330859       5.38225435E-02 -0.500000000    
          16          22  0.268359900      0.101318225     -0.500000000    
          16          23  0.100298911      0.132746026     -0.500000000    
          16          24   4.26188745E-02  0.152802303     -0.500000000    
          16          25   5.96347265E-02  0.193529546     -0.500000000    
          16          26  0.109603420      0.220626682     -0.500000000    
          16          27  0.146195814      0.219793364     -0.500000000    
          16          28   1.76333636E-02  0.214203358     -0.500000000    
          16          29  -4.98028770E-02  0.209892660     -0.500000000    
          16          30   7.86634982E-02  0.215904713     -0.500000000    
          16          31   5.16946204E-02  0.214915514     -0.500000000    
          16          32   1.76756773E-02  0.210325316     -0.500000000    
          16          33  0.116818681      0.200634778     -0.500000000    
          17           1  0.145476699      0.211522907     -0.500000000    
          17           2  0.195624650      0.205560744     -0.500000000    
          17           3   6.64572939E-02  0.194712833     -0.500000000    
          17           4  -5.56224734E-02  0.164422810     -0.500000000    
          17           5   1.77070743E-03  0.131281182     -0.500000000    
          17           6  0.120407663      0.133199945     -0.500000000    
          17           7  0.212987840      0.159561828     -0.500000000    
          17           8   7.23005980E-02  0.162013248     -0.500000000    
          17           9  -3.32618952E-02  0.162298188     -0.500000000    
          17          10 -0.107295074      0.146175817     -0.500000000    
          17          11  -1.00862542E-02  0.130594179     -0.500000000    
          17          12  -1.41440490E-02   8.67955089E-02 -0.500000000    
          17          13  -6.48890808E-02   4.85369079E-02 -0.500000000    
          17          14   4.97660264E-02   6.95911720E-02 -0.500000000    
          17          15  0.196119845       7.89284036E-02 -0.500000000    
          17          16  0.375081182       9.35762748E-02 -0.500000000    
          17          17  0.452724278       8.75403211E-02 -0.500000000    
          17          18  0.154780641       5.90765700E-02 -0.500000000    
          17          19  -4.87258546E-02   4.13724892E-02 -0.500000000    
          17          20   3.61167863E-02   2.05119271E-02 -0.500000000    
          17          21  0.209721833       3.24444212E-02 -0.500000000    
          17          22  0.283649325      0.100653432     -0.500000000    
          17          23  0.204446003      0.145748168     -0.500000000    
          17          24  0.101897798      0.194630235     -0.500000000    
          17          25   7.79985264E-02  0.232008561     -0.500000000    
          17          26   9.99863595E-02  0.251862109     -0.500000000    
          17          27  0.163926035      0.225207224     -0.500000000    
          17          28  -4.87204231E-02  0.202184036     -0.500000000    
          17          29  -7.01972395E-02  0.209202737     -0.500000000    
          17          30  -2.24859416E-02  0.237322584     -0.500000000    
          17          31  0.130287796      0.250509918     -0.500000000    
          17          32  0.147080421      0.240841419     -0.500000000    
          17          33  0.132188782      0.235959396     -0.500000000    
          18           1  0.104848541      0.208371758     -0.500000000    
          18           2  0.111202426      0.190823913     -0.500000000    
          18           3  0.155592665      0.193063229     -0.500000000    
          18           4   7.06921611E-03  0.149966702     -0.500000000    
          18           5  0.105689362      0.100576647     -0.500000000    
          18           6  0.135140374       8.66560265E-02 -0.500000000    
          18           7  0.117257118       8.91647860E-02 -0.500000000    
          18           8   4.21081595E-02  0.114322826     -0.500000000    
          18           9  -4.43352293E-03  0.128543332     -0.500000000    
          18          10   5.30769257E-03  0.122955084     -0.500000000    
          18          11   2.92146336E-02  0.114472114     -0.500000000    
          18          12   3.24094594E-02   9.76293385E-02 -0.500000000    
          18          13  -2.13307384E-02   5.85095957E-02 -0.500000000    
          18          14  -3.84048447E-02   6.15857691E-02 -0.500000000    
          18          15   6.64413869E-02   8.97735059E-02 -0.500000000    
          18          16  0.135147914       8.77799690E-02 -0.500000000    
          18          17  0.155240148       5.92438877E-02 -0.500000000    
          18          18   9.59279835E-02   2.81699188E-02 -0.500000000    
          18          19   6.07473105E-02  -1.55727807E-02 -0.500000000    
          18          20  0.173078716      -2.64486205E-02 -0.500000000    
          18          21  0.225475341      -5.36094420E-03 -0.500000000    
          18          22  0.232197404       5.19642271E-02 -0.500000000    
          18          23  0.188508883      0.114353813     -0.500000000    
          18          24   9.26665962E-02  0.168371171     -0.500000000    
          18          25   3.65738794E-02  0.190659791     -0.500000000    
          18          26  -5.99824078E-03  0.186888143     -0.500000000    
          18          27   3.70643772E-02  0.163368866     -0.500000000    
          18          28  -5.84229194E-02  0.165201157     -0.500000000    
          18          29  -3.60048562E-02  0.179332167     -0.500000000    
          18          30  -2.34142635E-02  0.226694614     -0.500000000    
          18          31  0.157974720      0.245970011     -0.500000000    
          18          32  0.234763056      0.234772772     -0.500000000    
          18          33  0.169521198      0.242457673     -0.500000000    
          19           1  0.133447826      0.187431172     -0.500000000    
          19           2  0.116270162      0.161514923     -0.500000000    
          19           3  0.212671027      0.162650779     -0.500000000    
          19           4   4.95935567E-02  0.107137822     -0.500000000    
          19           5  0.106387846       4.49517034E-02 -0.500000000    
          19           6  0.110796250       1.85684673E-02 -0.500000000    
          19           7  0.108370498       1.89494062E-02 -0.500000000    
          19           8   1.90671682E-02   5.44207692E-02 -0.500000000    
          19           9   3.96214165E-02   7.93252736E-02 -0.500000000    
          19          10   2.36356147E-02   8.58408436E-02 -0.500000000    
          19          11  0.185666025       9.19576883E-02 -0.500000000    
          19          12  0.164789274       8.13675895E-02 -0.500000000    
          19          13  -4.45166603E-02   5.61488084E-02 -0.500000000    
          19          14  -4.92839850E-02   6.15801848E-02 -0.500000000    
          19          15  -3.69142033E-02   7.57611692E-02 -0.500000000    
          19          16  -4.77330014E-02   7.51933604E-02 -0.500000000    
          19          17  -4.87385392E-02   4.14386094E-02 -0.500000000    
          19          18   6.11650199E-02  -1.54480636E-02 -0.500000000    
          19          19  0.145275906      -4.88475300E-02 -0.500000000    
          19          20  0.216173708      -6.90846294E-02 -0.500000000    
          19          21  0.151409239      -5.43800592E-02 -0.500000000    
          19          22  0.157117531      -1.38315815E-03 -0.500000000    
          19          23   2.79198065E-02   5.37856296E-02 -0.500000000    
          19          24   4.66520265E-02   8.34529698E-02 -0.500000000    
          19          25   7.74795711E-02   9.40749422E-02 -0.500000000    
          19          26   3.90854850E-02   8.38889629E-02 -0.500000000    
          19          27   3.48288529E-02   7.20349029E-02 -0.500000000    
          19          28  -9.24136862E-02   8.49942565E-02 -0.500000000    
          19          29   2.85894843E-04  0.120882913     -0.500000000    
          19          30   4.63495255E-02  0.177511886     -0.500000000    
          19          31  0.183031335      0.200412840     -0.500000000    
          19          32  0.230299637      0.186909974     -0.500000000    
          19          33  0.167736515      0.194556564     -0.500000000    
          20           1  0.154932261      0.155187458     -0.500000000    
          20           2  0.105156705      0.133817494     -0.500000000    
          20           3   6.18073009E-02  0.116385788     -0.500000000    
          20           4   7.55211115E-02   7.00677559E-02 -0.500000000    
          20           5   8.12175721E-02   9.46040452E-03 -0.500000000    
          20           6  0.185521096      -3.75804603E-02 -0.500000000    
          20           7  0.298393667      -3.61121222E-02 -0.500000000    
          20           8  0.107965812       4.46081656E-04 -0.500000000    
          20           9  -1.12573411E-02   4.20585349E-02 -0.500000000    
          20          10   2.21638512E-02   6.72153831E-02 -0.500000000    
          20          11  0.131444722       7.16868415E-02 -0.500000000    
          20          12  0.107834071       6.02290444E-02 -0.500000000    
          20          13   1.74201131E-02   6.62856549E-02 -0.500000000    
          20          14   4.17535715E-02   7.15602860E-02 -0.500000000    
          20          15   7.37741068E-02   6.48238212E-02 -0.500000000    
          20          16   1.47543976E-03   5.26444688E-02 -0.500000000    
          20          17   3.61705795E-02   2.03389544E-02 -0.500000000    
          20          18  0.173151091      -2.63435300E-02 -0.500000000    
          20          19  0.216242447      -6.89203665E-02 -0.500000000    
          20          20   4.95575517E-02  -8.43128487E-02 -0.500000000    
          20          21  0.116041884      -7.94197991E-02 -0.500000000    
          20          22  0.118580222      -3.41185406E-02 -0.500000000    
          20          23   9.47039649E-02   8.13775137E-03 -0.500000000    
          20          24  0.123399064       2.51500104E-02 -0.500000000    
          20          25  0.138863489       1.64738353E-02 -0.500000000    
          20          26  0.236257985       1.97297428E-03 -0.500000000    
          20          27  0.158499122      -1.28916213E-02 -0.500000000    
          20          28   2.42907144E-02   5.67796826E-03 -0.500000000    
          20          29   8.37772936E-02   7.04915375E-02 -0.500000000    
          20          30  0.117618024      0.124539182     -0.500000000    
          20          31  0.159981936      0.147858322     -0.500000000    
          20          32   8.72847140E-02  0.145867974     -0.500000000    
          20          33   5.83053268E-02  0.141038314     -0.500000000    
          21           1  0.124319233      0.109764740     -0.500000000    
          21           2  0.145608470       9.69621614E-02 -0.500000000    
          21           3   6.71536028E-02   6.68907762E-02 -0.500000000    
          21           4  0.117134348       3.06704082E-02 -0.500000000    
          21           5   8.70862305E-02  -1.92087647E-02 -0.500000000    
          21           6  0.277542859      -6.62848800E-02 -0.500000000    
          21           7  0.292747170      -6.12814836E-02 -0.500000000    
          21           8  0.151551500      -2.31716633E-02 -0.500000000    
          21           9  -8.16735178E-02   3.70659791E-02 -0.500000000    
          21          10  -9.55723077E-02   7.89118782E-02 -0.500000000    
          21          11  -8.13700259E-03   7.31473491E-02 -0.500000000    
          21          12   4.85829264E-02   4.95595597E-02 -0.500000000    
          21          13   7.84869269E-02   5.64218424E-02 -0.500000000    
          21          14  0.154014617       7.06310049E-02 -0.500000000    
          21          15  0.232523188       6.92570657E-02 -0.500000000    
          21          16  0.188253999       5.32123558E-02 -0.500000000    
          21          17  0.209658742       3.21095474E-02 -0.500000000    
          21          18  0.225450903      -5.35522727E-03 -0.500000000    
          21          19  0.151051745      -5.41648157E-02 -0.500000000    
          21          20  0.115831494      -7.92312250E-02 -0.500000000    
          21          21  0.147293016      -7.06389397E-02 -0.500000000    
          21          22  0.177513376      -4.29502130E-02 -0.500000000    
          21          23  0.219673321       4.09659371E-03 -0.500000000    
          21          24  0.184753045       3.07007115E-02 -0.500000000    
          21          25  0.167624995       6.72460720E-03 -0.500000000    
          21          26  0.229478449      -3.67714912E-02 -0.500000000    
          21          27  0.178174272      -4.49951477E-02 -0.500000000    
          21          28  0.157889664      -2.05105972E-02 -0.500000000    
          21          29  0.151080564       4.56825718E-02 -0.500000000    
          21          30  0.292053819       8.91351402E-02 -0.500000000    
          21          31  0.184133887      0.109538324     -0.500000000    
          21          32   1.32648638E-02  0.134517133     -0.500000000    
          21          33  -3.53802517E-02  0.134917602     -0.500000000    
          22           1   9.46212783E-02   6.05929419E-02 -0.500000000    
          22           2  0.140743107       5.23829125E-02 -0.500000000    
          22           3  0.101343885       1.42168906E-02 -0.500000000    
          22           4   9.39013809E-02  -2.24501677E-02 -0.500000000    
          22           5   1.62372738E-03  -6.84215575E-02 -0.500000000    
          22           6  0.108039685      -9.46560279E-02 -0.500000000    
          22           7   7.74528310E-02  -7.96953663E-02 -0.500000000    
          22           8  0.101894714      -4.57490049E-02 -0.500000000    
          22           9   8.24058354E-02   1.21262632E-02 -0.500000000    
          22          10  -3.87080871E-02   5.57437688E-02 -0.500000000    
          22          11  -1.26580000E-02   3.67218964E-02 -0.500000000    
          22          12  0.103514552       2.31870990E-02 -0.500000000    
          22          13   9.83810648E-02   3.85038480E-02 -0.500000000    
          22          14  0.135003284       5.92368208E-02 -0.500000000    
          22          15  0.168082044       8.36722776E-02 -0.500000000    
          22          16  0.269401222      0.100831598     -0.500000000    
          22          17  0.283789694      0.100307658     -0.500000000    
          22          18  0.231561542       5.18723316E-02 -0.500000000    
          22          19  0.156656280      -1.26567890E-03 -0.500000000    
          22          20  0.118347421      -3.39202508E-02 -0.500000000    
          22          21  0.177329898      -4.28219475E-02 -0.500000000    
          22          22  0.244933099      -4.80240621E-02 -0.500000000    
          22          23  0.184499919       1.57397974E-03 -0.500000000    
          22          24  0.232221141       2.76979282E-02 -0.500000000    
          22          25  0.172352284      -4.92629409E-03 -0.500000000    
          22          26  0.105419621      -3.28728147E-02 -0.500000000    
          22          27   5.02420887E-02  -2.93918010E-02 -0.500000000    
          22          28  0.148105934      -1.31611638E-02 -0.500000000    
          22          29  0.139073342       2.82865111E-02 -0.500000000    
          22          30  0.228815079       6.00105897E-02 -0.500000000    
          22          31  0.168785334       8.92438591E-02 -0.500000000    
          22          32  0.119898021      0.129736677     -0.500000000    
          22          33   1.02228364E-02  0.155616105     -0.500000000    
          23           1   9.78730693E-02   4.98650074E-02 -0.500000000    
          23           2  0.106004618       6.89536557E-02 -0.500000000    
          23           3   5.38317338E-02   4.31379862E-02 -0.500000000    
          23           4   9.27324966E-02   3.71546298E-03 -0.500000000    
          23           5   4.40357104E-02  -5.93979061E-02 -0.500000000    
          23           6   8.43650997E-02  -9.03126001E-02 -0.500000000    
          23           7  -2.63267159E-02  -8.30171108E-02 -0.500000000    
          23           8  0.164698049      -5.51952310E-02 -0.500000000    
          23           9  0.291705072      -1.22698089E-02 -0.500000000    
          23          10  0.144918859       1.75053477E-02 -0.500000000    
          23          11   4.33251262E-06   1.47907883E-02 -0.500000000    
          23          12  0.153075144       2.02148128E-02 -0.500000000    
          23          13  0.143136919       3.26924995E-02 -0.500000000    
          23          14   3.89337614E-02   4.52271178E-02 -0.500000000    
          23          15   1.91097427E-03   8.35431442E-02 -0.500000000    
          23          16  0.101643227      0.132538170     -0.500000000    
          23          17  0.205038309      0.145530105     -0.500000000    
          23          18  0.187750623      0.114227287     -0.500000000    
          23          19   2.72540189E-02   5.37998490E-02 -0.500000000    
          23          20   9.45965573E-02   8.26748367E-03 -0.500000000    
          23          21  0.219628066       4.19176556E-03 -0.500000000    
          23          22  0.184235245       1.62359979E-03 -0.500000000    
          23          23  0.178629294       1.83533318E-02 -0.500000000    
          23          24  0.260396004       3.35964784E-02 -0.500000000    
          23          25  0.255099684       1.65033955E-02 -0.500000000    
          23          26   4.00621444E-02   1.89184211E-05 -0.500000000    
          23          27  -2.12867074E-02   1.31854722E-02 -0.500000000    
          23          28  0.106100179       3.26401256E-02 -0.500000000    
          23          29   8.60673934E-02   4.81736027E-02 -0.500000000    
          23          30   4.21805680E-02   8.51457268E-02 -0.500000000    
          23          31  -5.80077171E-02  0.119854227     -0.500000000    
          23          32   3.12463380E-02  0.131082684     -0.500000000    
          23          33   2.17973837E-03  0.157913402     -0.500000000    
          24           1  0.170426354       4.46344279E-02 -0.500000000    
          24           2  0.192554176       9.23301950E-02 -0.500000000    
          24           3   8.40380788E-02   8.59725252E-02 -0.500000000    
          24           4  0.132784873       4.33924682E-02 -0.500000000    
          24           5   5.71522042E-02  -3.96799669E-02 -0.500000000    
          24           6  -1.33069362E-02  -7.58682787E-02 -0.500000000    
          24           7   3.42738219E-02  -5.57747632E-02 -0.500000000    
          24           8  0.230460525      -3.35509963E-02 -0.500000000    
          24           9  0.294050246      -1.05553912E-03 -0.500000000    
          24          10  0.172300503       2.39801016E-02 -0.500000000    
          24          11   5.99598363E-02   2.22916137E-02 -0.500000000    
          24          12   2.67465748E-02   2.80831009E-02 -0.500000000    
          24          13  0.120108366       4.89325412E-02 -0.500000000    
          24          14   4.99706790E-02   4.80537899E-02 -0.500000000    
          24          15   1.09864874E-02   8.56708437E-02 -0.500000000    
          24          16   4.33922298E-02  0.152902991     -0.500000000    
          24          17  0.102484420      0.194654211     -0.500000000    
          24          18   9.23502073E-02  0.168302521     -0.500000000    
          24          19   4.59720977E-02   8.33719745E-02 -0.500000000    
          24          20  0.123309553       2.51751691E-02 -0.500000000    
          24          21  0.185101762       3.07195205E-02 -0.500000000    
          24          22  0.232435212       2.77197417E-02 -0.500000000    
          24          23  0.260606557       3.36565524E-02 -0.500000000    
          24          24  0.267596126       5.42613119E-02 -0.500000000    
          24          25  0.279894114       6.48008063E-02 -0.500000000    
          24          26  0.128322899       6.99028149E-02 -0.500000000    
          24          27   2.86361389E-02   7.17058852E-02 -0.500000000    
          24          28   5.90138361E-02   8.10000524E-02 -0.500000000    
          24          29   2.54618507E-02   8.83521363E-02 -0.500000000    
          24          30  -8.48311372E-03  0.123161100     -0.500000000    
          24          31  -6.94690570E-02  0.141604185     -0.500000000    
          24          32   2.68680733E-02  0.119387746     -0.500000000    
          24          33   3.86517346E-02  0.113104023     -0.500000000    
          25           1  0.187735155       5.51133491E-02 -0.500000000    
          25           2  0.232374713      0.101574764     -0.500000000    
          25           3   7.57092088E-02  0.102505565     -0.500000000    
          25           4   5.10701463E-02   6.05824292E-02 -0.500000000    
          25           5   5.05937170E-03   1.04679614E-02 -0.500000000    
          25           6   3.57054211E-02  -1.22441445E-02 -0.500000000    
          25           7   6.04302548E-02   1.12338867E-02 -0.500000000    
          25           8  0.154400483       2.17719115E-02 -0.500000000    
          25           9  0.206054181       2.99699288E-02 -0.500000000    
          25          10  0.149620563       4.25104499E-02 -0.500000000    
          25          11   2.79080085E-02   3.16649750E-02 -0.500000000    
          25          12   5.15310559E-03   5.76475002E-02 -0.500000000    
          25          13   3.60269137E-02   7.91223869E-02 -0.500000000    
          25          14   9.67218056E-02   7.06302598E-02 -0.500000000    
          25          15   2.79934052E-02  0.112660073     -0.500000000    
          25          16   5.96168861E-02  0.193852797     -0.500000000    
          25          17   7.82130435E-02  0.232225955     -0.500000000    
          25          18   3.65376808E-02  0.190707803     -0.500000000    
          25          19   7.67193437E-02   9.39648449E-02 -0.500000000    
          25          20  0.138385847       1.63236260E-02 -0.500000000    
          25          21  0.168027997       6.67258026E-03 -0.500000000    
          25          22  0.172777906      -4.91250353E-03 -0.500000000    
          25          23  0.255441725       1.66337322E-02 -0.500000000    
          25          24  0.280141354       6.49314299E-02 -0.500000000    
          25          25  0.273492724      0.113115363     -0.500000000    
          25          26  0.278799057      0.147625208     -0.500000000    
          25          27   9.13471505E-02  0.151233286     -0.500000000    
          25          28  -1.18823573E-02  0.156673804     -0.500000000    
          25          29   5.56742623E-02  0.150378242     -0.500000000    
          25          30  0.103781581      0.147624224     -0.500000000    
          25          31  0.115913011      0.141946673     -0.500000000    
          25          32   7.32395723E-02  0.110778883     -0.500000000    
          25          33  0.112390935       7.56418779E-02 -0.500000000    
          26           1  0.131980807       1.95906777E-02 -0.500000000    
          26           2  0.206034988       5.76490648E-02 -0.500000000    
          26           3   4.85658683E-02   8.65362734E-02 -0.500000000    
          26           4  -3.60799208E-02   6.52515516E-02 -0.500000000    
          26           5   1.78238265E-02   4.41843532E-02 -0.500000000    
          26           6  0.191007838       4.52949256E-02 -0.500000000    
          26           7  0.259232581       6.29987568E-02 -0.500000000    
          26           8  0.223821715       5.21715768E-02 -0.500000000    
          26           9  0.150607333       5.44377826E-02 -0.500000000    
          26          10   3.54986154E-02   5.72354831E-02 -0.500000000    
          26          11   1.05687063E-02   6.39670789E-02 -0.500000000    
          26          12   7.27747455E-02  0.103058428     -0.500000000    
          26          13  0.133562639      0.117049448     -0.500000000    
          26          14   4.51074690E-02  0.105925255     -0.500000000    
          26          15   3.58696990E-02  0.145371944     -0.500000000    
          26          16  0.109198019      0.221016347     -0.500000000    
          26          17   9.97136161E-02  0.252176434     -0.500000000    
          26          18  -5.91048133E-03  0.187047020     -0.500000000    
          26          19   3.86989415E-02   8.37934911E-02 -0.500000000    
          26          20  0.235771671       1.74464774E-03 -0.500000000    
          26          21  0.229511976      -3.68453972E-02 -0.500000000    
          26          22  0.105426975      -3.28153968E-02 -0.500000000    
          26          23   3.97570431E-02   1.55149377E-04 -0.500000000    
          26          24  0.128034279       7.00405762E-02 -0.500000000    
          26          25  0.278341591      0.147638485     -0.500000000    
          26          26  0.327024370      0.194534734     -0.500000000    
          26          27   8.94794613E-02  0.202195182     -0.500000000    
          26          28  -3.37726474E-02  0.198226020     -0.500000000    
          26          29   6.47155941E-02  0.181839913     -0.500000000    
          26          30   9.56402272E-02  0.147999674     -0.500000000    
          26          31  0.189760610      0.118040092     -0.500000000    
          26          32   6.50983974E-02   7.01411739E-02 -0.500000000    
          26          33  -6.67664781E-02   2.79780347E-02 -0.500000000    
          27           1  0.163764313      -1.28402822E-02 -0.500000000    
          27           2  0.156458020       3.61051969E-02 -0.500000000    
          27           3   3.24606113E-02   6.92020506E-02 -0.500000000    
          27           4 -0.112747349       5.87194636E-02 -0.500000000    
          27           5   5.09649031E-02   6.99811354E-02 -0.500000000    
          27           6  0.262560278       9.50847343E-02 -0.500000000    
          27           7  0.256018549       9.38562304E-02 -0.500000000    
          27           8   8.93085450E-02   5.87669536E-02 -0.500000000    
          27           9   1.44312475E-02   4.74554002E-02 -0.500000000    
          27          10  -1.92726552E-02   5.32716215E-02 -0.500000000    
          27          11   9.39920023E-02   8.28875601E-02 -0.500000000    
          27          12  0.223190576      0.127463818     -0.500000000    
          27          13  0.112585850      0.144961029     -0.500000000    
          27          14  -1.77158043E-02  0.143467784     -0.500000000    
          27          15   1.72603223E-02  0.176911622     -0.500000000    
          27          16  0.145593390      0.220104292     -0.500000000    
          27          17  0.163443387      0.225561664     -0.500000000    
          27          18   3.67930830E-02  0.163580373     -0.500000000    
          27          19   3.47013995E-02   7.20204040E-02 -0.500000000    
          27          20  0.158603072      -1.30326888E-02 -0.500000000    
          27          21  0.177861780      -4.49774638E-02 -0.500000000    
          27          22   4.97646630E-02  -2.93024350E-02 -0.500000000    
          27          23  -2.22703386E-02   1.31524615E-02 -0.500000000    
          27          24   2.75418125E-02   7.15494528E-02 -0.500000000    
          27          25   9.08072665E-02  0.150956035     -0.500000000    
          27          26   8.97469521E-02  0.201963186     -0.500000000    
          27          27  -3.10055520E-02  0.225669429     -0.500000000    
          27          28  -3.78047191E-02  0.204334110     -0.500000000    
          27          29  -1.86336623E-03  0.150796324     -0.500000000    
          27          30   8.66336301E-02  0.107628651     -0.500000000    
          27          31  0.166650057       7.73602948E-02 -0.500000000    
          27          32  0.135597661       3.56127657E-02 -0.500000000    
          27          33   8.48861486E-02  -2.74181715E-03 -0.500000000    
          28           1  0.178402692      -7.94813689E-03 -0.500000000    
          28           2  0.216359854       2.40324587E-02 -0.500000000    
          28           3   3.20457593E-02   4.97220457E-02 -0.500000000    
          28           4 -0.154967487       4.87193465E-02 -0.500000000    
          28           5  -1.96190346E-02   8.49232823E-02 -0.500000000    
          28           6  0.108479492      0.105515771     -0.500000000    
          28           7  0.113005191       9.85572934E-02 -0.500000000    
          28           8   5.30764787E-03   6.29792362E-02 -0.500000000    
          28           9  -4.59235720E-02   3.33211236E-02 -0.500000000    
          28          10   3.49810384E-02   3.38888988E-02 -0.500000000    
          28          11  0.133750558       6.86497688E-02 -0.500000000    
          28          12  0.308664978      0.116765559     -0.500000000    
          28          13  0.214605838      0.142803743     -0.500000000    
          28          14   5.35309426E-02  0.159359396     -0.500000000    
          28          15   5.10883182E-02  0.196968362     -0.500000000    
          28          16   1.71221383E-02  0.214254007     -0.500000000    
          28          17  -4.88474667E-02  0.202454761     -0.500000000    
          28          18  -5.85927442E-02  0.165416494     -0.500000000    
          28          19  -9.22970176E-02   8.51017162E-02 -0.500000000    
          28          20   2.44971588E-02   5.75785944E-03 -0.500000000    
          28          21  0.157404527      -2.03969479E-02 -0.500000000    
          28          22  0.147400603      -1.31096002E-02 -0.500000000    
          28          23  0.105122320       3.24066728E-02 -0.500000000    
          28          24   5.82965650E-02   8.05001780E-02 -0.500000000    
          28          25  -1.16464756E-02  0.156060383     -0.500000000    
          28          26  -3.26582678E-02  0.197679773     -0.500000000    
          28          27  -3.66500020E-02  0.204032496     -0.500000000    
          28          28  -8.58609378E-02  0.158396587     -0.500000000    
          28          29 -0.113852821       9.00877416E-02 -0.500000000    
          28          30   1.86201837E-02   4.36115488E-02 -0.500000000    
          28          31  0.110368498       1.50092533E-02 -0.500000000    
          28          32  0.277717054       2.41451920E-03 -0.500000000    
          28          33  0.211591184      -6.01104740E-03 -0.500000000    
          29           1   9.41803008E-02   2.14873273E-02 -0.500000000    
          29           2  0.177266076       3.02122515E-02 -0.500000000    
          29           3   6.93999138E-03   3.32500152E-02 -0.500000000    
          29           4   1.00831725E-02   1.86783038E-02 -0.500000000    
          29           5  -1.31823374E-02   4.47169505E-02 -0.500000000    
          29           6   5.08870929E-02   7.77377784E-02 -0.500000000    
          29           7   8.32826346E-02  0.109703653     -0.500000000    
          29           8  -1.02284029E-02   9.55112278E-02 -0.500000000    
          29           9  -4.67901304E-02   5.00317067E-02 -0.500000000    
          29          10  -4.49386910E-02   3.61294188E-02 -0.500000000    
          29          11   6.32478017E-03   5.98462038E-02 -0.500000000    
          29          12  0.150180802      0.112797908     -0.500000000    
          29          13  0.253475934      0.156041041     -0.500000000    
          29          14  0.174458668      0.171398893     -0.500000000    
          29          15   3.58945504E-02  0.191760823     -0.500000000    
          29          16  -5.00199050E-02  0.209533185     -0.500000000    
          29          17  -7.00270087E-02  0.209196717     -0.500000000    
          29          18  -3.59301306E-02  0.179411113     -0.500000000    
          29          19   9.30992654E-04  0.121049136     -0.500000000    
          29          20   8.40954334E-02   7.07399398E-02 -0.500000000    
          29          21  0.150777996       4.58402075E-02 -0.500000000    
          29          22  0.138519913       2.82301567E-02 -0.500000000    
          29          23   8.58498663E-02   4.77446802E-02 -0.500000000    
          29          24   2.59971432E-02   8.75681043E-02 -0.500000000    
          29          25   5.68979532E-02  0.149530575     -0.500000000    
          29          26   6.66487440E-02  0.181069508     -0.500000000    
          29          27   3.02017666E-04  0.150271654     -0.500000000    
          29          28 -0.112859443       8.98551270E-02 -0.500000000    
          29          29   1.69544462E-02   1.15926052E-02 -0.500000000    
          29          30  0.160922334      -4.96251918E-02 -0.500000000    
          29          31  0.134534836      -5.64740896E-02 -0.500000000    
          29          32  0.307279885      -4.51798961E-02 -0.500000000    
          29          33  0.347803801      -2.68897358E-02 -0.500000000    
          30           1   9.15642679E-02   8.90973434E-02 -0.500000000    
          30           2  0.166463763       6.57882988E-02 -0.500000000    
          30           3   3.07120290E-02   2.65948437E-02 -0.500000000    
          30           4  0.181662247       2.74228747E-03 -0.500000000    
          30           5   7.54980892E-02   1.63030345E-02 -0.500000000    
          30           6   7.50575140E-02   7.10956380E-02 -0.500000000    
          30           7  0.155523777      0.138656899     -0.500000000    
          30           8   6.59801587E-02  0.154904991     -0.500000000    
          30           9   9.04854760E-03  0.125403732     -0.500000000    
          30          10   1.45540852E-02  0.112293348     -0.500000000    
          30          11   4.54895683E-02  0.106568918     -0.500000000    
          30          12  0.115659110      0.118085988     -0.500000000    
          30          13  0.178858474      0.148038194     -0.500000000    
          30          14  0.143994898      0.161781684     -0.500000000    
          30          15  0.116722167      0.183687910     -0.500000000    
          30          16   7.85845891E-02  0.215142146     -0.500000000    
          30          17  -2.17679702E-02  0.236946166     -0.500000000    
          30          18  -2.30477080E-02  0.226512790     -0.500000000    
          30          19   4.69555296E-02  0.177634239     -0.500000000    
          30          20  0.117814548      0.124806009     -0.500000000    
          30          21  0.292043924       8.92572999E-02 -0.500000000    
          30          22  0.228820920       5.97956516E-02 -0.500000000    
          30          23   4.22297902E-02   8.45052972E-02 -0.500000000    
          30          24  -7.47875124E-03  0.122172751     -0.500000000    
          30          25  0.105522081      0.146627605     -0.500000000    
          30          26   9.77839306E-02  0.147103906     -0.500000000    
          30          27   8.92614126E-02  0.106956847     -0.500000000    
          30          28   2.04405803E-02   4.31990363E-02 -0.500000000    
          30          29  0.161201969      -4.98348437E-02 -0.500000000    
          30          30  0.224055409     -0.108119972     -0.500000000    
          30          31  0.128834084      -8.31694901E-02 -0.500000000    
          30          32  0.189095512      -2.08829548E-02 -0.500000000    
          30          33  0.247702658       2.07851250E-02 -0.500000000    
          31           1   8.00614357E-02  0.162480786     -0.500000000    
          31           2   9.47206914E-02  0.117087074     -0.500000000    
          31           3   8.29455703E-02   5.15418574E-02 -0.500000000    
          31           4  0.212235495       6.26625447E-03 -0.500000000    
          31           5  0.118907109      -7.51337036E-04 -0.500000000    
          31           6   8.30623284E-02   5.51311821E-02 -0.500000000    
          31           7  0.203894243      0.137703031     -0.500000000    
          31           8  0.183026135      0.204467222     -0.500000000    
          31           9  0.194609091      0.208698034     -0.500000000    
          31          10   3.74383479E-02  0.202460065     -0.500000000    
          31          11  -1.73831992E-02  0.176347584     -0.500000000    
          31          12   1.83270909E-02  0.159829289     -0.500000000    
          31          13   5.48246279E-02  0.156835571     -0.500000000    
          31          14   1.61022823E-02  0.154843956     -0.500000000    
          31          15  -2.69747712E-02  0.174237892     -0.500000000    
          31          16   5.14748208E-02  0.213885531     -0.500000000    
          31          17  0.131065771      0.249843389     -0.500000000    
          31          18  0.158087403      0.245562896     -0.500000000    
          31          19  0.183232501      0.200438008     -0.500000000    
          31          20  0.159871772      0.148053423     -0.500000000    
          31          21  0.184193373      0.109552711     -0.500000000    
          31          22  0.169118509       8.88687372E-02 -0.500000000    
          31          23  -5.77924177E-02  0.118962526     -0.500000000    
          31          24  -6.74965903E-02  0.140385330     -0.500000000    
          31          25  0.118499406      0.140808806     -0.500000000    
          31          26  0.192531288      0.117081225     -0.500000000    
          31          27  0.169637039       7.66138732E-02 -0.500000000    
          31          28  0.113776550       1.44065004E-02 -0.500000000    
          31          29  0.138551518      -5.69638982E-02 -0.500000000    
          31          30  0.132572532      -8.33013207E-02 -0.500000000    
          31          31  -1.03132520E-02  -2.31760889E-02 -0.500000000    
          31          32  -7.52882063E-02   6.67984262E-02 -0.500000000    
          31          33  -7.92960674E-02  0.111416101     -0.500000000    
          32           1  0.783191323      0.204931751     -0.500000000    
          32           2  0.408497334      0.156100869     -0.500000000    
          32           3  0.290276706       9.91694108E-02 -0.500000000    
          32           4  0.489508808       2.19550338E-02 -0.500000000    
          32           5  0.371702135      -6.79054472E-04 -0.500000000    
          32           6  0.184334472       3.86294425E-02 -0.500000000    
          32           7  0.104623146      0.112648115     -0.500000000    
          32           8   2.16554850E-02  0.203299582     -0.500000000    
          32           9  0.189605996      0.257418483     -0.500000000    
          32          10  0.126852259      0.262456894     -0.500000000    
          32          11  0.103992373      0.233294606     -0.500000000    
          32          12  0.166061580      0.210931093     -0.500000000    
          32          13  0.170330897      0.185356453     -0.500000000    
          32          14   4.25481424E-02  0.161811486     -0.500000000    
          32          15  -4.51556593E-02  0.174890533     -0.500000000    
          32          16   1.76092274E-02  0.209202230     -0.500000000    
          32          17  0.147931889      0.240026057     -0.500000000    
          32          18  0.234700367      0.234203100     -0.500000000    
          32          19  0.230153009      0.186826050     -0.500000000    
          32          20   8.67933407E-02  0.146029174     -0.500000000    
          32          21   1.32350381E-02  0.134499475     -0.500000000    
          32          22  0.119793274      0.129277110     -0.500000000    
          32          23   3.17891575E-02  0.129946217     -0.500000000    
          32          24   3.09465285E-02  0.117913321     -0.500000000    
          32          25   7.70944729E-02  0.109496593     -0.500000000    
          32          26   6.77965879E-02   6.91784248E-02 -0.500000000    
          32          27  0.138655081       3.48476209E-02 -0.500000000    
          32          28  0.282185078       1.69978873E-03 -0.500000000    
          32          29  0.313376069      -4.57750000E-02 -0.500000000    
          32          30  0.197574943      -2.10822597E-02 -0.500000000    
          32          31  -6.96737096E-02   6.69813156E-02 -0.500000000    
          32          32  -1.43486653E-02  0.134941295     -0.500000000    
          32          33  0.147311091      0.160857603     -0.500000000    
          33           1  0.735500336      0.180535063     -0.500000000    
          33           2  0.455979139      0.152831510     -0.500000000    
          33           3  0.310126930      0.117415011     -0.500000000    
          33           4  0.454374939       3.03507317E-02 -0.500000000    
          33           5  0.183298007      -3.08092567E-04 -0.500000000    
          33           6   8.38983282E-02   1.46093117E-02 -0.500000000    
          33           7  -4.18729857E-02   8.54957774E-02 -0.500000000    
          33           8  -2.59173252E-02  0.182217598     -0.500000000    
          33           9  0.213483706      0.257350385     -0.500000000    
          33          10  0.168358803      0.266099066     -0.500000000    
          33          11   8.06594267E-02  0.253632575     -0.500000000    
          33          12  0.148807749      0.227857575     -0.500000000    
          33          13  0.223084688      0.191652104     -0.500000000    
          33          14  0.201078221      0.159164056     -0.500000000    
          33          15  0.138338223      0.167966366     -0.500000000    
          33          16  0.116877258      0.199505866     -0.500000000    
          33          17  0.133466974      0.235107541     -0.500000000    
          33          18  0.169818640      0.241835579     -0.500000000    
          33          19  0.167897552      0.194424763     -0.500000000    
          33          20   5.80246150E-02  0.141140327     -0.500000000    
          33          21  -3.49962711E-02  0.134818316     -0.500000000    
          33          22   1.00009404E-02  0.155062407     -0.500000000    
          33          23   2.70125642E-03  0.156580076     -0.500000000    
          33          24   4.44196239E-02  0.111372568     -0.500000000    
          33          25  0.117758423       7.42732584E-02 -0.500000000    
          33          26  -6.29229695E-02   2.69629695E-02 -0.500000000    
          33          27   8.88686031E-02  -3.43108503E-03 -0.500000000    
          33          28  0.215777591      -6.67598750E-03 -0.500000000    
          33          29  0.352795482      -2.74508949E-02 -0.500000000    
          33          30  0.256837696       2.06085406E-02 -0.500000000    
          33          31  -6.85399100E-02  0.111778505     -0.500000000    
          33          32  0.155994773      0.161457181     -0.500000000    
          33          33  0.206002980      0.169273064     -0.500000000    
