           1           1  0.730515659      0.212270409     -0.500000000    
           1           2  0.542871356      0.188380599     -0.500000000    
           1           3  0.424897462      0.158250749     -0.500000000    
           1           4  0.204399571      0.127253726     -0.500000000    
           1           5  0.314188749       8.68225545E-02 -0.500000000    
           1           6  0.179793507       4.96298373E-02 -0.500000000    
           1           7  0.112164915       3.44193168E-02 -0.500000000    
           1           8  0.219074726       2.04803068E-02 -0.500000000    
           1           9  0.361493051      -1.80573650E-02 -0.500000000    
           1          10  0.321349621      -2.51973793E-02 -0.500000000    
           1          11  0.361656964      -2.89318599E-02 -0.500000000    
           1          12  0.275169849       1.44541394E-02 -0.500000000    
           1          13  0.206567049       5.76987118E-02 -0.500000000    
           1          14   9.51804519E-02   7.46977404E-02 -0.500000000    
           1          15  -1.80651806E-02   5.87240793E-02 -0.500000000    
           1          16  -4.98552956E-02   6.06452264E-02 -0.500000000    
           1          17  -6.16032630E-02   7.57371858E-02 -0.500000000    
           1          18  -6.25365451E-02   5.44372611E-02 -0.500000000    
           1          19 -0.111876093       5.81625365E-02 -0.500000000    
           1          20 -0.108133815       7.98661187E-02 -0.500000000    
           1          21  -5.62925451E-02   6.77999556E-02 -0.500000000    
           1          22   3.47507969E-02   2.45875027E-02 -0.500000000    
           1          23   6.81343451E-02  -7.92671554E-03 -0.500000000    
           1          24  0.119670041      -2.81808595E-03 -0.500000000    
           1          25  0.223296598      -3.98965664E-02 -0.500000000    
           1          26  0.358507216      -9.93588194E-02 -0.500000000    
           1          27  0.250287086     -0.130461365     -0.500000000    
           1          28  0.160135239      -9.10375416E-02 -0.500000000    
           1          29  0.118359253       1.33202821E-02 -0.500000000    
           1          30   8.78732204E-02  0.133366928     -0.500000000    
           1          31  0.767104089      0.219887882     -0.500000000    
           1          32  0.746790349      0.227450863     -0.500000000    
           1          33  0.957344294      0.236933723     -0.500000000    
           2           1  0.543169737      0.188369006     -0.500000000    
           2           2  0.357939303      0.167464897     -0.500000000    
           2           3  0.119481638      0.133379713     -0.500000000    
           2           4   9.42833275E-02   9.15654898E-02 -0.500000000    
           2           5  0.135469273       5.55922650E-02 -0.500000000    
           2           6  0.148741826       1.42147476E-02 -0.500000000    
           2           7   9.57162604E-02   8.94229859E-04 -0.500000000    
           2           8  0.106580451      -2.31015254E-02 -0.500000000    
           2           9  0.172291353      -7.44915456E-02 -0.500000000    
           2          10  0.202702284      -9.75979641E-02 -0.500000000    
           2          11  0.227515236      -7.90059716E-02 -0.500000000    
           2          12  0.181042388      -1.57339480E-02 -0.500000000    
           2          13   7.11331666E-02   3.92542928E-02 -0.500000000    
           2          14  -5.42746410E-02   7.42867887E-02 -0.500000000    
           2          15 -0.108057417       7.79027417E-02 -0.500000000    
           2          16  -4.75894548E-02   9.08603296E-02 -0.500000000    
           2          17  -2.53202058E-02  0.114702508     -0.500000000    
           2          18  -6.74430132E-02  0.108825371     -0.500000000    
           2          19 -0.110426821      0.110045597     -0.500000000    
           2          20  -6.50985353E-03  0.102715187     -0.500000000    
           2          21   4.54666652E-02   6.27301410E-02 -0.500000000    
           2          22   1.49255767E-02   1.31200822E-02 -0.500000000    
           2          23   2.96406951E-02  -3.92822474E-02 -0.500000000    
           2          24  -5.38548529E-02  -5.20228446E-02 -0.500000000    
           2          25  -1.74272358E-02  -6.49072006E-02 -0.500000000    
           2          26   6.81040585E-02  -8.71575102E-02 -0.500000000    
           2          27   2.88422871E-02 -0.108949892     -0.500000000    
           2          28 -0.104749791      -7.25984350E-02 -0.500000000    
           2          29  -7.25911409E-02   1.65042020E-02 -0.500000000    
           2          30   8.69810209E-03  0.113456540     -0.500000000    
           2          31  0.419150651      0.186237901     -0.500000000    
           2          32  0.613704860      0.192343369     -0.500000000    
           2          33  0.646538913      0.194400385     -0.500000000    
           3           1  0.425121456      0.158220679     -0.500000000    
           3           2  0.119094513      0.133363113     -0.500000000    
           3           3  0.101698294      0.108840294     -0.500000000    
           3           4  0.144795626       5.97639531E-02 -0.500000000    
           3           5  0.160590440       2.10247692E-02 -0.500000000    
           3           6  0.105330169      -9.36196651E-03 -0.500000000    
           3           7   9.60132387E-03  -1.77361779E-02 -0.500000000    
           3           8  -2.79312432E-02  -4.13234606E-02 -0.500000000    
           3           9   5.21472171E-02 -0.105864763     -0.500000000    
           3          10  0.156599998     -0.133427143     -0.500000000    
           3          11  0.205164149      -9.67194885E-02 -0.500000000    
           3          12  0.201725200      -1.22677395E-02 -0.500000000    
           3          13   2.07818821E-02   4.65850420E-02 -0.500000000    
           3          14  -7.68605769E-02   9.17365775E-02 -0.500000000    
           3          15   1.46326758E-02  0.109313354     -0.500000000    
           3          16   8.96686614E-02  0.119409718     -0.500000000    
           3          17   4.95137051E-02  0.122393653     -0.500000000    
           3          18  -4.19607162E-02   9.58986506E-02 -0.500000000    
           3          19  -7.09210336E-02   8.78296643E-02 -0.500000000    
           3          20  -1.80695485E-02   7.41497949E-02 -0.500000000    
           3          21   2.86933500E-02   3.22621018E-02 -0.500000000    
           3          22   6.49751425E-02   2.78770365E-03 -0.500000000    
           3          23   8.24070126E-02  -4.70576026E-02 -0.500000000    
           3          24  -6.25154562E-03  -6.19046427E-02 -0.500000000    
           3          25   3.79152633E-02  -5.65817580E-02 -0.500000000    
           3          26   2.43446790E-02  -6.21600114E-02 -0.500000000    
           3          27   2.65259519E-02  -7.18393922E-02 -0.500000000    
           3          28  -2.23679766E-02  -4.95283566E-02 -0.500000000    
           3          29  -5.48163429E-02   1.33008827E-02 -0.500000000    
           3          30   4.85831164E-02   9.42126811E-02 -0.500000000    
           3          31  0.222844601      0.141589060     -0.500000000    
           3          32  0.315554321      0.140528485     -0.500000000    
           3          33  0.371704400      0.143627092     -0.500000000    
           4           1  0.204504192      0.127278343     -0.500000000    
           4           2   9.40374136E-02   9.15938169E-02 -0.500000000    
           4           3  0.144642264       5.98104969E-02 -0.500000000    
           4           4   5.77047095E-02   4.45116870E-02 -0.500000000    
           4           5  0.208151922       3.61385867E-02 -0.500000000    
           4           6  0.188777804       2.77788490E-02 -0.500000000    
           4           7  0.101966284       1.96627509E-02 -0.500000000    
           4           8  0.132138625      -1.83661748E-02 -0.500000000    
           4           9  0.267907083     -0.108908914     -0.500000000    
           4          10  0.319853902     -0.134828329     -0.500000000    
           4          11  0.171463415      -9.50725451E-02 -0.500000000    
           4          12  0.161456153      -1.88794434E-02 -0.500000000    
           4          13  0.103813171       3.82333063E-02 -0.500000000    
           4          14   5.00651002E-02   9.37074795E-02 -0.500000000    
           4          15  0.136519685      0.125064433     -0.500000000    
           4          16  0.186080843      0.132569760     -0.500000000    
           4          17  0.149951607      0.121510901     -0.500000000    
           4          18   7.38091767E-02   8.42841640E-02 -0.500000000    
           4          19  -1.97294839E-02   5.79783022E-02 -0.500000000    
           4          20  -2.17555426E-02   1.70647167E-02 -0.500000000    
           4          21   4.74202707E-02  -3.48883234E-02 -0.500000000    
           4          22   9.12805796E-02  -4.09897044E-02 -0.500000000    
           4          23  0.115135178      -6.51404560E-02 -0.500000000    
           4          24  -2.80326102E-02  -5.18314540E-02 -0.500000000    
           4          25  -2.28792336E-02  -1.50516545E-02 -0.500000000    
           4          26   7.19954148E-02  -4.78593446E-03 -0.500000000    
           4          27   9.73680541E-02  -1.53826522E-02 -0.500000000    
           4          28  0.182408482      -2.32612547E-02 -0.500000000    
           4          29   2.00927425E-02   9.22767352E-03 -0.500000000    
           4          30 -0.108543798       5.10920361E-02 -0.500000000    
           4          31   2.74890680E-02   7.45588094E-02 -0.500000000    
           4          32   3.03371046E-02   8.27624351E-02 -0.500000000    
           4          33  0.289047658       8.67358148E-02 -0.500000000    
           5           1  0.314333797       8.69355425E-02 -0.500000000    
           5           2  0.135637864       5.56969121E-02 -0.500000000    
           5           3  0.160984635       2.11457219E-02 -0.500000000    
           5           4  0.208530888       3.62399183E-02 -0.500000000    
           5           5  0.339543134       6.83797970E-02 -0.500000000    
           5           6  0.199652463       8.75814930E-02 -0.500000000    
           5           7   1.74455661E-02   8.74684379E-02 -0.500000000    
           5           8   7.95859247E-02   3.60869095E-02 -0.500000000    
           5           9  0.247564107      -6.39706925E-02 -0.500000000    
           5          10  0.241040021     -0.112997219     -0.500000000    
           5          11  0.179909885      -9.70246717E-02 -0.500000000    
           5          12  0.155851513      -2.32933462E-02 -0.500000000    
           5          13  0.133324251       4.02410142E-02 -0.500000000    
           5          14  0.129353642       9.70115140E-02 -0.500000000    
           5          15  0.121329896      0.113664672     -0.500000000    
           5          16  0.201288626      0.120805979     -0.500000000    
           5          17  0.196972042      0.111172363     -0.500000000    
           5          18   9.33648124E-02   4.81938682E-02 -0.500000000    
           5          19  0.106251277       3.18911334E-05 -0.500000000    
           5          20   9.00540352E-02  -4.30513062E-02 -0.500000000    
           5          21  0.102715917      -8.29882920E-02 -0.500000000    
           5          22  0.230598196      -8.51683393E-02 -0.500000000    
           5          23  0.244627804      -7.30862916E-02 -0.500000000    
           5          24  0.100353822      -9.62993689E-03 -0.500000000    
           5          25   9.56586376E-02   3.92166600E-02 -0.500000000    
           5          26   5.16607650E-02   6.83796480E-02 -0.500000000    
           5          27   2.05989331E-02   4.75143120E-02 -0.500000000    
           5          28   8.78192037E-02   2.79837451E-03 -0.500000000    
           5          29   3.67113166E-02   5.48071694E-03 -0.500000000    
           5          30  -1.90448444E-02   2.34345905E-02 -0.500000000    
           5          31   7.78238177E-02   2.63076667E-02 -0.500000000    
           5          32   4.98150699E-02   1.00601884E-02 -0.500000000    
           5          33  0.397934079      -2.19993130E-03 -0.500000000    
           6           1  0.179449767       4.98179160E-02 -0.500000000    
           6           2  0.148555979       1.44032119E-02 -0.500000000    
           6           3  0.105361052      -9.13757551E-03 -0.500000000    
           6           4  0.188755020       2.80356444E-02 -0.500000000    
           6           5  0.199913651       8.77726898E-02 -0.500000000    
           6           6   8.01489577E-02  0.122761108     -0.500000000    
           6           7  -5.03261685E-02  0.115272403     -0.500000000    
           6           8   2.35253200E-02   6.09868020E-02 -0.500000000    
           6           9  0.112802655      -3.79328616E-02 -0.500000000    
           6          10   9.64307860E-02  -8.58717039E-02 -0.500000000    
           6          11   7.55681023E-02  -7.96754360E-02 -0.500000000    
           6          12   6.11959994E-02  -1.31928353E-02 -0.500000000    
           6          13   8.73710662E-02   3.60283963E-02 -0.500000000    
           6          14   6.83479607E-02   6.15773350E-02 -0.500000000    
           6          15  0.104043305       7.13426992E-02 -0.500000000    
           6          16   9.68860537E-02   8.47872868E-02 -0.500000000    
           6          17  0.154638723       7.74107873E-02 -0.500000000    
           6          18  0.255773187       1.35537181E-02 -0.500000000    
           6          19  0.262878716      -4.93431650E-02 -0.500000000    
           6          20  0.148495704      -8.03293288E-02 -0.500000000    
           6          21   2.71887425E-02 -0.108564921     -0.500000000    
           6          22  0.163188443     -0.106390685     -0.500000000    
           6          23  0.199475721      -7.13326931E-02 -0.500000000    
           6          24  0.174470991       1.92340910E-02 -0.500000000    
           6          25   8.02856237E-02   7.72412717E-02 -0.500000000    
           6          26  -8.47274140E-02  0.107326165     -0.500000000    
           6          27 -0.133016974       8.62297565E-02 -0.500000000    
           6          28   2.93135736E-02   6.04714528E-02 -0.500000000    
           6          29   1.71194822E-02   5.35125770E-02 -0.500000000    
           6          30   2.64206082E-02   3.67797427E-02 -0.500000000    
           6          31   3.58665874E-03   2.29588151E-02 -0.500000000    
           6          32  -1.91278122E-02  -1.36255557E-02 -0.500000000    
           6          33  0.105502926      -2.84533836E-02 -0.500000000    
           7           1  0.112214819       3.46642248E-02 -0.500000000    
           7           2   9.56874192E-02   1.17386703E-03 -0.500000000    
           7           3   9.69667826E-03  -1.74014997E-02 -0.500000000    
           7           4  0.102028199       2.00406965E-02 -0.500000000    
           7           5   1.75432581E-02   8.78084004E-02 -0.500000000    
           7           6  -5.03555387E-02  0.115465164     -0.500000000    
           7           7 -0.146366045       8.34433213E-02 -0.500000000    
           7           8  -5.31028844E-02   2.61224955E-02 -0.500000000    
           7           9  0.120387904      -4.04389612E-02 -0.500000000    
           7          10  0.133795083      -6.84458762E-02 -0.500000000    
           7          11  0.118501619      -5.63132986E-02 -0.500000000    
           7          12   9.14907902E-02  -6.11851132E-03 -0.500000000    
           7          13   1.92776769E-02   1.25901904E-02 -0.500000000    
           7          14   4.86926176E-02   3.37402038E-02 -0.500000000    
           7          15   7.74510428E-02   3.30202691E-02 -0.500000000    
           7          16   8.98875371E-02   3.72748412E-02 -0.500000000    
           7          17  0.224541679       3.55436876E-02 -0.500000000    
           7          18  0.332595319      -1.50763728E-02 -0.500000000    
           7          19  0.254335612      -7.87320957E-02 -0.500000000    
           7          20   1.00536887E-02 -0.106780246     -0.500000000    
           7          21  -5.78459799E-02 -0.123932108     -0.500000000    
           7          22  0.193082079     -0.116678484     -0.500000000    
           7          23  0.279019773      -5.90729080E-02 -0.500000000    
           7          24  0.243915513       2.35702693E-02 -0.500000000    
           7          25   7.03880861E-02   6.88624680E-02 -0.500000000    
           7          26 -0.153330505       9.56371352E-02 -0.500000000    
           7          27 -0.156218216      0.102987491     -0.500000000    
           7          28  -1.03155691E-02   9.70504507E-02 -0.500000000    
           7          29  -3.27838361E-02   7.69797266E-02 -0.500000000    
           7          30  -7.86254108E-02   5.69947287E-02 -0.500000000    
           7          31 -0.139412463       5.28629683E-02 -0.500000000    
           7          32   7.51359435E-03   3.14385369E-02 -0.500000000    
           7          33   6.19835369E-02   3.22374934E-03 -0.500000000    
           8           1  0.219215110       2.05916855E-02 -0.500000000    
           8           2  0.106554322      -2.29107253E-02 -0.500000000    
           8           3  -2.81812549E-02  -4.10710424E-02 -0.500000000    
           8           4  0.132072359      -1.80636924E-02 -0.500000000    
           8           5   7.95263797E-02   3.63951400E-02 -0.500000000    
           8           6   2.34391093E-02   6.12103119E-02 -0.500000000    
           8           7  -5.31251356E-02   2.62204241E-02 -0.500000000    
           8           8  0.128868312      -2.35801749E-02 -0.500000000    
           8           9  0.163662732      -5.12695871E-02 -0.500000000    
           8          10   6.76383376E-02  -5.70124239E-02 -0.500000000    
           8          11   4.01379056E-02  -2.53399257E-02 -0.500000000    
           8          12   9.37548503E-02   1.63138995E-03 -0.500000000    
           8          13   3.61923426E-02   3.03310044E-02 -0.500000000    
           8          14   1.45955551E-02   4.25851457E-02 -0.500000000    
           8          15   9.10844132E-02   1.91410631E-02 -0.500000000    
           8          16  0.173100919       1.01151317E-02 -0.500000000    
           8          17  0.223821014       1.34499394E-03 -0.500000000    
           8          18  0.245293319      -4.38872539E-02 -0.500000000    
           8          19  0.110148564      -9.99181047E-02 -0.500000000    
           8          20   3.58819701E-02 -0.118870191     -0.500000000    
           8          21   2.07620952E-02 -0.138560861     -0.500000000    
           8          22  0.111705065     -0.117146291     -0.500000000    
           8          23  0.184364527      -5.21554351E-02 -0.500000000    
           8          24  0.146204934       1.52434018E-02 -0.500000000    
           8          25   9.69040841E-02   4.94079031E-02 -0.500000000    
           8          26  -9.81964320E-02   6.67126700E-02 -0.500000000    
           8          27  -3.14063020E-02   8.68588388E-02 -0.500000000    
           8          28   9.53463241E-02   7.41677880E-02 -0.500000000    
           8          29   6.36499822E-02   6.52535036E-02 -0.500000000    
           8          30   2.12989002E-03   7.02221543E-02 -0.500000000    
           8          31  -8.83097351E-02   8.45280290E-02 -0.500000000    
           8          32   7.51999840E-02   9.79590788E-02 -0.500000000    
           8          33  0.139204770      0.103568986     -0.500000000    
           9           1  0.360477358      -1.81031022E-02 -0.500000000    
           9           2  0.171695843      -7.44317770E-02 -0.500000000    
           9           3   5.14597483E-02 -0.105689682     -0.500000000    
           9           4  0.267540157     -0.108638592     -0.500000000    
           9           5  0.247153699      -6.36903942E-02 -0.500000000    
           9           6  0.112428121      -3.77382115E-02 -0.500000000    
           9           7  0.119926721      -4.03356031E-02 -0.500000000    
           9           8  0.163491353      -5.12561798E-02 -0.500000000    
           9           9  0.271055311      -4.50696461E-02 -0.500000000    
           9          10  0.126237884      -5.21888509E-02 -0.500000000    
           9          11   3.03835757E-02  -3.35969403E-02 -0.500000000    
           9          12  0.107916363       8.76537990E-03 -0.500000000    
           9          13   2.81410888E-02   5.05253896E-02 -0.500000000    
           9          14  -2.48748939E-02   6.31551966E-02 -0.500000000    
           9          15  -5.39891981E-03   2.41038166E-02 -0.500000000    
           9          16   9.58195180E-02   3.07855965E-03 -0.500000000    
           9          17  0.146838844      -3.84918693E-03 -0.500000000    
           9          18  0.130315378      -3.35207023E-02 -0.500000000    
           9          19   4.88188677E-02  -6.94889948E-02 -0.500000000    
           9          20   6.96916133E-02  -9.65386555E-02 -0.500000000    
           9          21  0.135859817     -0.145042688     -0.500000000    
           9          22   2.28266679E-02 -0.141413465     -0.500000000    
           9          23  -5.20343855E-02  -8.23720023E-02 -0.500000000    
           9          24   6.95213899E-02  -2.38396078E-02 -0.500000000    
           9          25   6.74445927E-02   1.39662152E-04 -0.500000000    
           9          26  -1.42493378E-02   4.71675349E-03 -0.500000000    
           9          27   7.05382153E-02   1.60285477E-02 -0.500000000    
           9          28  0.176249400       1.87073238E-02 -0.500000000    
           9          29  0.159789979       3.36528346E-02 -0.500000000    
           9          30   5.50242662E-02   5.54179512E-02 -0.500000000    
           9          31 -0.134545028       9.26117301E-02 -0.500000000    
           9          32 -0.125604257      0.134472072     -0.500000000    
           9          33  -5.04722372E-02  0.176781118     -0.500000000    
          10           1  0.320238829      -2.52900850E-02 -0.500000000    
          10           2  0.202203676      -9.76116657E-02 -0.500000000    
          10           3  0.155900627     -0.133333534     -0.500000000    
          10           4  0.319132239     -0.134647727     -0.500000000    
          10           5  0.240601316     -0.112796254     -0.500000000    
          10           6   9.61672515E-02  -8.57212096E-02 -0.500000000    
          10           7  0.133344397      -6.83486089E-02 -0.500000000    
          10           8   6.75136819E-02  -5.70182241E-02 -0.500000000    
          10           9  0.126436353      -5.22328690E-02 -0.500000000    
          10          10   6.68796822E-02  -6.12968914E-02 -0.500000000    
          10          11  -2.21764445E-02  -3.24389189E-02 -0.500000000    
          10          12   3.36280838E-02   1.92486737E-02 -0.500000000    
          10          13   6.71100840E-02   7.32042640E-02 -0.500000000    
          10          14   7.49413148E-02   9.83306766E-02 -0.500000000    
          10          15  -1.16046071E-02   4.86518554E-02 -0.500000000    
          10          16   7.95496777E-02   1.15431231E-02 -0.500000000    
          10          17  0.115956381       9.10571124E-03 -0.500000000    
          10          18   9.14528519E-02   5.22917695E-03 -0.500000000    
          10          19   8.09253380E-02  -2.97363941E-03 -0.500000000    
          10          20   7.33482540E-02  -3.78288366E-02 -0.500000000    
          10          21  0.173754677     -0.107643664     -0.500000000    
          10          22  0.105731249     -0.129536808     -0.500000000    
          10          23   1.09665599E-02  -9.52496752E-02 -0.500000000    
          10          24   3.23047675E-02  -7.52080977E-02 -0.500000000    
          10          25   4.85910252E-02  -6.43965155E-02 -0.500000000    
          10          26  0.121659823      -4.24680747E-02 -0.500000000    
          10          27   6.75656646E-02  -2.98604164E-02 -0.500000000    
          10          28  0.156382740      -1.21472292E-02 -0.500000000    
          10          29  0.229354277       1.94891021E-02 -0.500000000    
          10          30  0.103918023       3.33804935E-02 -0.500000000    
          10          31   6.32753968E-02   6.67421967E-02 -0.500000000    
          10          32 -0.110971749      0.116484620     -0.500000000    
          10          33  -2.70584002E-02  0.171383351     -0.500000000    
          11           1  0.359422714      -2.87937578E-02 -0.500000000    
          11           2  0.226232693      -7.88583755E-02 -0.500000000    
          11           3  0.203851804      -9.65471864E-02 -0.500000000    
          11           4  0.170233145      -9.49233696E-02 -0.500000000    
          11           5  0.179631561      -9.69113857E-02 -0.500000000    
          11           6   7.56341740E-02  -7.96223283E-02 -0.500000000    
          11           7  0.118317895      -5.62944561E-02 -0.500000000    
          11           8   4.01394628E-02  -2.53963526E-02 -0.500000000    
          11           9   3.04371342E-02  -3.37062739E-02 -0.500000000    
          11          10  -2.25088820E-02  -3.24822776E-02 -0.500000000    
          11          11  -5.32854497E-02  -6.55313395E-03 -0.500000000    
          11          12   6.49510995E-02   1.80975944E-02 -0.500000000    
          11          13  0.264396995       4.59950343E-02 -0.500000000    
          11          14  0.218429387       7.77704716E-02 -0.500000000    
          11          15   7.74100423E-02   5.58478013E-02 -0.500000000    
          11          16   1.77132469E-02   2.25326661E-02 -0.500000000    
          11          17   4.19930704E-02   2.76456941E-02 -0.500000000    
          11          18   3.56399566E-02   4.35542315E-02 -0.500000000    
          11          19  -8.94618127E-03   4.68271673E-02 -0.500000000    
          11          20   6.31171316E-02   2.68475283E-02 -0.500000000    
          11          21  0.151993677      -3.75120193E-02 -0.500000000    
          11          22  0.105527818      -7.09183961E-02 -0.500000000    
          11          23   8.56840760E-02  -8.88685361E-02 -0.500000000    
          11          24  0.144772068      -9.93360505E-02 -0.500000000    
          11          25  0.178258091      -7.75956586E-02 -0.500000000    
          11          26  0.160065517      -4.57440205E-02 -0.500000000    
          11          27   5.19471988E-02  -1.32313408E-02 -0.500000000    
          11          28   4.61944565E-02   1.89201329E-02 -0.500000000    
          11          29  0.197577491       5.01779839E-02 -0.500000000    
          11          30   9.49757621E-02   6.11211099E-02 -0.500000000    
          11          31   8.53893831E-02   7.57566467E-02 -0.500000000    
          11          32  -8.16135406E-02   9.44081396E-02 -0.500000000    
          11          33   1.43139251E-02  0.115891241     -0.500000000    
          12           1  0.272708982       1.48204900E-02 -0.500000000    
          12           2  0.179596812      -1.54073080E-02 -0.500000000    
          12           3  0.200250506      -1.19271679E-02 -0.500000000    
          12           4  0.160363868      -1.86086204E-02 -0.500000000    
          12           5  0.155497879      -2.31131408E-02 -0.500000000    
          12           6   6.13557398E-02  -1.30624576E-02 -0.500000000    
          12           7   9.14817154E-02  -5.99681772E-03 -0.500000000    
          12           8   9.39602107E-02   1.68363296E-03 -0.500000000    
          12           9  0.107984304       8.70967191E-03 -0.500000000    
          12          10   3.35266031E-02   1.91726480E-02 -0.500000000    
          12          11   6.48246482E-02   1.79987699E-02 -0.500000000    
          12          12  0.158466980       4.21164185E-03 -0.500000000    
          12          13  0.313705683      -9.13619902E-03 -0.500000000    
          12          14  0.212398455       3.04091955E-03 -0.500000000    
          12          15   6.76859990E-02   1.26372222E-02 -0.500000000    
          12          16   1.57846138E-02   3.74999978E-02 -0.500000000    
          12          17   3.47944535E-02   5.11751622E-02 -0.500000000    
          12          18   4.56164405E-02   5.28939776E-02 -0.500000000    
          12          19  -5.47989495E-02   5.40683120E-02 -0.500000000    
          12          20   3.64434272E-02   5.70794158E-02 -0.500000000    
          12          21  0.139228374       1.82258915E-02 -0.500000000    
          12          22  0.121496923      -1.71912182E-02 -0.500000000    
          12          23   9.08821151E-02  -6.41218945E-02 -0.500000000    
          12          24  0.213579595      -8.56136307E-02 -0.500000000    
          12          25  0.259569764      -7.37497658E-02 -0.500000000    
          12          26   6.70460388E-02  -1.97759550E-02 -0.500000000    
          12          27  -8.78011882E-02   3.42235714E-02 -0.500000000    
          12          28  -7.51854330E-02   7.65100643E-02 -0.500000000    
          12          29   7.00508207E-02   8.89174938E-02 -0.500000000    
          12          30   9.72955376E-02   9.92035195E-02 -0.500000000    
          12          31  0.108415566      0.106907129     -0.500000000    
          12          32   1.66208670E-03  0.105576076     -0.500000000    
          12          33   2.75205122E-03  0.106821701     -0.500000000    
          13           1  0.204422563       5.83737306E-02 -0.500000000    
          13           2   6.97143227E-02   3.98567803E-02 -0.500000000    
          13           3   1.95720214E-02   4.71243411E-02 -0.500000000    
          13           4  0.102512509       3.86337973E-02 -0.500000000    
          13           5  0.132324472       4.04836573E-02 -0.500000000    
          13           6   8.69711488E-02   3.62250619E-02 -0.500000000    
          13           7   1.89850349E-02   1.28424121E-02 -0.500000000    
          13           8   3.60802263E-02   3.05583160E-02 -0.500000000    
          13           9   2.79676635E-02   5.06008938E-02 -0.500000000    
          13          10   6.71056136E-02   7.31234029E-02 -0.500000000    
          13          11  0.263935119       4.57904786E-02 -0.500000000    
          13          12  0.313157797      -9.32586752E-03 -0.500000000    
          13          13  0.343108118      -4.91737910E-02 -0.500000000    
          13          14  0.224531561      -4.78195623E-02 -0.500000000    
          13          15   4.13199253E-02  -2.77215689E-02 -0.500000000    
          13          16   7.32998848E-02   1.91713180E-02 -0.500000000    
          13          17  0.113076434       4.77233380E-02 -0.500000000    
          13          18   4.46577221E-02   5.13991266E-02 -0.500000000    
          13          19   4.85443324E-02   4.94858660E-02 -0.500000000    
          13          20   3.25335301E-02   3.36602144E-02 -0.500000000    
          13          21   9.98507664E-02   2.93980297E-02 -0.500000000    
          13          22  0.182505891       9.78239439E-03 -0.500000000    
          13          23  0.202389270      -3.26469503E-02 -0.500000000    
          13          24  0.167702779      -5.10974452E-02 -0.500000000    
          13          25  0.110179111      -2.89174169E-02 -0.500000000    
          13          26  -3.51167768E-02   2.72386651E-02 -0.500000000    
          13          27  -2.52358597E-02   9.11473930E-02 -0.500000000    
          13          28  -4.03586142E-02  0.126948103     -0.500000000    
          13          29  -6.89024329E-02  0.119047344     -0.500000000    
          13          30   4.99608666E-02  0.118946150     -0.500000000    
          13          31  0.123760596      0.118253984     -0.500000000    
          13          32   5.81617504E-02  0.107533999     -0.500000000    
          13          33  0.104573511      0.113907807     -0.500000000    
          14           1   9.30987969E-02   7.55584687E-02 -0.500000000    
          14           2  -5.55974916E-02   7.51128048E-02 -0.500000000    
          14           3  -7.76311606E-02   9.24317911E-02 -0.500000000    
          14           4   4.88596261E-02   9.41316783E-02 -0.500000000    
          14           5  0.128049448       9.71946344E-02 -0.500000000    
          14           6   6.73489943E-02   6.16710186E-02 -0.500000000    
          14           7   4.79627140E-02   3.39230299E-02 -0.500000000    
          14           8   1.38296410E-02   4.28659804E-02 -0.500000000    
          14           9  -2.54630074E-02   6.33593649E-02 -0.500000000    
          14          10   7.50972033E-02   9.82996225E-02 -0.500000000    
          14          11  0.218297035       7.75306672E-02 -0.500000000    
          14          12  0.211855516       2.71127606E-03 -0.500000000    
          14          13  0.223932475      -4.80310731E-02 -0.500000000    
          14          14  0.243883520      -7.84689337E-02 -0.500000000    
          14          15  0.183945760      -6.25624135E-02 -0.500000000    
          14          16   6.61271065E-02  -2.48282459E-02 -0.500000000    
          14          17   4.37283926E-02  -4.58367914E-03 -0.500000000    
          14          18   6.75248504E-02   1.96175445E-02 -0.500000000    
          14          19   3.44955996E-02   2.09234506E-02 -0.500000000    
          14          20  -1.46285119E-02   2.29314100E-02 -0.500000000    
          14          21  -4.54641394E-02   3.41349691E-02 -0.500000000    
          14          22  0.127900451       1.73290279E-02 -0.500000000    
          14          23  0.263355762      -3.23408539E-03 -0.500000000    
          14          24  0.158602864      -3.62533890E-03 -0.500000000    
          14          25   6.82100002E-03   3.07147168E-02 -0.500000000    
          14          26   1.85765121E-02   9.10811052E-02 -0.500000000    
          14          27  0.119061522      0.131493285     -0.500000000    
          14          28   3.19455974E-02  0.157837152     -0.500000000    
          14          29  -6.19237171E-03  0.145677984     -0.500000000    
          14          30   5.66644445E-02  0.127888024     -0.500000000    
          14          31  0.215006888      0.100243874     -0.500000000    
          14          32  0.187962368       7.07521662E-02 -0.500000000    
          14          33  0.132568479       7.57845193E-02 -0.500000000    
          15           1  -1.93651393E-02   5.97434938E-02 -0.500000000    
          15           2 -0.108509563       7.89418519E-02 -0.500000000    
          15           3   1.45562962E-02  0.110249758     -0.500000000    
          15           4  0.136464760      0.125666305     -0.500000000    
          15           5  0.121199459      0.113867693     -0.500000000    
          15           6  0.103844367       7.12974072E-02 -0.500000000    
          15           7   7.70341009E-02   3.29473466E-02 -0.500000000    
          15           8   9.03170779E-02   1.92183480E-02 -0.500000000    
          15           9  -6.12666178E-03   2.42740437E-02 -0.500000000    
          15          10  -1.19814547E-02   4.86920401E-02 -0.500000000    
          15          11   7.73890093E-02   5.56669831E-02 -0.500000000    
          15          12   6.75644055E-02   1.22832740E-02 -0.500000000    
          15          13   4.10780050E-02  -2.81321537E-02 -0.500000000    
          15          14  0.183767974      -6.28722981E-02 -0.500000000    
          15          15  0.174777791      -5.60038537E-02 -0.500000000    
          15          16   1.27262324E-02  -2.17025578E-02 -0.500000000    
          15          17  -1.32531328E-02  -5.42543456E-03 -0.500000000    
          15          18   2.51884572E-02  -8.73792544E-03 -0.500000000    
          15          19   5.83382174E-02  -3.66407959E-03 -0.500000000    
          15          20  -7.73934424E-02   1.73595920E-02 -0.500000000    
          15          21 -0.112164207       3.95122394E-02 -0.500000000    
          15          22   1.08290678E-02   2.98305545E-02 -0.500000000    
          15          23  0.184502497       8.37947335E-03 -0.500000000    
          15          24  0.138327792       2.50799954E-02 -0.500000000    
          15          25  0.107463099       7.16938525E-02 -0.500000000    
          15          26   7.21667483E-02  0.127766967     -0.500000000    
          15          27  0.114469245      0.162086442     -0.500000000    
          15          28   2.51240786E-02  0.167709723     -0.500000000    
          15          29  0.108580269      0.157928631     -0.500000000    
          15          30  0.113319241      0.126068592     -0.500000000    
          15          31  0.276257545       7.09542409E-02 -0.500000000    
          15          32  0.320423663       1.87285896E-02 -0.500000000    
          15          33  0.161576495       5.85776148E-03 -0.500000000    
          16           1  -5.21786511E-02   6.11032955E-02 -0.500000000    
          16           2  -4.93750647E-02   9.14660841E-02 -0.500000000    
          16           3   8.83868635E-02  0.120125279     -0.500000000    
          16           4  0.185387403      0.133244276     -0.500000000    
          16           5  0.201166376      0.121258095     -0.500000000    
          16           6   9.74261612E-02   8.49612728E-02 -0.500000000    
          16           7   9.02921483E-02   3.72212678E-02 -0.500000000    
          16           8  0.173209295       1.00353817E-02 -0.500000000    
          16           9   9.57689211E-02   3.09080770E-03 -0.500000000    
          16          10   7.94708282E-02   1.15492754E-02 -0.500000000    
          16          11   1.76463891E-02   2.24370118E-02 -0.500000000    
          16          12   1.58300642E-02   3.72234248E-02 -0.500000000    
          16          13   7.32259899E-02   1.87067688E-02 -0.500000000    
          16          14   6.58404082E-02  -2.53848452E-02 -0.500000000    
          16          15   1.21985329E-02  -2.21337453E-02 -0.500000000    
          16          16  -9.05603021E-02  -1.63990888E-03 -0.500000000    
          16          17  -7.58115351E-02  -8.28309217E-04 -0.500000000    
          16          18   2.45801751E-02  -2.83132475E-02 -0.500000000    
          16          19   8.30679387E-02  -4.75245453E-02 -0.500000000    
          16          20   6.05722181E-02  -1.69746932E-02 -0.500000000    
          16          21  -9.77301821E-02   4.43028882E-02 -0.500000000    
          16          22  -6.82941526E-02   5.19719236E-02 -0.500000000    
          16          23   7.34178349E-02   4.39570807E-02 -0.500000000    
          16          24   9.37880054E-02   5.50102293E-02 -0.500000000    
          16          25   6.11290596E-02   9.24849287E-02 -0.500000000    
          16          26   5.38521335E-02  0.136893108     -0.500000000    
          16          27  -4.48906561E-03  0.182547823     -0.500000000    
          16          28   8.67859647E-02  0.188285381     -0.500000000    
          16          29  0.151309729      0.175148547     -0.500000000    
          16          30  0.166188449      0.147460893     -0.500000000    
          16          31  0.261817843       9.23750773E-02 -0.500000000    
          16          32  0.302277982       3.99692170E-02 -0.500000000    
          16          33  0.189675659       1.67627800E-02 -0.500000000    
          17           1  -6.08521290E-02   7.49317855E-02 -0.500000000    
          17           2  -2.54030898E-02  0.114017822     -0.500000000    
          17           3   4.90650311E-02  0.121847041     -0.500000000    
          17           4  0.149073571      0.121193305     -0.500000000    
          17           5  0.195643842      0.111082248     -0.500000000    
          17           6  0.153779447       7.74987191E-02 -0.500000000    
          17           7  0.224794567       3.56680602E-02 -0.500000000    
          17           8  0.224350348       1.39400898E-03 -0.500000000    
          17           9  0.147033513      -3.81515385E-03 -0.500000000    
          17          10  0.116122872       9.15465225E-03 -0.500000000    
          17          11   4.23572622E-02   2.76593287E-02 -0.500000000    
          17          12   3.49564366E-02   5.10384589E-02 -0.500000000    
          17          13  0.113320194       4.73144129E-02 -0.500000000    
          17          14   4.37013619E-02  -5.13818068E-03 -0.500000000    
          17          15  -1.40211787E-02  -6.07437827E-03 -0.500000000    
          17          16  -7.71885291E-02  -1.33457524E-03 -0.500000000    
          17          17 -0.118642844      -2.64247265E-02 -0.500000000    
          17          18   7.36974329E-02  -5.35946079E-02 -0.500000000    
          17          19  0.120939724      -8.09676871E-02 -0.500000000    
          17          20   7.17307404E-02  -4.72407863E-02 -0.500000000    
          17          21  -6.87189586E-03   2.76358966E-02 -0.500000000    
          17          22  -4.80265915E-02   5.85108288E-02 -0.500000000    
          17          23  -1.17978649E-02   6.56939149E-02 -0.500000000    
          17          24  -1.53321465E-02   5.06022573E-02 -0.500000000    
          17          25   9.08645801E-03   6.39252812E-02 -0.500000000    
          17          26   4.27487902E-02  0.101538524     -0.500000000    
          17          27  -3.56118754E-02  0.148359701     -0.500000000    
          17          28  0.141465932      0.164937481     -0.500000000    
          17          29  0.200776473      0.163168624     -0.500000000    
          17          30  0.225753799      0.153787673     -0.500000000    
          17          31  0.198698089      0.124935754     -0.500000000    
          17          32  0.221042767       8.98528621E-02 -0.500000000    
          17          33  0.207300648       6.40188381E-02 -0.500000000    
          18           1  -5.88929392E-02   5.43086156E-02 -0.500000000    
          18           2  -6.40492812E-02  0.108729377     -0.500000000    
          18           3  -3.88945006E-02   9.57365930E-02 -0.500000000    
          18           4   7.67449364E-02   8.39840397E-02 -0.500000000    
          18           5   9.57788154E-02   4.77283075E-02 -0.500000000    
          18           6  0.256977171       1.30439848E-02 -0.500000000    
          18           7  0.332331717      -1.54214352E-02 -0.500000000    
          18           8  0.244800508      -4.39564176E-02 -0.500000000    
          18           9  0.130292967      -3.33873741E-02 -0.500000000    
          18          10   9.16331559E-02   5.39110322E-03 -0.500000000    
          18          11   3.58021669E-02   4.37083952E-02 -0.500000000    
          18          12   4.59405668E-02   5.29587790E-02 -0.500000000    
          18          13   4.52695340E-02   5.12180775E-02 -0.500000000    
          18          14   6.82576224E-02   1.91648379E-02 -0.500000000    
          18          15   2.49536335E-02  -9.37556475E-03 -0.500000000    
          18          16   2.35225800E-02  -2.90328991E-02 -0.500000000    
          18          17   7.24463537E-02  -5.41209280E-02 -0.500000000    
          18          18   5.21135367E-02  -8.24940056E-02 -0.500000000    
          18          19  0.128987044      -7.79624134E-02 -0.500000000    
          18          20  -1.32586071E-02  -5.67979924E-02 -0.500000000    
          18          21  -1.97905209E-02   5.95650077E-03 -0.500000000    
          18          22  -7.13789836E-03   3.67595665E-02 -0.500000000    
          18          23  -3.56305391E-02   2.47804839E-02 -0.500000000    
          18          24  -3.67928259E-02  -9.21405759E-03 -0.500000000    
          18          25   6.66256547E-02  -4.58534434E-03 -0.500000000    
          18          26  0.104867361       2.79537514E-02 -0.500000000    
          18          27  0.111798979       6.29112050E-02 -0.500000000    
          18          28  0.144946605       7.21450746E-02 -0.500000000    
          18          29  0.172899693      0.102098972     -0.500000000    
          18          30  0.208269686      0.119617246     -0.500000000    
          18          31  0.152767241      0.118839629     -0.500000000    
          18          32  0.171024606       9.96523499E-02 -0.500000000    
          18          33  0.188309327       6.57865778E-02 -0.500000000    
          19           1 -0.114781439       5.84542751E-02 -0.500000000    
          19           2 -0.113109715      0.110336393     -0.500000000    
          19           3  -7.33459964E-02   8.81816596E-02 -0.500000000    
          19           4  -2.10912414E-02   5.83079942E-02 -0.500000000    
          19           5  0.106716171       2.57034611E-04 -0.500000000    
          19           6  0.265650511      -4.93630394E-02 -0.500000000    
          19           7  0.257435590      -7.90603310E-02 -0.500000000    
          19           8  0.111440063     -0.100406863     -0.500000000    
          19           9   4.82330061E-02  -6.98236451E-02 -0.500000000    
          19          10   8.01575705E-02  -2.94138398E-03 -0.500000000    
          19          11  -9.08090547E-03   4.70509380E-02 -0.500000000    
          19          12  -5.51362038E-02   5.42965569E-02 -0.500000000    
          19          13   4.87155169E-02   4.95984219E-02 -0.500000000    
          19          14   3.52250785E-02   2.07422115E-02 -0.500000000    
          19          15   5.90011142E-02  -4.13565710E-03 -0.500000000    
          19          16   8.29217285E-02  -4.81854677E-02 -0.500000000    
          19          17  0.120380118      -8.16048682E-02 -0.500000000    
          19          18  0.128151596      -7.83652812E-02 -0.500000000    
          19          19  -3.99592472E-03  -7.63303861E-02 -0.500000000    
          19          20  -3.91893275E-03  -5.32553755E-02 -0.500000000    
          19          21   1.17609547E-02  -1.62745826E-02 -0.500000000    
          19          22   1.39622064E-02  -7.47942040E-03 -0.500000000    
          19          23   7.34482855E-02  -2.49190088E-02 -0.500000000    
          19          24   8.99563637E-03  -5.66833727E-02 -0.500000000    
          19          25   3.77383605E-02  -6.94435388E-02 -0.500000000    
          19          26  0.143406108      -6.21844567E-02 -0.500000000    
          19          27  0.193551958      -3.74193117E-02 -0.500000000    
          19          28  0.236836374      -8.88741482E-03 -0.500000000    
          19          29  0.103140995       3.96019146E-02 -0.500000000    
          19          30  0.121643417       8.25324729E-02 -0.500000000    
          19          31  0.142177001       9.18368325E-02 -0.500000000    
          19          32  0.194798484       8.46688375E-02 -0.500000000    
          19          33  0.227106184       4.98641841E-02 -0.500000000    
          20           1 -0.109594353       8.01185444E-02 -0.500000000    
          20           2  -8.52731336E-03  0.102924317     -0.500000000    
          20           3  -2.09558234E-02   7.44561702E-02 -0.500000000    
          20           4  -2.46882737E-02   1.74504537E-02 -0.500000000    
          20           5   8.84131864E-02  -4.26929966E-02 -0.500000000    
          20           6  0.148729086      -8.00988972E-02 -0.500000000    
          20           7   1.02918651E-02 -0.106685027     -0.500000000    
          20           8   3.68535146E-02 -0.118926004     -0.500000000    
          20           9   7.21201077E-02  -9.69105884E-02 -0.500000000    
          20          10   7.34350160E-02  -3.83991450E-02 -0.500000000    
          20          11   6.13188967E-02   2.67360881E-02 -0.500000000    
          20          12   3.58726382E-02   5.73379546E-02 -0.500000000    
          20          13   3.18210497E-02   3.39136273E-02 -0.500000000    
          20          14  -1.48423649E-02   2.29883641E-02 -0.500000000    
          20          15  -7.65172914E-02   1.71502680E-02 -0.500000000    
          20          16   6.13272265E-02  -1.73326340E-02 -0.500000000    
          20          17   7.16197789E-02  -4.77310680E-02 -0.500000000    
          20          18  -1.37758106E-02  -5.72522506E-02 -0.500000000    
          20          19  -4.33576014E-03  -5.35410941E-02 -0.500000000    
          20          20  0.105003178      -5.29986955E-02 -0.500000000    
          20          21   9.34013724E-02  -3.85714248E-02 -0.500000000    
          20          22   5.83733320E-02  -4.33864035E-02 -0.500000000    
          20          23   5.56628369E-02  -5.69037460E-02 -0.500000000    
          20          24   3.72055359E-02  -8.08079317E-02 -0.500000000    
          20          25   7.56255388E-02 -0.107552797     -0.500000000    
          20          26   8.79137591E-02 -0.113379806     -0.500000000    
          20          27  0.161137372      -8.83823484E-02 -0.500000000    
          20          28  0.207883790      -4.91907522E-02 -0.500000000    
          20          29   7.27426484E-02  -6.57574506E-03 -0.500000000    
          20          30   4.80737397E-03   4.18436043E-02 -0.500000000    
          20          31  0.133940488       5.18489853E-02 -0.500000000    
          20          32  0.298160672       3.48353311E-02 -0.500000000    
          20          33  0.337751657       1.28943771E-02 -0.500000000    
          21           1  -5.54030687E-02   6.80857524E-02 -0.500000000    
          21           2   4.67498451E-02   6.29920810E-02 -0.500000000    
          21           3   2.98507605E-02   3.25554982E-02 -0.500000000    
          21           4   4.76360060E-02  -3.44326049E-02 -0.500000000    
          21           5  0.101169035      -8.24661404E-02 -0.500000000    
          21           6   2.58723125E-02 -0.108157754     -0.500000000    
          21           7  -5.76591566E-02 -0.123684391     -0.500000000    
          21           8   2.08125357E-02 -0.138344765     -0.500000000    
          21           9  0.135208338     -0.144846857     -0.500000000    
          21          10  0.176419750     -0.107873619     -0.500000000    
          21          11  0.152182862      -3.81658375E-02 -0.500000000    
          21          12  0.137499660       1.80533342E-02 -0.500000000    
          21          13   9.91804451E-02   2.95940284E-02 -0.500000000    
          21          14  -4.60550599E-02   3.43147218E-02 -0.500000000    
          21          15 -0.112217367       3.95895764E-02 -0.500000000    
          21          16  -9.66828763E-02   4.42535691E-02 -0.500000000    
          21          17  -6.35181600E-03   2.74511632E-02 -0.500000000    
          21          18  -2.01710053E-02   5.61593613E-03 -0.500000000    
          21          19   1.14124650E-02  -1.66074838E-02 -0.500000000    
          21          20   9.32276770E-02  -3.87747623E-02 -0.500000000    
          21          21  0.126505509      -6.20391443E-02 -0.500000000    
          21          22  0.120017141      -6.70247227E-02 -0.500000000    
          21          23   3.67282815E-02  -9.30776969E-02 -0.500000000    
          21          24   3.00583318E-02 -0.125057891     -0.500000000    
          21          25  0.211299852     -0.147085980     -0.500000000    
          21          26  0.205848485     -0.135251626     -0.500000000    
          21          27  0.201186463     -0.111333787     -0.500000000    
          21          28  0.106976874      -7.02210143E-02 -0.500000000    
          21          29   2.98219323E-02  -3.87763456E-02 -0.500000000    
          21          30  -2.96817105E-02  -2.54830439E-03 -0.500000000    
          21          31  0.142731026      -5.19450288E-04 -0.500000000    
          21          32  0.292878449      -4.88528274E-02 -0.500000000    
          21          33  0.297319710      -7.66088143E-02 -0.500000000    
          22           1   3.58279757E-02   2.48871706E-02 -0.500000000    
          22           2   1.58264711E-02   1.34957489E-02 -0.500000000    
          22           3   6.61966130E-02   3.24973557E-03 -0.500000000    
          22           4   9.21975970E-02  -4.04116102E-02 -0.500000000    
          22           5  0.230318502      -8.45202580E-02 -0.500000000    
          22           6  0.162155688     -0.105675749     -0.500000000    
          22           7  0.191572472     -0.115975402     -0.500000000    
          22           8  0.110530891     -0.116621159     -0.500000000    
          22           9   2.19815318E-02 -0.140985131     -0.500000000    
          22          10  0.104838327     -0.129246473     -0.500000000    
          22          11  0.108911626      -7.11884350E-02 -0.500000000    
          22          12  0.120943397      -1.79566592E-02 -0.500000000    
          22          13  0.181110173       9.55090113E-03 -0.500000000    
          22          14  0.127164185       1.75584368E-02 -0.500000000    
          22          15   1.03113409E-02   3.01476642E-02 -0.500000000    
          22          16  -6.81166500E-02   5.22289537E-02 -0.500000000    
          22          17  -4.73572835E-02   5.85652590E-02 -0.500000000    
          22          18  -6.83057401E-03   3.65958102E-02 -0.500000000    
          22          19   1.36955893E-02  -7.74356537E-03 -0.500000000    
          22          20   5.81336804E-02  -4.36159410E-02 -0.500000000    
          22          21  0.120062783      -6.71497136E-02 -0.500000000    
          22          22   9.04011205E-02  -6.93707690E-02 -0.500000000    
          22          23   4.61309925E-02  -9.85583812E-02 -0.500000000    
          22          24  0.101293251     -0.122581884     -0.500000000    
          22          25  0.234212920     -0.132234097     -0.500000000    
          22          26  0.297304213     -0.132851779     -0.500000000    
          22          27  0.228353143     -0.119393125     -0.500000000    
          22          28   6.24156296E-02  -7.35675618E-02 -0.500000000    
          22          29   8.52139592E-02  -3.71819176E-02 -0.500000000    
          22          30   7.07224011E-02  -2.05512512E-02 -0.500000000    
          22          31  0.139086023      -4.35007252E-02 -0.500000000    
          22          32  0.128139898     -0.115076981     -0.500000000    
          22          33  0.114876986     -0.170838416     -0.500000000    
          23           1   6.92242756E-02  -7.75507279E-03 -0.500000000    
          23           2   2.98408419E-02  -3.89579125E-02 -0.500000000    
          23           3   8.28269124E-02  -4.65796143E-02 -0.500000000    
          23           4  0.115944430      -6.45162463E-02 -0.500000000    
          23           5  0.244078547      -7.23088682E-02 -0.500000000    
          23           6  0.197832435      -7.04296008E-02 -0.500000000    
          23           7  0.276400238      -5.80392405E-02 -0.500000000    
          23           8  0.179374129      -5.11538200E-02 -0.500000000    
          23           9  -5.49735948E-02  -8.15879628E-02 -0.500000000    
          23          10   8.34233221E-03  -9.46660340E-02 -0.500000000    
          23          11   8.54170173E-02  -8.86624306E-02 -0.500000000    
          23          12   9.51166824E-02  -6.45895824E-02 -0.500000000    
          23          13  0.200617537      -3.34802791E-02 -0.500000000    
          23          14  0.262274772      -3.33063211E-03 -0.500000000    
          23          15  0.183761030       8.79791379E-03 -0.500000000    
          23          16   7.26547167E-02   4.44089212E-02 -0.500000000    
          23          17  -1.16881058E-02   6.59380779E-02 -0.500000000    
          23          18  -3.50350998E-02   2.47357283E-02 -0.500000000    
          23          19   7.37957805E-02  -2.51308866E-02 -0.500000000    
          23          20   5.53964227E-02  -5.71455993E-02 -0.500000000    
          23          21   3.67437080E-02  -9.32217538E-02 -0.500000000    
          23          22   4.63828631E-02  -9.86402854E-02 -0.500000000    
          23          23   8.74717757E-02  -9.54279229E-02 -0.500000000    
          23          24   9.01818573E-02  -8.61134678E-02 -0.500000000    
          23          25  0.177055642      -7.03488812E-02 -0.500000000    
          23          26  0.197923750      -7.17773661E-02 -0.500000000    
          23          27  0.119217470      -8.11534226E-02 -0.500000000    
          23          28   3.74619383E-03  -5.78584671E-02 -0.500000000    
          23          29  0.116012797      -2.63748132E-02 -0.500000000    
          23          30  0.234036639      -4.55130450E-02 -0.500000000    
          23          31  0.308692753      -9.08927843E-02 -0.500000000    
          23          32  0.184222847     -0.143733755     -0.500000000    
          23          33  0.166535094     -0.205740079     -0.500000000    
          24           1  0.121377468      -2.33265525E-03 -0.500000000    
          24           2  -5.46541251E-02  -5.14963269E-02 -0.500000000    
          24           3  -8.01549293E-03  -6.12707399E-02 -0.500000000    
          24           4  -2.86366399E-02  -5.10739535E-02 -0.500000000    
          24           5  0.101614721      -8.82798061E-03 -0.500000000    
          24           6  0.174648061       2.00595986E-02 -0.500000000    
          24           7  0.241945878       2.45051011E-02 -0.500000000    
          24           8  0.142055348       1.62799843E-02 -0.500000000    
          24           9   6.35136515E-02  -2.27593593E-02 -0.500000000    
          24          10   2.83784047E-02  -7.42533207E-02 -0.500000000    
          24          11  0.142114535      -9.86696407E-02 -0.500000000    
          24          12  0.215464965      -8.55168849E-02 -0.500000000    
          24          13  0.171327218      -5.18305302E-02 -0.500000000    
          24          14  0.156982690      -4.31327149E-03 -0.500000000    
          24          15  0.137461931       2.51900051E-02 -0.500000000    
          24          16   9.28155556E-02   5.54408468E-02 -0.500000000    
          24          17  -1.57251004E-02   5.08879498E-02 -0.500000000    
          24          18  -3.63495946E-02  -9.18754097E-03 -0.500000000    
          24          19   9.75388009E-03  -5.68922758E-02 -0.500000000    
          24          20   3.74075510E-02  -8.10922608E-02 -0.500000000    
          24          21   2.97903996E-02 -0.125223711     -0.500000000    
          24          22  0.101173788     -0.122629330     -0.500000000    
          24          23   8.97965804E-02  -8.61639008E-02 -0.500000000    
          24          24  0.149057925      -2.94149220E-02 -0.500000000    
          24          25  0.127369091       1.05904276E-02 -0.500000000    
          24          26   4.81125675E-02   2.49550231E-02 -0.500000000    
          24          27   6.77360445E-02   1.82632692E-02 -0.500000000    
          24          28   3.56036276E-02   6.76690415E-03 -0.500000000    
          24          29   7.01552629E-02   9.18198843E-03 -0.500000000    
          24          30  0.169311091      -2.77333353E-02 -0.500000000    
          24          31  0.263168544      -8.55986103E-02 -0.500000000    
          24          32  0.213810414     -0.119862497     -0.500000000    
          24          33  0.325435877     -0.158758536     -0.500000000    
          25           1  0.219908535      -3.90208103E-02 -0.500000000    
          25           2  -2.04055216E-02  -6.43058866E-02 -0.500000000    
          25           3   3.63035277E-02  -5.62964231E-02 -0.500000000    
          25           4  -2.38044150E-02  -1.47431325E-02 -0.500000000    
          25           5   9.64018330E-02   3.96294929E-02 -0.500000000    
          25           6   8.05640891E-02   7.76569098E-02 -0.500000000    
          25           7   6.91294000E-02   6.93652183E-02 -0.500000000    
          25           8   9.50420722E-02   5.00836596E-02 -0.500000000    
          25           9   6.40219674E-02   1.05152884E-03 -0.500000000    
          25          10   4.33077775E-02  -6.32766038E-02 -0.500000000    
          25          11  0.174709931      -7.65610561E-02 -0.500000000    
          25          12  0.259020984      -7.29929730E-02 -0.500000000    
          25          13  0.115278080      -2.90322527E-02 -0.500000000    
          25          14   8.09682440E-03   2.98676826E-02 -0.500000000    
          25          15  0.105750553       7.12174624E-02 -0.500000000    
          25          16   6.00749254E-02   9.26383361E-02 -0.500000000    
          25          17   8.70935619E-03   6.41221181E-02 -0.500000000    
          25          18   6.67718649E-02  -4.63524926E-03 -0.500000000    
          25          19   3.88844684E-02  -6.96929619E-02 -0.500000000    
          25          20   7.64185339E-02 -0.107831903     -0.500000000    
          25          21  0.211210042     -0.147227883     -0.500000000    
          25          22  0.233793303     -0.132218868     -0.500000000    
          25          23  0.176231071      -7.04010054E-02 -0.500000000    
          25          24  0.126604766       1.04916543E-02 -0.500000000    
          25          25   5.41096143E-02   8.54763463E-02 -0.500000000    
          25          26  -6.54864684E-02  0.116764791     -0.500000000    
          25          27  -2.66665388E-02  0.114709392     -0.500000000    
          25          28   5.63795008E-02   7.26154149E-02 -0.500000000    
          25          29   4.52121757E-02   4.46270630E-02 -0.500000000    
          25          30  -2.38695107E-02   1.22090317E-02 -0.500000000    
          25          31   7.87928030E-02  -3.63725573E-02 -0.500000000    
          25          32  0.152610138      -8.55724514E-02 -0.500000000    
          25          33  0.314082921     -0.123877026     -0.500000000    
          26           1  0.352984458      -9.90299582E-02 -0.500000000    
          26           2   6.36081174E-02  -8.69302526E-02 -0.500000000    
          26           3   2.47605387E-02  -6.22026399E-02 -0.500000000    
          26           4   7.49912411E-02  -5.00845816E-03 -0.500000000    
          26           5   5.39358333E-02   6.81880340E-02 -0.500000000    
          26           6  -8.26824829E-02  0.107053578     -0.500000000    
          26           7 -0.151023254       9.53895897E-02 -0.500000000    
          26           8  -9.62456614E-02   6.68312088E-02 -0.500000000    
          26           9  -1.38822757E-02   5.23459213E-03 -0.500000000    
          26          10  0.119436704      -4.15941253E-02 -0.500000000    
          26          11  0.155455649      -4.46059108E-02 -0.500000000    
          26          12   6.39600530E-02  -1.86073966E-02 -0.500000000    
          26          13  -3.40475067E-02   2.80715488E-02 -0.500000000    
          26          14   2.35761218E-02   9.06964391E-02 -0.500000000    
          26          15   7.05881938E-02  0.126902163     -0.500000000    
          26          16   5.27400859E-02  0.136592209     -0.500000000    
          26          17   4.22863290E-02  0.101543956     -0.500000000    
          26          18  0.104973286       2.77806073E-02 -0.500000000    
          26          19  0.144318521      -6.24884777E-02 -0.500000000    
          26          20   8.88160840E-02 -0.113610148     -0.500000000    
          26          21  0.205669329     -0.135369986     -0.500000000    
          26          22  0.296600610     -0.132892877     -0.500000000    
          26          23  0.197666004      -7.19181225E-02 -0.500000000    
          26          24   4.81291935E-02   2.46903691E-02 -0.500000000    
          26          25  -6.49993569E-02  0.116614148     -0.500000000    
          26          26  -7.05621019E-02  0.171500117     -0.500000000    
          26          27   6.46547526E-02  0.175554797     -0.500000000    
          26          28  0.129919082      0.117261179     -0.500000000    
          26          29   4.34352867E-02   6.63850158E-02 -0.500000000    
          26          30  -2.04831734E-02   3.38133723E-02 -0.500000000    
          26          31  -2.73166690E-02  -6.86600246E-03 -0.500000000    
          26          32  0.138514593      -6.12646751E-02 -0.500000000    
          26          33  0.288370460     -0.100118652     -0.500000000    
          27           1  0.249722928     -0.131108984     -0.500000000    
          27           2   2.75233667E-02 -0.109586015     -0.500000000    
          27           3   2.93039810E-02  -7.24228695E-02 -0.500000000    
          27           4  0.102106676      -1.58511419E-02 -0.500000000    
          27           5   2.44220048E-02   4.70595844E-02 -0.500000000    
          27           6 -0.129080117       8.56864229E-02 -0.500000000    
          27           7 -0.152193934      0.102396138     -0.500000000    
          27           8  -2.81516854E-02   8.66325945E-02 -0.500000000    
          27           9   7.40042850E-02   1.62111111E-02 -0.500000000    
          27          10   6.93843439E-02  -2.93646790E-02 -0.500000000    
          27          11   4.85416725E-02  -1.23059899E-02 -0.500000000    
          27          12  -9.20142308E-02   3.55147235E-02 -0.500000000    
          27          13  -2.66330335E-02   9.26625580E-02 -0.500000000    
          27          14  0.124963455      0.132091418     -0.500000000    
          27          15  0.115100496      0.161337793     -0.500000000    
          27          16  -5.77577995E-03  0.181820333     -0.500000000    
          27          17  -3.60544287E-02  0.148075953     -0.500000000    
          27          18  0.111953668       6.26263469E-02 -0.500000000    
          27          19  0.194014966      -3.76959927E-02 -0.500000000    
          27          20  0.161340356      -8.85449499E-02 -0.500000000    
          27          21  0.200706750     -0.111507513     -0.500000000    
          27          22  0.227711171     -0.119626060     -0.500000000    
          27          23  0.119847745      -8.14718157E-02 -0.500000000    
          27          24   6.88997433E-02   1.78487618E-02 -0.500000000    
          27          25  -2.54260637E-02  0.114447035     -0.500000000    
          27          26   6.51728511E-02  0.175507993     -0.500000000    
          27          27  0.239270136      0.160953522     -0.500000000    
          27          28  0.208556935       9.95279178E-02 -0.500000000    
          27          29  0.120477587       4.30701375E-02 -0.500000000    
          27          30   4.26928326E-02   7.13892467E-03 -0.500000000    
          27          31  -1.31939463E-02  -1.41816847E-02 -0.500000000    
          27          32   4.05123867E-02  -4.42273058E-02 -0.500000000    
          27          33  0.122565649      -8.06089491E-02 -0.500000000    
          28           1  0.159763530      -9.24265683E-02 -0.500000000    
          28           2 -0.104045719      -7.40640834E-02 -0.500000000    
          28           3  -1.68137699E-02  -5.09120673E-02 -0.500000000    
          28           4  0.185775563      -2.40567885E-02 -0.500000000    
          28           5   9.02003720E-02   2.33349064E-03 -0.500000000    
          28           6   3.17716300E-02   6.00016490E-02 -0.500000000    
          28           7  -8.30936804E-03   9.65413377E-02 -0.500000000    
          28           8   9.74723101E-02   7.38520175E-02 -0.500000000    
          28           9  0.180009425       1.86987016E-02 -0.500000000    
          28          10  0.160952374      -1.19310310E-02 -0.500000000    
          28          11   4.57108058E-02   1.95734985E-02 -0.500000000    
          28          12  -7.96047375E-02   7.77715147E-02 -0.500000000    
          28          13  -4.35998365E-02  0.128744200     -0.500000000    
          28          14   3.53919864E-02  0.159372449     -0.500000000    
          28          15   2.84847841E-02  0.167518526     -0.500000000    
          28          16   8.55356008E-02  0.187362149     -0.500000000    
          28          17  0.140977755      0.164394110     -0.500000000    
          28          18  0.145098835       7.17985630E-02 -0.500000000    
          28          19  0.236856982      -9.09601897E-03 -0.500000000    
          28          20  0.207807481      -4.93374355E-02 -0.500000000    
          28          21  0.106544688      -7.04716891E-02 -0.500000000    
          28          22   6.23321235E-02  -7.40311444E-02 -0.500000000    
          28          23   4.69370186E-03  -5.84466755E-02 -0.500000000    
          28          24   3.70740481E-02   6.17147516E-03 -0.500000000    
          28          25   5.74697591E-02   7.22327828E-02 -0.500000000    
          28          26  0.129883856      0.117214262     -0.500000000    
          28          27  0.207528234       9.96057689E-02 -0.500000000    
          28          28  0.324140698       3.70560475E-02 -0.500000000    
          28          29  0.308178395      -2.13599484E-02 -0.500000000    
          28          30   8.55817348E-02  -4.02475260E-02 -0.500000000    
          28          31   5.98215908E-02  -2.74015255E-02 -0.500000000    
          28          32   5.94202280E-02  -2.39622984E-02 -0.500000000    
          28          33  0.161742151      -5.05908765E-02 -0.500000000    
          29           1  0.113032661       1.19031873E-02 -0.500000000    
          29           2  -8.00756738E-02   1.49530387E-02 -0.500000000    
          29           3  -5.75922020E-02   1.14129242E-02 -0.500000000    
          29           4   2.07270570E-02   7.51226861E-03 -0.500000000    
          29           5   3.79202589E-02   4.51844605E-03 -0.500000000    
          29           6   1.82452407E-02   5.28118685E-02 -0.500000000    
          29           7  -3.22814807E-02   7.61769637E-02 -0.500000000    
          29           8   6.45316839E-02   6.45429567E-02 -0.500000000    
          29           9  0.160569921       3.33119072E-02 -0.500000000    
          29          10  0.232288733       1.94137432E-02 -0.500000000    
          29          11  0.198558405       5.05312383E-02 -0.500000000    
          29          12   6.67754561E-02   8.99800658E-02 -0.500000000    
          29          13  -7.23784044E-02  0.120827653     -0.500000000    
          29          14  -5.85683994E-03  0.147699058     -0.500000000    
          29          15  0.113194197      0.158442676     -0.500000000    
          29          16  0.150832355      0.174289942     -0.500000000    
          29          17  0.200321645      0.162524268     -0.500000000    
          29          18  0.173003286      0.101772375     -0.500000000    
          29          19  0.102710530       3.94051298E-02 -0.500000000    
          29          20   7.24624842E-02  -6.76897075E-03 -0.500000000    
          29          21   2.96947584E-02  -3.91064100E-02 -0.500000000    
          29          22   8.55736434E-02  -3.77969183E-02 -0.500000000    
          29          23  0.117088966      -2.71602701E-02 -0.500000000    
          29          24   7.14785457E-02   8.47164169E-03 -0.500000000    
          29          25   4.57718633E-02   4.41361815E-02 -0.500000000    
          29          26   4.28581759E-02   6.62776679E-02 -0.500000000    
          29          27  0.118525803       4.31732871E-02 -0.500000000    
          29          28  0.306828767      -2.13036835E-02 -0.500000000    
          29          29  0.183351874      -5.95130995E-02 -0.500000000    
          29          30   1.02577871E-02  -2.89973896E-02 -0.500000000    
          29          31  0.134157091       2.31006406E-02 -0.500000000    
          29          32  0.154342309       5.24194576E-02 -0.500000000    
          29          33  0.328389585       3.28001566E-02 -0.500000000    
          30           1   6.97535574E-02  0.125662461     -0.500000000    
          30           2  -1.23330839E-02  0.108831264     -0.500000000    
          30           3   1.91112049E-02   9.17566866E-02 -0.500000000    
          30           4 -0.119681954       4.82328534E-02 -0.500000000    
          30           5  -2.03625895E-02   2.10453272E-02 -0.500000000    
          30           6   2.70028915E-02   3.52537185E-02 -0.500000000    
          30           7  -7.79837519E-02   5.54605648E-02 -0.500000000    
          30           8   2.55729165E-03   6.87318891E-02 -0.500000000    
          30           9   5.37870824E-02   5.44637479E-02 -0.500000000    
          30          10  0.105051957       3.28538865E-02 -0.500000000    
          30          11   9.68332738E-02   6.08991832E-02 -0.500000000    
          30          12   9.38374698E-02   9.98801440E-02 -0.500000000    
          30          13   4.60283905E-02  0.120568134     -0.500000000    
          30          14   5.53470105E-02  0.130034268     -0.500000000    
          30          15  0.118088908      0.127140388     -0.500000000    
          30          16  0.166394055      0.146766916     -0.500000000    
          30          17  0.225150853      0.153077692     -0.500000000    
          30          18  0.208463684      0.119262204     -0.500000000    
          30          19  0.121292241       8.22111219E-02 -0.500000000    
          30          20   4.70732199E-03   4.15128544E-02 -0.500000000    
          30          21  -2.95404531E-02  -3.00982501E-03 -0.500000000    
          30          22   7.12866336E-02  -2.12863721E-02 -0.500000000    
          30          23  0.235854268      -4.63498347E-02 -0.500000000    
          30          24  0.170725405      -2.84023136E-02 -0.500000000    
          30          25  -2.32187845E-02   1.17369816E-02 -0.500000000    
          30          26  -2.05556825E-02   3.36607136E-02 -0.500000000    
          30          27   4.11194600E-02   7.19287340E-03 -0.500000000    
          30          28   8.45525786E-02  -4.02583629E-02 -0.500000000    
          30          29   1.12156002E-02  -2.90791728E-02 -0.500000000    
          30          30 -0.126873463       4.91530485E-02 -0.500000000    
          30          31  -1.69088431E-02  0.105523966     -0.500000000    
          30          32   6.54682443E-02  0.103312559     -0.500000000    
          30          33  0.150847405       7.78835565E-02 -0.500000000    
          31           1  0.733714402      0.213498130     -0.500000000    
          31           2  0.370736569      0.176625058     -0.500000000    
          31           3  0.186582640      0.135906681     -0.500000000    
          31           4  -2.34613325E-02   7.16480315E-02 -0.500000000    
          31           5   6.18458092E-02   2.17965059E-02 -0.500000000    
          31           6  -2.60534557E-03   1.97365880E-02 -0.500000000    
          31           7 -0.142723560       5.02426997E-02 -0.500000000    
          31           8  -8.88624787E-02   8.21067467E-02 -0.500000000    
          31           9 -0.135430396       9.08873007E-02 -0.500000000    
          31          10   6.38708323E-02   6.55751303E-02 -0.500000000    
          31          11   8.77454951E-02   7.48525038E-02 -0.500000000    
          31          12  0.103803083      0.107167557     -0.500000000    
          31          13  0.118337549      0.119720154     -0.500000000    
          31          14  0.211121589      0.102431610     -0.500000000    
          31          15  0.279907882       7.23570734E-02 -0.500000000    
          31          16  0.262934059       9.18325633E-02 -0.500000000    
          31          17  0.197972983      0.124089360     -0.500000000    
          31          18  0.152964681      0.118284993     -0.500000000    
          31          19  0.141755030       9.12233740E-02 -0.500000000    
          31          20  0.134091929       5.12393788E-02 -0.500000000    
          31          21  0.143112510      -1.19626662E-03 -0.500000000    
          31          22  0.140288502      -4.44082133E-02 -0.500000000    
          31          23  0.311290085      -9.17226821E-02 -0.500000000    
          31          24  0.264114201      -8.60632658E-02 -0.500000000    
          31          25   7.88029060E-02  -3.66365612E-02 -0.500000000    
          31          26  -2.72857714E-02  -7.00011104E-03 -0.500000000    
          31          27  -1.36623345E-02  -1.41848614E-02 -0.500000000    
          31          28   5.92140257E-02  -2.74302606E-02 -0.500000000    
          31          29  0.135105819       2.31049377E-02 -0.500000000    
          31          30  -1.83219872E-02  0.105442137     -0.500000000    
          31          31  0.178692058      0.143243119     -0.500000000    
          31          32  0.106373921      0.131174713     -0.500000000    
          31          33  0.160301194      0.106698006     -0.500000000    
          32           1  0.761815250      0.226601109     -0.500000000    
          32           2  0.600125432      0.188564748     -0.500000000    
          32           3  0.273986697      0.131103948     -0.500000000    
          32           4  -5.24151474E-02   8.05482566E-02 -0.500000000    
          32           5   1.64614078E-02   5.26742125E-03 -0.500000000    
          32           6  -2.15440858E-02  -1.84261166E-02 -0.500000000    
          32           7   1.08421557E-02   2.78153587E-02 -0.500000000    
          32           8   7.75513947E-02   9.49653387E-02 -0.500000000    
          32           9 -0.124195397      0.132117257     -0.500000000    
          32          10 -0.110156752      0.114639096     -0.500000000    
          32          11  -7.85732642E-02   9.28781182E-02 -0.500000000    
          32          12  -3.48822912E-03  0.105423979     -0.500000000    
          32          13   5.16921282E-02  0.108869039     -0.500000000    
          32          14  0.183169425       7.29284957E-02 -0.500000000    
          32          15  0.322424680       2.03083809E-02 -0.500000000    
          32          16  0.303552419       3.95597480E-02 -0.500000000    
          32          17  0.219914302       8.89064223E-02 -0.500000000    
          32          18  0.170991078       9.89174023E-02 -0.500000000    
          32          19  0.193977565       8.37741643E-02 -0.500000000    
          32          20  0.298152626       3.39013226E-02 -0.500000000    
          32          21  0.293195933      -4.98260446E-02 -0.500000000    
          32          22  0.130104110     -0.116202414     -0.500000000    
          32          23  0.187776431     -0.144565389     -0.500000000    
          32          24  0.215509161     -0.120089404     -0.500000000    
          32          25  0.152503923      -8.55156705E-02 -0.500000000    
          32          26  0.138195992      -6.12230040E-02 -0.500000000    
          32          27   3.98542471E-02  -4.41748872E-02 -0.500000000    
          32          28   5.86443320E-02  -2.38268860E-02 -0.500000000    
          32          29  0.154144108       5.26693203E-02 -0.500000000    
          32          30   6.35109767E-02  0.103564799     -0.500000000    
          32          31  0.101637870      0.131427377     -0.500000000    
          32          32  -6.35394379E-02  0.146742076     -0.500000000    
          32          33 -0.151572615      0.153985918     -0.500000000    
          33           1  0.976111054      0.236063048     -0.500000000    
          33           2  0.652895212      0.192496553     -0.500000000    
          33           3  0.303717017      0.133715346     -0.500000000    
          33           4  0.193926468       8.41591135E-02 -0.500000000    
          33           5  0.344359517      -6.39893766E-03 -0.500000000    
          33           6  0.101924837      -3.41077074E-02 -0.500000000    
          33           7   6.82045817E-02  -9.17384983E-04 -0.500000000    
          33           8  0.141717762      0.100553967     -0.500000000    
          33           9  -4.96545322E-02  0.174229413     -0.500000000    
          33          10  -2.66195890E-02  0.169112355     -0.500000000    
          33          11   1.96679588E-02  0.113887794     -0.500000000    
          33          12  -1.92778627E-03  0.106293887     -0.500000000    
          33          13   9.66696888E-02  0.115163840     -0.500000000    
          33          14  0.128601938       7.79350773E-02 -0.500000000    
          33          15  0.164136782       7.46717956E-03 -0.500000000    
          33          16  0.190950140       1.64209530E-02 -0.500000000    
          33          17  0.205801889       6.30531535E-02 -0.500000000    
          33          18  0.187896565       6.49865866E-02 -0.500000000    
          33          19  0.225901395       4.88427617E-02 -0.500000000    
          33          20  0.337285817       1.18330643E-02 -0.500000000    
          33          21  0.297096997      -7.76708797E-02 -0.500000000    
          33          22  0.116917938     -0.172026455     -0.500000000    
          33          23  0.169641182     -0.206468076     -0.500000000    
          33          24  0.326548874     -0.158623442     -0.500000000    
          33          25  0.312611461     -0.123450898     -0.500000000    
          33          26  0.285640121      -9.98059511E-02 -0.500000000    
          33          27  0.119651824      -8.04819390E-02 -0.500000000    
          33          28  0.159855857      -5.03470153E-02 -0.500000000    
          33          29  0.328767538       3.32312584E-02 -0.500000000    
          33          30  0.147696897       7.85080045E-02 -0.500000000    
          33          31  0.156519532      0.107355572     -0.500000000    
          33          32 -0.156989500      0.154526576     -0.500000000    
          33          33 -0.177346587      0.196185991     -0.500000000    
