           1           1  0.560198247      0.236441761     -0.500000000    
           1           2  0.408368230      0.200034037     -0.500000000    
           1           3  0.270351648      0.172659338     -0.500000000    
           1           4  0.255206913      0.129421458     -0.500000000    
           1           5   9.13859531E-02   5.85414395E-02 -0.500000000    
           1           6  0.179209545      -2.57747043E-02 -0.500000000    
           1           7  0.157184869     -0.126814201     -0.500000000    
           1           8  0.124532238     -0.215749785     -0.500000000    
           1           9  0.199405149     -0.224310979     -0.500000000    
           1          10  0.471820891     -0.192118272     -0.500000000    
           1          11  0.416537315     -0.109849066     -0.500000000    
           1          12  0.270593554      -4.85184751E-02 -0.500000000    
           1          13  0.231659293      -5.50351618E-03 -0.500000000    
           1          14  0.198240295       7.54681602E-03 -0.500000000    
           1          15   7.28091598E-02  -8.20902933E-04 -0.500000000    
           1          16   8.89131241E-03  -4.77763638E-02 -0.500000000    
           1          17   2.51128264E-02  -7.73536116E-02 -0.500000000    
           1          18   5.23752980E-02  -4.72560003E-02 -0.500000000    
           1          19  0.169575289      -3.74703035E-02 -0.500000000    
           1          20  0.119533814      -4.42374423E-02 -0.500000000    
           1          21   2.11711675E-02  -2.59021129E-02 -0.500000000    
           1          22   5.13128862E-02  -1.12471040E-02 -0.500000000    
           1          23   8.01217854E-02  -1.88728236E-02 -0.500000000    
           1          24   3.74280126E-03  -8.66555050E-02 -0.500000000    
           1          25   4.62895930E-02 -0.130336538     -0.500000000    
           1          26  -7.70096295E-03 -0.138346329     -0.500000000    
           1          27   1.37181673E-02 -0.119490340     -0.500000000    
           1          28  -4.29806560E-02  -6.86868653E-02 -0.500000000    
           1          29   9.84562561E-04   1.33673474E-02 -0.500000000    
           1          30  0.624041975       9.61429924E-02 -0.500000000    
           1          31  0.508967042      0.113025442     -0.500000000    
           1          32  0.718450189      0.153533742     -0.500000000    
           1          33  0.768210053      0.184855506     -0.500000000    
           2           1  0.407975227      0.199993357     -0.500000000    
           2           2  0.493788868      0.176331088     -0.500000000    
           2           3  0.498690575      0.167940900     -0.500000000    
           2           4  0.184063807      0.143563315     -0.500000000    
           2           5   9.28619802E-02   6.98532164E-02 -0.500000000    
           2           6  0.157006681       2.70355580E-04 -0.500000000    
           2           7  0.139550000      -9.72683057E-02 -0.500000000    
           2           8  0.191932186     -0.201731279     -0.500000000    
           2           9  0.355032742     -0.247423053     -0.500000000    
           2          10  0.519133985     -0.239235684     -0.500000000    
           2          11  0.443822563     -0.172246546     -0.500000000    
           2          12  0.243705481      -9.01698843E-02 -0.500000000    
           2          13  0.195818350      -3.03343926E-02 -0.500000000    
           2          14  0.202379733      -7.17415195E-03 -0.500000000    
           2          15  0.107292041       3.77719221E-03 -0.500000000    
           2          16  -8.78679100E-03  -2.39114240E-02 -0.500000000    
           2          17  -2.13340931E-02  -5.16630933E-02 -0.500000000    
           2          18   2.22349130E-02  -3.93452197E-02 -0.500000000    
           2          19   6.75825253E-02  -3.54590863E-02 -0.500000000    
           2          20  -6.35055602E-02  -3.55404541E-02 -0.500000000    
           2          21 -0.117885724      -1.45266801E-02 -0.500000000    
           2          22  -9.73433349E-03  -2.52866726E-02 -0.500000000    
           2          23   4.12587523E-02  -5.89037389E-02 -0.500000000    
           2          24  0.131729767     -0.127190575     -0.500000000    
           2          25   8.64005387E-02 -0.170910552     -0.500000000    
           2          26   1.50592029E-02 -0.168307349     -0.500000000    
           2          27   9.19692963E-02 -0.136513799     -0.500000000    
           2          28  0.188473687      -8.14154819E-02 -0.500000000    
           2          29  0.131649762       5.49026020E-03 -0.500000000    
           2          30  0.290540785       9.72016156E-02 -0.500000000    
           2          31  0.411589533      0.144771785     -0.500000000    
           2          32  0.608560681      0.174241796     -0.500000000    
           2          33  0.789170027      0.181397885     -0.500000000    
           3           1  0.269628108      0.172658429     -0.500000000    
           3           2  0.498343945      0.167953938     -0.500000000    
           3           3  0.287483454      0.158590585     -0.500000000    
           3           4  -1.82011575E-02  0.141842827     -0.500000000    
           3           5   3.58886421E-02   9.40288007E-02 -0.500000000    
           3           6  0.278707802       3.05399597E-02 -0.500000000    
           3           7  0.299492598      -6.70614913E-02 -0.500000000    
           3           8  0.284361780     -0.174281642     -0.500000000    
           3           9  0.334586114     -0.221488714     -0.500000000    
           3          10  0.366501957     -0.229183555     -0.500000000    
           3          11  0.198344722     -0.187763765     -0.500000000    
           3          12   2.36655548E-02 -0.113800310     -0.500000000    
           3          13   8.98951367E-02  -5.72470240E-02 -0.500000000    
           3          14  0.122495741      -2.85102464E-02 -0.500000000    
           3          15   4.51604165E-02   1.63543504E-02 -0.500000000    
           3          16  -4.36511636E-03   2.04685107E-02 -0.500000000    
           3          17   2.17459202E-02  -5.50926058E-03 -0.500000000    
           3          18   7.16677159E-02  -9.96962003E-03 -0.500000000    
           3          19   8.14447850E-02  -2.53788345E-02 -0.500000000    
           3          20   6.42124191E-02  -3.87095474E-02 -0.500000000    
           3          21   1.95046328E-02  -1.89248919E-02 -0.500000000    
           3          22   4.49844077E-03  -4.35431674E-02 -0.500000000    
           3          23  -1.65639184E-02  -8.41491520E-02 -0.500000000    
           3          24   7.51052499E-02 -0.137041003     -0.500000000    
           3          25   6.00853674E-02 -0.161324561     -0.500000000    
           3          26   7.06883445E-02 -0.145734519     -0.500000000    
           3          27  0.188362867     -0.121415116     -0.500000000    
           3          28  0.301940829      -7.61613250E-02 -0.500000000    
           3          29  0.202807978       1.30511005E-03 -0.500000000    
           3          30  0.114632010       7.66343847E-02 -0.500000000    
           3          31  0.166898519      0.128569469     -0.500000000    
           3          32  0.295994133      0.144109130     -0.500000000    
           3          33  0.430578232      0.137466013     -0.500000000    
           4           1  0.255043864      0.129461154     -0.500000000    
           4           2  0.184088409      0.143612668     -0.500000000    
           4           3  -1.81096531E-02  0.141876042     -0.500000000    
           4           4  -8.24667513E-05  0.124695316     -0.500000000    
           4           5  -2.77717249E-03  0.100126706     -0.500000000    
           4           6  0.223809168       5.31620234E-02 -0.500000000    
           4           7  0.260093898      -2.38749925E-02 -0.500000000    
           4           8  0.188448146     -0.105978526     -0.500000000    
           4           9   9.51480940E-02 -0.134506240     -0.500000000    
           4          10   3.86528336E-02 -0.159795776     -0.500000000    
           4          11  0.103955105     -0.144208029     -0.500000000    
           4          12   5.01142032E-02  -8.30421895E-02 -0.500000000    
           4          13   5.62100597E-02  -2.44523231E-02 -0.500000000    
           4          14  0.105359152      -1.58688286E-03 -0.500000000    
           4          15   6.41442612E-02   3.13732512E-02 -0.500000000    
           4          16   8.16331506E-02   4.08602245E-02 -0.500000000    
           4          17  0.132551357       1.73094086E-02 -0.500000000    
           4          18  0.119036965      -4.84770536E-03 -0.500000000    
           4          19  0.114557065      -3.29259448E-02 -0.500000000    
           4          20  0.155787870      -5.10709509E-02 -0.500000000    
           4          21  0.160328314      -3.33747044E-02 -0.500000000    
           4          22   8.09122771E-02  -5.45940362E-02 -0.500000000    
           4          23  -2.13331147E-03  -6.24557808E-02 -0.500000000    
           4          24  0.167752549      -7.55628571E-02 -0.500000000    
           4          25  0.166253373      -8.04770067E-02 -0.500000000    
           4          26   8.51925015E-02  -6.95876926E-02 -0.500000000    
           4          27  0.202468038      -6.47107437E-02 -0.500000000    
           4          28  0.250161320      -3.82403880E-02 -0.500000000    
           4          29  0.217595145       1.28696170E-02 -0.500000000    
           4          30  0.219234124       7.62929693E-02 -0.500000000    
           4          31   1.55584626E-02  0.103446290     -0.500000000    
           4          32   7.01143667E-02   9.37903225E-02 -0.500000000    
           4          33  -4.79530618E-02   8.23430419E-02 -0.500000000    
           5           1   9.14770067E-02   5.86133003E-02 -0.500000000    
           5           2   9.30489078E-02   6.99301735E-02 -0.500000000    
           5           3   3.59020270E-02   9.40881744E-02 -0.500000000    
           5           4  -2.90553668E-03  0.100136556     -0.500000000    
           5           5 -0.145117670       8.91113877E-02 -0.500000000    
           5           6  -6.86922967E-02   5.21825477E-02 -0.500000000    
           5           7  0.105976269      -1.49345724E-04 -0.500000000    
           5           8  0.135483116      -4.18665335E-02 -0.500000000    
           5           9   7.34797046E-02  -6.88859597E-02 -0.500000000    
           5          10   5.42726666E-02  -9.31860805E-02 -0.500000000    
           5          11   6.00911267E-02  -8.46481174E-02 -0.500000000    
           5          12   6.28537387E-02  -4.61928174E-02 -0.500000000    
           5          13   4.09782231E-02  -4.53703431E-03 -0.500000000    
           5          14   4.79755178E-02  -8.31898418E-04 -0.500000000    
           5          15  0.137015894       2.94070803E-02 -0.500000000    
           5          16  0.155704796       3.46667506E-02 -0.500000000    
           5          17  0.159374297       1.18835419E-02 -0.500000000    
           5          18  0.182434544       6.95059914E-03 -0.500000000    
           5          19   8.07682499E-02  -1.82777587E-02 -0.500000000    
           5          20   5.11310548E-02  -5.43041714E-02 -0.500000000    
           5          21   6.86774924E-02  -5.47533892E-02 -0.500000000    
           5          22  -1.37844989E-02  -4.60720435E-02 -0.500000000    
           5          23  -1.35019971E-02  -1.39232185E-02 -0.500000000    
           5          24  0.106860891       2.25001597E-03 -0.500000000    
           5          25   8.16665441E-02   1.79888681E-02 -0.500000000    
           5          26   4.47901674E-02  -2.74423580E-03 -0.500000000    
           5          27   9.46122855E-02  -2.15107854E-02 -0.500000000    
           5          28   5.31759709E-02  -8.15597945E-04 -0.500000000    
           5          29   9.97991636E-02   2.69760452E-02 -0.500000000    
           5          30  0.102847837       5.76792918E-02 -0.500000000    
           5          31  -8.73198882E-02   6.87004253E-02 -0.500000000    
           5          32  -5.31032495E-02   6.97459951E-02 -0.500000000    
           5          33 -0.179242954       6.08932041E-02 -0.500000000    
           6           1  0.179395527      -2.57498994E-02 -0.500000000    
           6           2  0.157610089       3.08520015E-04 -0.500000000    
           6           3  0.279434890       3.05735860E-02 -0.500000000    
           6           4  0.224197239       5.31597771E-02 -0.500000000    
           6           5  -6.89265504E-02   5.21862805E-02 -0.500000000    
           6           6 -0.135613933       2.41996832E-02 -0.500000000    
           6           7  -4.04510126E-02   4.28673695E-04 -0.500000000    
           6           8   2.51034796E-02  -2.06039455E-02 -0.500000000    
           6           9   4.21082377E-02  -4.63617779E-02 -0.500000000    
           6          10  0.148057252      -7.04232827E-02 -0.500000000    
           6          11  0.148718178      -5.88395707E-02 -0.500000000    
           6          12  0.119865276      -4.50232625E-02 -0.500000000    
           6          13   8.22697431E-02  -1.69816446E-02 -0.500000000    
           6          14  0.117679469      -5.71323792E-04 -0.500000000    
           6          15  0.152365193       2.69843359E-03 -0.500000000    
           6          16  0.178995043      -2.39634812E-02 -0.500000000    
           6          17  0.132815823      -4.68759462E-02 -0.500000000    
           6          18   6.86800182E-02  -4.21819054E-02 -0.500000000    
           6          19  -2.43475754E-02  -4.39435728E-02 -0.500000000    
           6          20  -9.49898809E-02  -7.85853118E-02 -0.500000000    
           6          21   2.11043097E-02  -7.92003050E-02 -0.500000000    
           6          22   8.69708285E-02  -4.37808596E-02 -0.500000000    
           6          23  0.206774414       2.13270579E-02 -0.500000000    
           6          24  0.174097523       5.45305945E-02 -0.500000000    
           6          25   6.61679953E-02   6.83328733E-02 -0.500000000    
           6          26   8.28933343E-02   3.60214412E-02 -0.500000000    
           6          27   4.99589480E-02   1.10025089E-02 -0.500000000    
           6          28  -7.83888400E-02  -2.48746015E-03 -0.500000000    
           6          29   2.16001421E-02  -6.15168922E-03 -0.500000000    
           6          30   1.14773735E-02   3.64824641E-03 -0.500000000    
           6          31  -1.73487272E-02   1.57281547E-03 -0.500000000    
           6          32   9.26565900E-02   2.11886466E-02 -0.500000000    
           6          33  0.163275138       1.65463779E-02 -0.500000000    
           7           1  0.157422125     -0.126951963     -0.500000000    
           7           2  0.140128866      -9.74031612E-02 -0.500000000    
           7           3  0.300367773      -6.71771541E-02 -0.500000000    
           7           4  0.260731310      -2.39345282E-02 -0.500000000    
           7           5  0.105916999      -1.48024381E-04 -0.500000000    
           7           6  -4.04990204E-02   4.26463346E-04 -0.500000000    
           7           7  0.166181758       1.00436946E-02 -0.500000000    
           7           8  0.189360291      -3.98140214E-03 -0.500000000    
           7           9   9.66204405E-02  -5.41544780E-02 -0.500000000    
           7          10   7.03197345E-02  -8.30929503E-02 -0.500000000    
           7          11   3.82829979E-02  -7.20672384E-02 -0.500000000    
           7          12   4.86438200E-02  -6.88764453E-02 -0.500000000    
           7          13  0.130062833      -3.79290543E-02 -0.500000000    
           7          14  0.114710853      -3.15479189E-02 -0.500000000    
           7          15  0.105114058      -4.71833833E-02 -0.500000000    
           7          16  0.123383969      -8.84277672E-02 -0.500000000    
           7          17   1.96577068E-02 -0.110650361     -0.500000000    
           7          18   1.41355535E-02 -0.106123373     -0.500000000    
           7          19   4.07772921E-02  -9.64666456E-02 -0.500000000    
           7          20   4.12366204E-02 -0.114942037     -0.500000000    
           7          21   9.05589387E-02 -0.112662405     -0.500000000    
           7          22   3.17990445E-02  -7.23219141E-02 -0.500000000    
           7          23  0.122580521      -7.33605353E-03 -0.500000000    
           7          24   4.88769412E-02   4.04436365E-02 -0.500000000    
           7          25   3.35992500E-02   6.78753108E-02 -0.500000000    
           7          26  0.109534562       5.28568514E-02 -0.500000000    
           7          27   9.07437056E-02   2.73905266E-02 -0.500000000    
           7          28   2.31442526E-02   4.15505515E-03 -0.500000000    
           7          29   9.75905955E-02  -9.56977531E-03 -0.500000000    
           7          30   9.04208124E-02  -3.17272209E-02 -0.500000000    
           7          31   8.67243558E-02  -5.37858792E-02 -0.500000000    
           7          32   1.88260842E-02  -2.18734443E-02 -0.500000000    
           7          33  0.204988033       1.71376597E-02 -0.500000000    
           8           1  0.125144333     -0.216068223     -0.500000000    
           8           2  0.192872003     -0.202087745     -0.500000000    
           8           3  0.285587162     -0.174560994     -0.500000000    
           8           4  0.188956708     -0.106089696     -0.500000000    
           8           5  0.135367543      -4.18804251E-02 -0.500000000    
           8           6   2.50403769E-02  -2.06520278E-02 -0.500000000    
           8           7  0.189384162      -4.06954950E-03 -0.500000000    
           8           8  0.173535377       8.51683551E-04 -0.500000000    
           8           9  0.107920140      -5.68163358E-02 -0.500000000    
           8          10  0.105017528     -0.106517456     -0.500000000    
           8          11   5.36302552E-02 -0.114692174     -0.500000000    
           8          12  -6.41039535E-02  -8.71199593E-02 -0.500000000    
           8          13   3.13600153E-02  -7.13455454E-02 -0.500000000    
           8          14  0.120776594      -6.54567853E-02 -0.500000000    
           8          15   9.08976197E-02  -7.53943250E-02 -0.500000000    
           8          16   3.89219597E-02 -0.116820231     -0.500000000    
           8          17   5.96160181E-02 -0.139950037     -0.500000000    
           8          18  0.103427976     -0.141230598     -0.500000000    
           8          19  0.221182033     -0.127830997     -0.500000000    
           8          20  0.122066371     -0.149579495     -0.500000000    
           8          21   6.65941313E-02 -0.151367441     -0.500000000    
           8          22   4.36213911E-02 -0.117622301     -0.500000000    
           8          23  -5.56501560E-02  -6.17919266E-02 -0.500000000    
           8          24  -7.88257197E-02  -8.62973277E-03 -0.500000000    
           8          25  -7.17649832E-02   1.72955934E-02 -0.500000000    
           8          26   8.12596530E-02   1.96446255E-02 -0.500000000    
           8          27   7.56877512E-02   1.50443269E-02 -0.500000000    
           8          28   2.30896156E-02   3.39406691E-02 -0.500000000    
           8          29  0.121002026       1.25017529E-02 -0.500000000    
           8          30   7.21662715E-02  -3.94290090E-02 -0.500000000    
           8          31   5.31349741E-02  -7.69250467E-02 -0.500000000    
           8          32  -8.45731944E-02  -5.51232286E-02 -0.500000000    
           8          33  -1.01395007E-02  -1.34898201E-02 -0.500000000    
           9           1  0.200997278     -0.224963903     -0.500000000    
           9           2  0.356843352     -0.248094067     -0.500000000    
           9           3  0.335917324     -0.221956998     -0.500000000    
           9           4   9.51545089E-02 -0.134698227     -0.500000000    
           9           5   7.33016804E-02  -6.89364746E-02 -0.500000000    
           9           6   4.20883968E-02  -4.64225188E-02 -0.500000000    
           9           7   9.67952460E-02  -5.42775020E-02 -0.500000000    
           9           8  0.107853420      -5.68731725E-02 -0.500000000    
           9           9  -4.20680121E-02 -0.109145746     -0.500000000    
           9          10   6.50331005E-02 -0.145110562     -0.500000000    
           9          11   7.79940337E-02 -0.126347438     -0.500000000    
           9          12   1.98316434E-03  -7.93757513E-02 -0.500000000    
           9          13   1.72724221E-02  -6.12015091E-02 -0.500000000    
           9          14  0.135513499      -5.31970151E-02 -0.500000000    
           9          15  0.227222338      -6.53345287E-02 -0.500000000    
           9          16  0.229407296     -0.117914431     -0.500000000    
           9          17  0.214887142     -0.144394860     -0.500000000    
           9          18  0.239423692     -0.142813608     -0.500000000    
           9          19  0.273288876     -0.136572585     -0.500000000    
           9          20  0.195796698     -0.171297848     -0.500000000    
           9          21  0.123572156     -0.180125281     -0.500000000    
           9          22  0.148433149     -0.149590999     -0.500000000    
           9          23   7.89963529E-02 -0.105611548     -0.500000000    
           9          24 -0.128965974      -6.95346072E-02 -0.500000000    
           9          25  -7.20335990E-02  -4.55293618E-02 -0.500000000    
           9          26   5.45302518E-02  -2.52579376E-02 -0.500000000    
           9          27   5.42258546E-02   5.03103365E-04 -0.500000000    
           9          28   8.75900388E-02   4.42579575E-02 -0.500000000    
           9          29  0.112963647       4.31671403E-02 -0.500000000    
           9          30  0.112771288      -1.07268738E-02 -0.500000000    
           9          31  0.159393638      -6.75217360E-02 -0.500000000    
           9          32  0.123882569      -7.28475749E-02 -0.500000000    
           9          33  -1.55365579E-02  -5.74758612E-02 -0.500000000    
          10           1  0.472160041     -0.192778900     -0.500000000    
          10           2  0.519892871     -0.239835739     -0.500000000    
          10           3  0.366634846     -0.229536012     -0.500000000    
          10           4   3.84631753E-02 -0.159898430     -0.500000000    
          10           5   5.40222451E-02  -9.31817889E-02 -0.500000000    
          10           6  0.147906706      -7.04640448E-02 -0.500000000    
          10           7   7.04481676E-02  -8.32434669E-02 -0.500000000    
          10           8  0.105000354     -0.106637649     -0.500000000    
          10           9   6.49918169E-02 -0.145180434     -0.500000000    
          10          10  0.116351590     -0.170810476     -0.500000000    
          10          11  0.229270294     -0.134596407     -0.500000000    
          10          12  0.151177973      -6.37565553E-02 -0.500000000    
          10          13   1.09100733E-02  -3.15552950E-02 -0.500000000    
          10          14  -1.81751922E-02  -2.27314681E-02 -0.500000000    
          10          15  0.182433039      -3.00565809E-02 -0.500000000    
          10          16  0.241120771      -8.24420005E-02 -0.500000000    
          10          17  0.193321481     -0.110228091     -0.500000000    
          10          18   8.77158120E-02 -0.104591414     -0.500000000    
          10          19   3.04893702E-02 -0.100085042     -0.500000000    
          10          20  0.140064687     -0.144345403     -0.500000000    
          10          21  0.178535208     -0.174871325     -0.500000000    
          10          22  0.217832878     -0.164089009     -0.500000000    
          10          23  0.149687871     -0.150783166     -0.500000000    
          10          24   4.84866984E-02 -0.118702613     -0.500000000    
          10          25   3.14209871E-02  -9.31898355E-02 -0.500000000    
          10          26  0.110799141      -7.33176768E-02 -0.500000000    
          10          27  0.169226468      -3.21761146E-02 -0.500000000    
          10          28  0.102892645       2.44610813E-02 -0.500000000    
          10          29   4.42632362E-02   4.61024046E-02 -0.500000000    
          10          30  0.108343154       2.60772053E-02 -0.500000000    
          10          31   8.65088478E-02  -2.40951125E-02 -0.500000000    
          10          32  0.106699966      -4.49060239E-02 -0.500000000    
          10          33  -3.87168378E-02  -4.69237193E-02 -0.500000000    
          11           1  0.415306598     -0.110119909     -0.500000000    
          11           2  0.442877620     -0.172413260     -0.500000000    
          11           3  0.197734267     -0.187808692     -0.500000000    
          11           4  0.103888676     -0.144116417     -0.500000000    
          11           5   5.98360337E-02  -8.44668522E-02 -0.500000000    
          11           6  0.148338497      -5.86946942E-02 -0.500000000    
          11           7   3.83419581E-02  -7.20699728E-02 -0.500000000    
          11           8   5.38523495E-02 -0.114794396     -0.500000000    
          11           9   7.84333050E-02 -0.126504377     -0.500000000    
          11          10  0.229926974     -0.134787127     -0.500000000    
          11          11  0.202455789      -8.70424658E-02 -0.500000000    
          11          12   9.10534412E-02   5.48175303E-05 -0.500000000    
          11          13 -0.111386731       2.99851391E-02 -0.500000000    
          11          14 -0.171179414       2.11624093E-02 -0.500000000    
          11          15   1.76857226E-02   4.11712658E-03 -0.500000000    
          11          16  0.231061220      -3.10794190E-02 -0.500000000    
          11          17  0.170904860      -5.58537096E-02 -0.500000000    
          11          18   4.49823663E-02  -6.32142276E-02 -0.500000000    
          11          19   1.54295582E-02  -6.00094646E-02 -0.500000000    
          11          20   2.61648931E-03  -8.51755887E-02 -0.500000000    
          11          21   6.98067993E-02 -0.113047011     -0.500000000    
          11          22  0.184865013     -0.132741645     -0.500000000    
          11          23  0.210878134     -0.129999980     -0.500000000    
          11          24  0.113552406     -0.118630096     -0.500000000    
          11          25   6.04677871E-02 -0.112134680     -0.500000000    
          11          26   6.99408874E-02  -9.78325158E-02 -0.500000000    
          11          27  0.114826843      -6.24106564E-02 -0.500000000    
          11          28   4.72572483E-02  -3.32454941E-03 -0.500000000    
          11          29  -4.85800989E-02   2.94514056E-02 -0.500000000    
          11          30  0.126180336       2.54395939E-02 -0.500000000    
          11          31   9.63075086E-02  -6.89808652E-03 -0.500000000    
          11          32  0.132396922      -2.37630866E-02 -0.500000000    
          11          33   1.84382051E-02  -1.23055680E-02 -0.500000000    
          12           1  0.268922627      -4.81855273E-02 -0.500000000    
          12           2  0.241909578      -8.98144916E-02 -0.500000000    
          12           3   2.29956061E-02 -0.113555767     -0.500000000    
          12           4   4.93857563E-02  -8.28051269E-02 -0.500000000    
          12           5   6.21493869E-02  -4.59066294E-02 -0.500000000    
          12           6  0.119192019      -4.47306670E-02 -0.500000000    
          12           7   4.82288972E-02  -6.86844289E-02 -0.500000000    
          12           8  -6.44559041E-02  -8.70814174E-02 -0.500000000    
          12           9   2.07478041E-03  -7.94951320E-02 -0.500000000    
          12          10  0.151487410      -6.40249997E-02 -0.500000000    
          12          11   9.11833346E-02  -1.39376381E-04 -0.500000000    
          12          12  0.118357904       6.92147985E-02 -0.500000000    
          12          13   3.29025984E-02   7.95459077E-02 -0.500000000    
          12          14  -6.86990619E-02   5.49983606E-02 -0.500000000    
          12          15   1.71549730E-02   2.09377818E-02 -0.500000000    
          12          16  0.137401685      -2.50739530E-02 -0.500000000    
          12          17  0.187759653      -3.26140635E-02 -0.500000000    
          12          18  0.126358122      -1.78746339E-02 -0.500000000    
          12          19  0.122520700      -8.34704749E-03 -0.500000000    
          12          20   5.07342033E-02  -3.46644521E-02 -0.500000000    
          12          21  -2.30076276E-02  -4.84330878E-02 -0.500000000    
          12          22   6.40340745E-02  -7.19227940E-02 -0.500000000    
          12          23  0.150550708      -8.96648243E-02 -0.500000000    
          12          24   6.87689558E-02 -0.101810090     -0.500000000    
          12          25  -3.91921699E-02  -9.65260044E-02 -0.500000000    
          12          26   6.75100461E-02  -9.61864665E-02 -0.500000000    
          12          27   8.86753798E-02  -6.70141205E-02 -0.500000000    
          12          28   2.75857560E-02  -8.71525053E-03 -0.500000000    
          12          29  -5.72829954E-02   3.84421647E-02 -0.500000000    
          12          30   3.01193576E-02   4.70560379E-02 -0.500000000    
          12          31   1.07428264E-02   2.00953949E-02 -0.500000000    
          12          32   7.32076019E-02  -1.27148069E-02 -0.500000000    
          12          33  -7.95293041E-03  -8.76317453E-03 -0.500000000    
          13           1  0.229858086      -4.83325217E-03 -0.500000000    
          13           2  0.194339588      -2.97325347E-02 -0.500000000    
          13           3   8.93162936E-02  -5.68390340E-02 -0.500000000    
          13           4   5.56700192E-02  -2.41634678E-02 -0.500000000    
          13           5   4.04815748E-02  -4.29365737E-03 -0.500000000    
          13           6   8.15722495E-02  -1.67036466E-02 -0.500000000    
          13           7  0.129210487      -3.76434959E-02 -0.500000000    
          13           8   3.05530485E-02  -7.11490214E-02 -0.500000000    
          13           9   1.69166625E-02  -6.11547790E-02 -0.500000000    
          13          10   1.06460489E-02  -3.17132026E-02 -0.500000000    
          13          11 -0.111069523       2.96934079E-02 -0.500000000    
          13          12   3.32075730E-02   7.93111250E-02 -0.500000000    
          13          13  0.111519530       8.12527388E-02 -0.500000000    
          13          14  0.122735292       4.84316759E-02 -0.500000000    
          13          15  0.117519982       1.71075296E-02 -0.500000000    
          13          16   9.30641517E-02  -2.43467949E-02 -0.500000000    
          13          17   8.88456926E-02  -2.52637696E-02 -0.500000000    
          13          18  0.156463027      -1.62908784E-03 -0.500000000    
          13          19  0.144619882       1.16171641E-02 -0.500000000    
          13          20   9.68716592E-02   8.36052280E-03 -0.500000000    
          13          21   5.79638928E-02  -2.12622248E-02 -0.500000000    
          13          22  -5.21828234E-02  -4.36036400E-02 -0.500000000    
          13          23   9.49335983E-04  -6.37318268E-02 -0.500000000    
          13          24   5.73025271E-02  -8.30042288E-02 -0.500000000    
          13          25  0.121085316      -6.82267174E-02 -0.500000000    
          13          26  0.173662260      -5.07965274E-02 -0.500000000    
          13          27   6.98875934E-02  -2.10026465E-02 -0.500000000    
          13          28  -8.23119190E-03   2.00618785E-02 -0.500000000    
          13          29   3.61143798E-02   5.12279645E-02 -0.500000000    
          13          30   2.48915749E-03   5.35030216E-02 -0.500000000    
          13          31   1.90538988E-02   2.99294572E-02 -0.500000000    
          13          32   8.20879340E-02  -5.33205876E-03 -0.500000000    
          13          33 -0.102634095      -2.10073404E-02 -0.500000000    
          14           1  0.196951017       8.30293074E-03 -0.500000000    
          14           2  0.201550022      -6.47696247E-03 -0.500000000    
          14           3  0.122035384      -2.79174726E-02 -0.500000000    
          14           4  0.105461285      -1.12551881E-03 -0.500000000    
          14           5   4.85979095E-02  -5.48116805E-04 -0.500000000    
          14           6  0.118007064      -3.58890975E-04 -0.500000000    
          14           7  0.114446901      -3.13410386E-02 -0.500000000    
          14           8  0.120228827      -6.52853549E-02 -0.500000000    
          14           9  0.134895980      -5.30766323E-02 -0.500000000    
          14          10  -1.88990533E-02  -2.27190107E-02 -0.500000000    
          14          11 -0.171178550       2.08986942E-02 -0.500000000    
          14          12  -6.82499185E-02   5.45896478E-02 -0.500000000    
          14          13  0.123446137       4.81138267E-02 -0.500000000    
          14          14  0.189881712       2.90939063E-02 -0.500000000    
          14          15  0.164967552      -1.11445906E-02 -0.500000000    
          14          16   8.69163647E-02  -2.87380386E-02 -0.500000000    
          14          17   7.17577115E-02  -2.52296757E-02 -0.500000000    
          14          18  0.111781903      -2.62909997E-02 -0.500000000    
          14          19  0.153892726      -1.51225599E-02 -0.500000000    
          14          20  0.183687747      -1.56755354E-02 -0.500000000    
          14          21   9.90523845E-02  -3.02771982E-02 -0.500000000    
          14          22  -1.29981488E-02  -2.94398423E-02 -0.500000000    
          14          23  -3.09323668E-02  -2.80436911E-02 -0.500000000    
          14          24  0.142827496      -2.30290685E-02 -0.500000000    
          14          25  0.213385478      -3.83696845E-03 -0.500000000    
          14          26  0.165643558       2.61549000E-02 -0.500000000    
          14          27   4.45879251E-03   5.96002042E-02 -0.500000000    
          14          28   5.12096919E-02   6.22057803E-02 -0.500000000    
          14          29   6.55316561E-02   5.97043410E-02 -0.500000000    
          14          30   5.47814928E-02   4.88303863E-02 -0.500000000    
          14          31  0.115277693       2.49128919E-02 -0.500000000    
          14          32  0.210423931      -2.97346176E-03 -0.500000000    
          14          33   1.68422628E-02  -3.46113481E-02 -0.500000000    
          15           1   7.17055500E-02  -6.49153488E-04 -0.500000000    
          15           2  0.105955623       4.08360595E-03 -0.500000000    
          15           3   4.37956564E-02   1.68641116E-02 -0.500000000    
          15           4   6.33104891E-02   3.19972597E-02 -0.500000000    
          15           5  0.137181267       2.99920067E-02 -0.500000000    
          15           6  0.153268099       3.14453873E-03 -0.500000000    
          15           7  0.106036119      -4.68861423E-02 -0.500000000    
          15           8   9.14036781E-02  -7.52162784E-02 -0.500000000    
          15           9  0.227128178      -6.51889145E-02 -0.500000000    
          15          10  0.182201326      -2.99420673E-02 -0.500000000    
          15          11   1.74560472E-02   3.99666140E-03 -0.500000000    
          15          12   1.72296837E-02   2.05307156E-02 -0.500000000    
          15          13  0.118099868       1.65947340E-02 -0.500000000    
          15          14  0.165547818      -1.15180090E-02 -0.500000000    
          15          15   9.77972373E-02  -5.43287583E-02 -0.500000000    
          15          16   3.41379046E-02  -8.19475949E-02 -0.500000000    
          15          17  -2.87111327E-02  -8.34362656E-02 -0.500000000    
          15          18   5.57746664E-02  -8.21442083E-02 -0.500000000    
          15          19  0.165286258      -7.45716915E-02 -0.500000000    
          15          20  0.174877897      -4.62264344E-02 -0.500000000    
          15          21  0.114869162      -3.39333750E-02 -0.500000000    
          15          22   1.53146759E-02  -2.32679211E-02 -0.500000000    
          15          23   7.49231055E-02  -1.42874080E-04 -0.500000000    
          15          24  0.132144928       7.44288089E-03 -0.500000000    
          15          25   7.02027678E-02   1.74224768E-02 -0.500000000    
          15          26   1.19623849E-02   4.49797362E-02 -0.500000000    
          15          27   5.35365008E-03   7.61348009E-02 -0.500000000    
          15          28  0.137145400       8.87868404E-02 -0.500000000    
          15          29  0.109162763       7.65300542E-02 -0.500000000    
          15          30  0.123699807       5.74015826E-02 -0.500000000    
          15          31  0.194568306       2.65613664E-02 -0.500000000    
          15          32  0.261532634      -2.82339542E-03 -0.500000000    
          15          33  0.165133238      -3.82433198E-02 -0.500000000    
          16           1   1.13889547E-02  -4.85994853E-02 -0.500000000    
          16           2  -6.97558420E-03  -2.45760269E-02 -0.500000000    
          16           3  -4.13504569E-03   2.00600177E-02 -0.500000000    
          16           4   8.07083473E-02   4.06733826E-02 -0.500000000    
          16           5  0.154579192       3.47223356E-02 -0.500000000    
          16           6  0.178339705      -2.36976910E-02 -0.500000000    
          16           7  0.123794056      -8.80469233E-02 -0.500000000    
          16           8   3.97713855E-02 -0.116448469     -0.500000000    
          16           9  0.229856417     -0.117578596     -0.500000000    
          16          10  0.241353929      -8.21353793E-02 -0.500000000    
          16          11  0.231145233      -3.09610907E-02 -0.500000000    
          16          12  0.137282014      -2.53183432E-02 -0.500000000    
          16          13   9.32583511E-02  -2.48988364E-02 -0.500000000    
          16          14   8.75369385E-02  -2.93653179E-02 -0.500000000    
          16          15   3.48486081E-02  -8.23477954E-02 -0.500000000    
          16          16  -5.84050566E-02 -0.108789556     -0.500000000    
          16          17  -9.05831531E-02 -0.119420826     -0.500000000    
          16          18  -2.25400254E-02 -0.118354045     -0.500000000    
          16          19  0.108112343      -8.86443704E-02 -0.500000000    
          16          20   9.42162275E-02  -4.08010706E-02 -0.500000000    
          16          21   6.08674921E-02  -3.51056457E-02 -0.500000000    
          16          22   8.48544668E-03  -3.97568233E-02 -0.500000000    
          16          23  -2.30876524E-02  -4.06213515E-02 -0.500000000    
          16          24   5.57086468E-02  -4.86855134E-02 -0.500000000    
          16          25   2.35741418E-02  -5.01737408E-02 -0.500000000    
          16          26   4.13082261E-03  -2.08910108E-02 -0.500000000    
          16          27   8.31062272E-02   1.49634657E-02 -0.500000000    
          16          28  0.132885888       5.96847534E-02 -0.500000000    
          16          29  0.195123017       6.44836351E-02 -0.500000000    
          16          30  0.177742064       2.61648837E-02 -0.500000000    
          16          31  0.175503641      -1.40208825E-02 -0.500000000    
          16          32  0.218252778      -5.14918491E-02 -0.500000000    
          16          33  0.184687540      -8.22418779E-02 -0.500000000    
          17           1   2.74653751E-02  -7.73019120E-02 -0.500000000    
          17           2  -1.89772509E-02  -5.15389293E-02 -0.500000000    
          17           3   2.43723467E-02  -5.40378643E-03 -0.500000000    
          17           4  0.135080263       1.71724334E-02 -0.500000000    
          17           5  0.161549747       1.14930524E-02 -0.500000000    
          17           6  0.133850589      -4.73150164E-02 -0.500000000    
          17           7   1.93821844E-02 -0.110856861     -0.500000000    
          17           8   5.92939071E-02 -0.139763653     -0.500000000    
          17           9  0.215224668     -0.143944860     -0.500000000    
          17          10  0.193545625     -0.109725907     -0.500000000    
          17          11  0.170539334      -5.54594658E-02 -0.500000000    
          17          12  0.187508374      -3.25099863E-02 -0.500000000    
          17          13   8.87306109E-02  -2.55380999E-02 -0.500000000    
          17          14   7.20528737E-02  -2.58765537E-02 -0.500000000    
          17          15  -2.78750900E-02  -8.41432884E-02 -0.500000000    
          17          16  -8.93893465E-02 -0.119836494     -0.500000000    
          17          17  -2.95862220E-02 -0.123392656     -0.500000000    
          17          18  -6.17106557E-02 -0.122691259     -0.500000000    
          17          19   6.79634139E-02  -8.34127367E-02 -0.500000000    
          17          20   5.39766029E-02  -2.93788519E-02 -0.500000000    
          17          21  -5.27739413E-02  -2.70904563E-02 -0.500000000    
          17          22  -8.26364234E-02  -4.81685475E-02 -0.500000000    
          17          23  -5.24367876E-02  -8.74316320E-02 -0.500000000    
          17          24   5.83752170E-02 -0.110844836     -0.500000000    
          17          25   9.38807577E-02 -0.119929373     -0.500000000    
          17          26   4.80470732E-02  -8.93564075E-02 -0.500000000    
          17          27  0.163424730      -3.88875827E-02 -0.500000000    
          17          28  0.174410790       2.14164350E-02 -0.500000000    
          17          29  0.291542560       3.65046374E-02 -0.500000000    
          17          30  0.197902739      -6.62287697E-03 -0.500000000    
          17          31  0.146183446      -4.56587039E-02 -0.500000000    
          17          32  0.125657693      -8.30117613E-02 -0.500000000    
          17          33  0.116083875     -0.107495077     -0.500000000    
          18           1   4.85778451E-02  -4.67916243E-02 -0.500000000    
          18           2   1.89658031E-02  -3.88437063E-02 -0.500000000    
          18           3   6.87634945E-02  -9.38732456E-03 -0.500000000    
          18           4  0.116944186      -4.31336975E-03 -0.500000000    
          18           5  0.182057902       7.27816252E-03 -0.500000000    
          18           6   7.02488795E-02  -4.21525165E-02 -0.500000000    
          18           7   1.67882051E-02 -0.106338657     -0.500000000    
          18           8  0.105004832     -0.141467631     -0.500000000    
          18           9  0.239320189     -0.142841339     -0.500000000    
          18          10   8.69615451E-02 -0.104297094     -0.500000000    
          18          11   4.44862321E-02  -6.27195984E-02 -0.500000000    
          18          12  0.125627160      -1.74234174E-02 -0.500000000    
          18          13  0.156005055      -1.43444317E-03 -0.500000000    
          18          14  0.111244716      -2.65499000E-02 -0.500000000    
          18          15   5.60451932E-02  -8.28096494E-02 -0.500000000    
          18          16  -2.16193162E-02 -0.119053595     -0.500000000    
          18          17  -6.08077347E-02 -0.123061508     -0.500000000    
          18          18   7.63463899E-02 -0.106334597     -0.500000000    
          18          19   3.09876725E-03  -8.17619264E-02 -0.500000000    
          18          20   2.42405850E-02  -2.02296916E-02 -0.500000000    
          18          21  -6.43546730E-02  -1.21979248E-02 -0.500000000    
          18          22  -7.28102252E-02  -4.37264889E-02 -0.500000000    
          18          23   3.35973687E-03  -8.49120244E-02 -0.500000000    
          18          24  0.111393906     -0.122780785     -0.500000000    
          18          25  0.101175994     -0.145461664     -0.500000000    
          18          26   4.35333923E-02 -0.123324625     -0.500000000    
          18          27  0.122700356      -7.04456344E-02 -0.500000000    
          18          28  0.262173951      -1.27380388E-03 -0.500000000    
          18          29  0.298901826       6.00555679E-03 -0.500000000    
          18          30  0.163027465      -2.26964056E-02 -0.500000000    
          18          31  0.109861471      -4.09883298E-02 -0.500000000    
          18          32   3.15939076E-02  -6.64830655E-02 -0.500000000    
          18          33  0.122417249      -7.66839385E-02 -0.500000000    
          19           1  0.170156285      -3.72592062E-02 -0.500000000    
          19           2   6.80716932E-02  -3.52298021E-02 -0.500000000    
          19           3   8.11614543E-02  -2.50602271E-02 -0.500000000    
          19           4  0.113255143      -3.24848406E-02 -0.500000000    
          19           5   7.88737237E-02  -1.78594198E-02 -0.500000000    
          19           6  -2.56326497E-02  -4.36424240E-02 -0.500000000    
          19           7   4.05981764E-02  -9.62414071E-02 -0.500000000    
          19           8  0.221875876     -0.127668753     -0.500000000    
          19           9  0.275819868     -0.136648983     -0.500000000    
          19          10   3.20929065E-02 -0.100398779     -0.500000000    
          19          11   1.46851009E-02  -6.00521564E-02 -0.500000000    
          19          12  0.122069195      -7.89244566E-03 -0.500000000    
          19          13  0.143807694       1.20793749E-02 -0.500000000    
          19          14  0.152805224      -1.49112837E-02 -0.500000000    
          19          15  0.164663285      -7.47777522E-02 -0.500000000    
          19          16  0.108427420      -8.91722813E-02 -0.500000000    
          19          17   6.83579594E-02  -8.39946792E-02 -0.500000000    
          19          18   3.44482716E-03  -8.20870921E-02 -0.500000000    
          19          19   3.39161754E-02  -4.61672060E-02 -0.500000000    
          19          20  -2.98601873E-02  -5.02053741E-03 -0.500000000    
          19          21  -1.35569545E-02  -3.14934878E-03 -0.500000000    
          19          22   6.06631581E-03  -2.73617506E-02 -0.500000000    
          19          23  -2.17857957E-03  -7.12675154E-02 -0.500000000    
          19          24  0.109252878     -0.118874282     -0.500000000    
          19          25  0.107241608     -0.136793673     -0.500000000    
          19          26   4.65248302E-02 -0.113457806     -0.500000000    
          19          27   8.34262371E-02  -7.14512840E-02 -0.500000000    
          19          28  0.184244290      -2.29599457E-02 -0.500000000    
          19          29  0.219112232      -2.42331568E-02 -0.500000000    
          19          30  0.106290609      -4.81274985E-02 -0.500000000    
          19          31   6.73005581E-02  -4.53028679E-02 -0.500000000    
          19          32   3.83547544E-02  -6.06739335E-02 -0.500000000    
          19          33  0.166583046      -6.35776296E-02 -0.500000000    
          20           1  0.122362807      -4.41187583E-02 -0.500000000    
          20           2  -6.07428700E-02  -3.53639610E-02 -0.500000000    
          20           3   6.74638674E-02  -3.85005139E-02 -0.500000000    
          20           4  0.158205107      -5.06965369E-02 -0.500000000    
          20           5   5.10162003E-02  -5.37774637E-02 -0.500000000    
          20           6  -9.63000506E-02  -7.80783966E-02 -0.500000000    
          20           7   4.01142016E-02 -0.114521973     -0.500000000    
          20           8  0.121682435     -0.149218127     -0.500000000    
          20           9  0.195181251     -0.171045557     -0.500000000    
          20          10  0.142116114     -0.144413456     -0.500000000    
          20          11   5.46961790E-03  -8.56923312E-02 -0.500000000    
          20          12   4.98115569E-02  -3.49060185E-02 -0.500000000    
          20          13   9.63013470E-02   8.71669874E-03 -0.500000000    
          20          14  0.182937771      -1.51805608E-02 -0.500000000    
          20          15  0.173529893      -4.58797105E-02 -0.500000000    
          20          16   9.37074944E-02  -4.08580042E-02 -0.500000000    
          20          17   5.41332550E-02  -2.97564324E-02 -0.500000000    
          20          18   2.45965235E-02  -2.07096376E-02 -0.500000000    
          20          19  -2.96454094E-02  -5.31997951E-03 -0.500000000    
          20          20  -1.41864903E-02   1.21629322E-02 -0.500000000    
          20          21   7.40689225E-03  -3.66773247E-03 -0.500000000    
          20          22   2.78560258E-03  -3.98532934E-02 -0.500000000    
          20          23   1.11709675E-02 -0.107326053     -0.500000000    
          20          24   4.55245264E-02 -0.156698540     -0.500000000    
          20          25   6.07474111E-02 -0.157499865     -0.500000000    
          20          26   5.41410968E-02 -0.128047690     -0.500000000    
          20          27   4.38857302E-02  -8.86696428E-02 -0.500000000    
          20          28   7.95364976E-02  -5.47392666E-02 -0.500000000    
          20          29  0.155153066      -5.03771976E-02 -0.500000000    
          20          30  0.124047950      -7.72696882E-02 -0.500000000    
          20          31   6.14420883E-02  -7.93245807E-02 -0.500000000    
          20          32  0.127618372      -9.11193267E-02 -0.500000000    
          20          33  0.268304378     -0.118305169     -0.500000000    
          21           1   2.24335175E-02  -2.56791338E-02 -0.500000000    
          21           2 -0.116985433      -1.42522976E-02 -0.500000000    
          21           3   2.08638441E-02  -1.85456164E-02 -0.500000000    
          21           4  0.162256852      -3.29160541E-02 -0.500000000    
          21           5   7.02133328E-02  -5.41807413E-02 -0.500000000    
          21           6   2.13474128E-02  -7.84606859E-02 -0.500000000    
          21           7   8.90816152E-02 -0.111846566     -0.500000000    
          21           8   6.47871569E-02 -0.150735512     -0.500000000    
          21           9  0.122896113     -0.179722294     -0.500000000    
          21          10  0.177784786     -0.174590081     -0.500000000    
          21          11   7.10733309E-02 -0.113106020     -0.500000000    
          21          12  -2.07976699E-02  -4.90621962E-02 -0.500000000    
          21          13   5.64015210E-02  -2.15526223E-02 -0.500000000    
          21          14   9.86707509E-02  -2.98401564E-02 -0.500000000    
          21          15  0.114133127      -3.32891718E-02 -0.500000000    
          21          16   5.93414791E-02  -3.46749090E-02 -0.500000000    
          21          17  -5.32249622E-02  -2.70986110E-02 -0.500000000    
          21          18  -6.38968796E-02  -1.25575801E-02 -0.500000000    
          21          19  -1.29551692E-02  -3.62663693E-03 -0.500000000    
          21          20   7.57436501E-03  -3.95127852E-03 -0.500000000    
          21          21  -4.60669100E-02  -9.45739448E-03 -0.500000000    
          21          22  -8.80485773E-02  -6.49255589E-02 -0.500000000    
          21          23  -1.84974484E-02 -0.133365840     -0.500000000    
          21          24   6.82711452E-02 -0.177570060     -0.500000000    
          21          25  -6.72984794E-02 -0.172344521     -0.500000000    
          21          26   2.97250319E-02 -0.146481365     -0.500000000    
          21          27  -2.07209270E-02 -0.111908577     -0.500000000    
          21          28   2.80750282E-02  -8.09765682E-02 -0.500000000    
          21          29   8.20623264E-02  -6.34149089E-02 -0.500000000    
          21          30   5.87968156E-02  -8.80361125E-02 -0.500000000    
          21          31  -5.53958584E-04 -0.121374629     -0.500000000    
          21          32  0.121991277     -0.155030787     -0.500000000    
          21          33  0.304031700     -0.213165969     -0.500000000    
          22           1   5.24395891E-02  -1.10339615E-02 -0.500000000    
          22           2  -9.21187643E-03  -2.50716824E-02 -0.500000000    
          22           3   4.73694503E-03  -4.32081707E-02 -0.500000000    
          22           4   8.15102160E-02  -5.41066937E-02 -0.500000000    
          22           5  -1.27567379E-02  -4.54024710E-02 -0.500000000    
          22           6   8.64820629E-02  -4.28908691E-02 -0.500000000    
          22           7   2.99337283E-02  -7.12550431E-02 -0.500000000    
          22           8   4.04310077E-02 -0.116495967     -0.500000000    
          22           9  0.145633712     -0.148703456     -0.500000000    
          22          10  0.215368122     -0.163494349     -0.500000000    
          22          11  0.183313921     -0.132386565     -0.500000000    
          22          12   6.58765137E-02  -7.20564723E-02 -0.500000000    
          22          13  -5.07085323E-02  -4.42731306E-02 -0.500000000    
          22          14  -1.43759735E-02  -2.95762140E-02 -0.500000000    
          22          15   1.45213855E-02  -2.26981100E-02 -0.500000000    
          22          16   7.37163844E-03  -3.91366109E-02 -0.500000000    
          22          17  -8.35385323E-02  -4.78563979E-02 -0.500000000    
          22          18  -7.25385174E-02  -4.38168831E-02 -0.500000000    
          22          19   7.00710528E-03  -2.77799498E-02 -0.500000000    
          22          20   3.15614045E-03  -4.03066427E-02 -0.500000000    
          22          21  -8.81519839E-02  -6.51421696E-02 -0.500000000    
          22          22 -0.107807010     -0.101541087     -0.500000000    
          22          23   1.48471789E-02 -0.142165750     -0.500000000    
          22          24   1.65950647E-03 -0.171800941     -0.500000000    
          22          25  -4.93511744E-02 -0.157554910     -0.500000000    
          22          26   4.82709929E-02 -0.124195814     -0.500000000    
          22          27   7.50828385E-02  -9.63128880E-02 -0.500000000    
          22          28   7.14021474E-02  -9.18303132E-02 -0.500000000    
          22          29  -3.27461250E-02  -8.86563137E-02 -0.500000000    
          22          30   1.46570746E-02 -0.116813198     -0.500000000    
          22          31   4.56756875E-02 -0.179665342     -0.500000000    
          22          32  0.207875788     -0.247959718     -0.500000000    
          22          33  0.420121670     -0.308392704     -0.500000000    
          23           1   8.15190002E-02  -1.83615722E-02 -0.500000000    
          23           2   4.15899009E-02  -5.85247278E-02 -0.500000000    
          23           3  -1.72300451E-02  -8.37277994E-02 -0.500000000    
          23           4  -2.42670719E-03  -6.18682615E-02 -0.500000000    
          23           5  -1.20477611E-02  -1.32071218E-02 -0.500000000    
          23           6  0.207859293       2.21651066E-02 -0.500000000    
          23           7  0.121574663      -6.40396262E-03 -0.500000000    
          23           8  -5.60492463E-02  -6.07180633E-02 -0.500000000    
          23           9   7.87655190E-02 -0.104471952     -0.500000000    
          23          10  0.146577492     -0.149738282     -0.500000000    
          23          11  0.207408249     -0.129213080     -0.500000000    
          23          12  0.149238169      -8.93082917E-02 -0.500000000    
          23          13   4.95170755E-03  -6.39807805E-02 -0.500000000    
          23          14  -3.12890969E-02  -2.86496133E-02 -0.500000000    
          23          15   7.31817186E-02  -1.38593488E-04 -0.500000000    
          23          16  -2.39363629E-02  -4.01636101E-02 -0.500000000    
          23          17  -5.29173538E-02  -8.70631039E-02 -0.500000000    
          23          18   3.25837359E-03  -8.48191902E-02 -0.500000000    
          23          19  -1.63096329E-03  -7.15216026E-02 -0.500000000    
          23          20   1.18568027E-02 -0.107741699     -0.500000000    
          23          21  -1.85484365E-02 -0.133685082     -0.500000000    
          23          22   1.45631954E-02 -0.142244577     -0.500000000    
          23          23  -1.40819326E-03 -0.153040573     -0.500000000    
          23          24  -1.13880988E-02 -0.147375330     -0.500000000    
          23          25  -5.04897572E-02 -0.120163023     -0.500000000    
          23          26  0.131646499      -8.35629180E-02 -0.500000000    
          23          27  0.283713281      -5.50426878E-02 -0.500000000    
          23          28  0.205400199      -6.59860447E-02 -0.500000000    
          23          29   3.07252211E-03  -9.51623991E-02 -0.500000000    
          23          30   7.40019754E-02 -0.132355839     -0.500000000    
          23          31  0.164149389     -0.209508002     -0.500000000    
          23          32  0.261825442     -0.297313988     -0.500000000    
          23          33  0.390493900     -0.342068732     -0.500000000    
          24           1   9.50776506E-04  -8.59882534E-02 -0.500000000    
          24           2  0.130933180     -0.126824781     -0.500000000    
          24           3   7.57287443E-02 -0.136929333     -0.500000000    
          24           4  0.168234691      -7.54238218E-02 -0.500000000    
          24           5  0.106719196       2.63514929E-03 -0.500000000    
          24           6  0.174611986       5.50396889E-02 -0.500000000    
          24           7   4.88270298E-02   4.09349762E-02 -0.500000000    
          24           8  -7.74289072E-02  -8.02770443E-03 -0.500000000    
          24           9 -0.125945568      -6.87016770E-02 -0.500000000    
          24          10   4.77369539E-02 -0.117593512     -0.500000000    
          24          11  0.109975174     -0.117512986     -0.500000000    
          24          12   6.60423934E-02 -0.100965694     -0.500000000    
          24          13   5.78597039E-02  -8.25896338E-02 -0.500000000    
          24          14  0.147136450      -2.33901534E-02 -0.500000000    
          24          15  0.131034344       6.84061833E-03 -0.500000000    
          24          16   5.50776497E-02  -4.87668328E-02 -0.500000000    
          24          17   5.80738559E-02 -0.110664599     -0.500000000    
          24          18  0.111184426     -0.122746192     -0.500000000    
          24          19  0.109302089     -0.119050361     -0.500000000    
          24          20   4.60583679E-02 -0.156973034     -0.500000000    
          24          21   6.83710054E-02 -0.177812114     -0.500000000    
          24          22   1.28074200E-03 -0.171935052     -0.500000000    
          24          23  -1.14174141E-02 -0.147424445     -0.500000000    
          24          24 -0.113076352     -0.110390000     -0.500000000    
          24          25 -0.112578183      -6.67321458E-02 -0.500000000    
          24          26   7.77028799E-02  -4.53253500E-02 -0.500000000    
          24          27  0.198959544      -3.44458744E-02 -0.500000000    
          24          28  0.186453372      -4.34291996E-02 -0.500000000    
          24          29   4.55443636E-02  -8.70990604E-02 -0.500000000    
          24          30  0.144290686     -0.141137704     -0.500000000    
          24          31  0.260657519     -0.211599365     -0.500000000    
          24          32  0.221190214     -0.290781736     -0.500000000    
          24          33  0.146154732     -0.326682389     -0.500000000    
          25           1   4.21302356E-02 -0.130235225     -0.500000000    
          25           2   8.59435201E-02 -0.170883060     -0.500000000    
          25           3   6.17776997E-02 -0.161451980     -0.500000000    
          25           4  0.168990508      -8.07204694E-02 -0.500000000    
          25           5   8.31590742E-02   1.78274773E-02 -0.500000000    
          25           6   6.86073154E-02   6.82789162E-02 -0.500000000    
          25           7   3.68672498E-02   6.77854046E-02 -0.500000000    
          25           8  -6.88886791E-02   1.73548292E-02 -0.500000000    
          25           9  -6.86206445E-02  -4.51386645E-02 -0.500000000    
          25          10   3.34838405E-02  -9.24043953E-02 -0.500000000    
          25          11   5.75261340E-02 -0.111044355     -0.500000000    
          25          12  -4.33673002E-02  -9.54020992E-02 -0.500000000    
          25          13  0.118079677      -6.71093613E-02 -0.500000000    
          25          14  0.216935858      -3.42593598E-03 -0.500000000    
          25          15   7.29740486E-02   1.67307388E-02 -0.500000000    
          25          16   2.32491121E-02  -5.09155653E-02 -0.500000000    
          25          17   9.35717896E-02 -0.120188028     -0.500000000    
          25          18  0.101108961     -0.145591989     -0.500000000    
          25          19  0.107117034     -0.136952043     -0.500000000    
          25          20   6.08416609E-02 -0.157650858     -0.500000000    
          25          21  -6.75053075E-02 -0.172524199     -0.500000000    
          25          22  -5.01403175E-02 -0.157782391     -0.500000000    
          25          23  -5.05668670E-02 -0.120396294     -0.500000000    
          25          24 -0.111948118      -6.69488758E-02 -0.500000000    
          25          25 -0.123035453      -3.39246504E-02 -0.500000000    
          25          26   4.03310992E-02  -1.58421323E-02 -0.500000000    
          25          27  0.118172847      -1.74264833E-02 -0.500000000    
          25          28  0.110319287      -2.58212294E-02 -0.500000000    
          25          29   9.44459215E-02  -7.42337182E-02 -0.500000000    
          25          30  0.165279239     -0.139539704     -0.500000000    
          25          31  0.176876768     -0.195492297     -0.500000000    
          25          32  0.199266881     -0.234747931     -0.500000000    
          25          33  0.166544512     -0.243520543     -0.500000000    
          26           1  -8.43544025E-03 -0.138993025     -0.500000000    
          26           2   1.88551098E-02 -0.168988183     -0.500000000    
          26           3   7.35975578E-02 -0.146315336     -0.500000000    
          26           4   8.65269154E-02  -6.99264780E-02 -0.500000000    
          26           5   4.63828817E-02  -3.01405485E-03 -0.500000000    
          26           6   8.47876295E-02   3.58487889E-02 -0.500000000    
          26           7  0.112568073       5.27045988E-02 -0.500000000    
          26           8   8.42441767E-02   1.94722693E-02 -0.500000000    
          26           9   5.84363565E-02  -2.52080690E-02 -0.500000000    
          26          10  0.114467345      -7.29320049E-02 -0.500000000    
          26          11   7.09454119E-02  -9.71140936E-02 -0.500000000    
          26          12   6.47305921E-02  -9.51110050E-02 -0.500000000    
          26          13  0.169300362      -4.94014360E-02 -0.500000000    
          26          14  0.164499387       2.74685957E-02 -0.500000000    
          26          15   1.69480443E-02   4.48147058E-02 -0.500000000    
          26          16   4.64237761E-03  -2.20193490E-02 -0.500000000    
          26          17   4.82273661E-02  -9.01514962E-02 -0.500000000    
          26          18   4.38941531E-02 -0.123695351     -0.500000000    
          26          19   4.66175638E-02 -0.113628566     -0.500000000    
          26          20   5.40480316E-02 -0.128176048     -0.500000000    
          26          21   2.95996461E-02 -0.146698684     -0.500000000    
          26          22   4.80413809E-02 -0.124584928     -0.500000000    
          26          23  0.131941751      -8.40101913E-02 -0.500000000    
          26          24   7.86229298E-02  -4.56811041E-02 -0.500000000    
          26          25   4.01957594E-02  -1.59994867E-02 -0.500000000    
          26          26   2.99279261E-02   1.02126889E-03 -0.500000000    
          26          27   3.99540924E-02  -1.26019400E-02 -0.500000000    
          26          28  0.144240916      -3.44089009E-02 -0.500000000    
          26          29  0.185279161      -7.98468739E-02 -0.500000000    
          26          30   9.36084166E-02 -0.123808376     -0.500000000    
          26          31   6.30597249E-02 -0.150549337     -0.500000000    
          26          32   9.07102451E-02 -0.155890197     -0.500000000    
          26          33  0.194125012     -0.147126734     -0.500000000    
          27           1   1.33613665E-02 -0.120726936     -0.500000000    
          27           2   9.76765156E-02 -0.137997180     -0.500000000    
          27           3  0.193419307     -0.122751020     -0.500000000    
          27           4  0.202476978      -6.54353797E-02 -0.500000000    
          27           5   9.27336514E-02  -2.17525717E-02 -0.500000000    
          27           6   4.77551073E-02   1.09316884E-02 -0.500000000    
          27           7   8.99164602E-02   2.73768790E-02 -0.500000000    
          27           8   7.67514333E-02   1.48970513E-02 -0.500000000    
          27           9   5.61144836E-02   4.16267343E-04 -0.500000000    
          27          10  0.173997000      -3.21064964E-02 -0.500000000    
          27          11  0.120390370      -6.21319115E-02 -0.500000000    
          27          12   8.96431655E-02  -6.62585124E-02 -0.500000000    
          27          13   6.59954250E-02  -1.96792036E-02 -0.500000000    
          27          14  -1.82792079E-04   6.13761172E-02 -0.500000000    
          27          15   9.41762514E-03   7.68728852E-02 -0.500000000    
          27          16   8.53884891E-02   1.39419083E-02 -0.500000000    
          27          17  0.163607627      -4.00491692E-02 -0.500000000    
          27          18  0.123098686      -7.10348636E-02 -0.500000000    
          27          19   8.35565552E-02  -7.17604756E-02 -0.500000000    
          27          20   4.37468998E-02  -8.89372304E-02 -0.500000000    
          27          21  -2.02467628E-02 -0.112249993     -0.500000000    
          27          22   7.60999173E-02  -9.68395546E-02 -0.500000000    
          27          23  0.284753352      -5.56016751E-02 -0.500000000    
          27          24  0.199705288      -3.47479917E-02 -0.500000000    
          27          25  0.117463164      -1.74741037E-02 -0.500000000    
          27          26   3.91228981E-02  -1.25343045E-02 -0.500000000    
          27          27  0.112240359      -2.01693065E-02 -0.500000000    
          27          28  0.230920166      -5.05580232E-02 -0.500000000    
          27          29  0.235940948      -7.66752735E-02 -0.500000000    
          27          30   9.28217992E-02  -8.45420212E-02 -0.500000000    
          27          31   3.66157703E-02  -9.82470214E-02 -0.500000000    
          27          32   8.35268945E-02 -0.100960396     -0.500000000    
          27          33  0.256822020      -7.82636479E-02 -0.500000000    
          28           1  -4.59530950E-02  -6.99184909E-02 -0.500000000    
          28           2  0.190356284      -8.28957856E-02 -0.500000000    
          28           3  0.301821619      -7.78238997E-02 -0.500000000    
          28           4  0.247700661      -3.97595763E-02 -0.500000000    
          28           5   4.90717739E-02  -1.66052487E-03 -0.500000000    
          28           6  -8.13826546E-02  -2.84492876E-03 -0.500000000    
          28           7   2.11679190E-02   3.84555128E-03 -0.500000000    
          28           8   2.22545061E-02   3.34959067E-02 -0.500000000    
          28           9   8.80899131E-02   4.38721292E-02 -0.500000000    
          28          10  0.105688527       2.43100449E-02 -0.500000000    
          28          11   5.21611869E-02  -3.32605909E-03 -0.500000000    
          28          12   3.04349735E-02  -8.28811061E-03 -0.500000000    
          28          13  -1.05811106E-02   2.11858600E-02 -0.500000000    
          28          14   4.58580852E-02   6.40643537E-02 -0.500000000    
          28          15  0.138232321       9.03698131E-02 -0.500000000    
          28          16  0.136553213       5.92438839E-02 -0.500000000    
          28          17  0.174315169       2.01881602E-02 -0.500000000    
          28          18  0.262135535      -2.00990494E-03 -0.500000000    
          28          19  0.183977574      -2.34724972E-02 -0.500000000    
          28          20   7.92725384E-02  -5.52511662E-02 -0.500000000    
          28          21   2.87368670E-02  -8.15614313E-02 -0.500000000    
          28          22   7.23705664E-02  -9.24983025E-02 -0.500000000    
          28          23  0.206319749      -6.65601268E-02 -0.500000000    
          28          24  0.186497286      -4.36270870E-02 -0.500000000    
          28          25  0.109225072      -2.56824810E-02 -0.500000000    
          28          26  0.142597273      -3.41879874E-02 -0.500000000    
          28          27  0.229781434      -5.04098982E-02 -0.500000000    
          28          28  0.177018330      -5.96914105E-02 -0.500000000    
          28          29  0.147707328      -4.35400680E-02 -0.500000000    
          28          30  0.202284500      -1.50256455E-02 -0.500000000    
          28          31   2.42459849E-02  -1.42979193E-02 -0.500000000    
          28          32   1.15225660E-02  -2.22667325E-02 -0.500000000    
          28          33   2.90573500E-02  -2.12209439E-03 -0.500000000    
          29           1  -7.80432671E-03   7.13330880E-03 -0.500000000    
          29           2  0.132790223       1.32078480E-03 -0.500000000    
          29           3  0.197002068      -1.07337476E-03 -0.500000000    
          29           4  0.206846625       1.08999955E-02 -0.500000000    
          29           5   9.40829664E-02   2.49598231E-02 -0.500000000    
          29           6   1.83718726E-02  -7.33519718E-03 -0.500000000    
          29           7   9.55655202E-02  -1.03154685E-02 -0.500000000    
          29           8  0.120023549       1.15356166E-02 -0.500000000    
          29           9  0.113884874       4.21037264E-02 -0.500000000    
          29          10   4.61894721E-02   4.54105288E-02 -0.500000000    
          29          11  -4.45179380E-02   2.90547479E-02 -0.500000000    
          29          12  -5.43010086E-02   3.85197066E-02 -0.500000000    
          29          13   3.52483876E-02   5.21062203E-02 -0.500000000    
          29          14   6.11702241E-02   6.14831038E-02 -0.500000000    
          29          15  0.107302159       7.86268935E-02 -0.500000000    
          29          16  0.199141219       6.48512766E-02 -0.500000000    
          29          17  0.290878475       3.54898050E-02 -0.500000000    
          29          18  0.298062056       5.20279678E-03 -0.500000000    
          29          19  0.218736336      -2.49208417E-02 -0.500000000    
          29          20  0.154960126      -5.11340983E-02 -0.500000000    
          29          21   8.24789628E-02  -6.42419159E-02 -0.500000000    
          29          22  -3.19161415E-02  -8.94546285E-02 -0.500000000    
          29          23   3.84631753E-03  -9.57441106E-02 -0.500000000    
          29          24   4.52756621E-02  -8.72712284E-02 -0.500000000    
          29          25   9.30734649E-02  -7.39665553E-02 -0.500000000    
          29          26  0.182805300      -7.94417039E-02 -0.500000000    
          29          27  0.234145060      -7.63665289E-02 -0.500000000    
          29          28  0.147563055      -4.33962494E-02 -0.500000000    
          29          29  0.225680813       1.66054070E-02 -0.500000000    
          29          30  0.114779927       8.02544355E-02 -0.500000000    
          29          31 -0.108561702       9.23170745E-02 -0.500000000    
          29          32 -0.125324741       6.84107617E-02 -0.500000000    
          29          33 -0.233065888       6.26343191E-02 -0.500000000    
          30           1  0.599693537       8.96819085E-02 -0.500000000    
          30           2  0.272703767       8.76863822E-02 -0.500000000    
          30           3  0.120841108       6.95981979E-02 -0.500000000    
          30           4  0.202450156       7.33374879E-02 -0.500000000    
          30           5   8.93615037E-02   5.46382815E-02 -0.500000000    
          30           6   8.03636946E-03   8.31592246E-04 -0.500000000    
          30           7   9.00389552E-02  -3.34142484E-02 -0.500000000    
          30           8   7.37555698E-02  -4.10928801E-02 -0.500000000    
          30           9  0.116600536      -1.26786726E-02 -0.500000000    
          30          10  0.111054964       2.44892724E-02 -0.500000000    
          30          11  0.130377218       2.43715215E-02 -0.500000000    
          30          12   3.44798267E-02   4.65045609E-02 -0.500000000    
          30          13   1.81898708E-03   5.40501140E-02 -0.500000000    
          30          14   5.09504266E-02   5.05319647E-02 -0.500000000    
          30          15  0.120464683       5.97157925E-02 -0.500000000    
          30          16  0.181358367       2.72804555E-02 -0.500000000    
          30          17  0.197346315      -7.26807443E-03 -0.500000000    
          30          18  0.161627933      -2.35131253E-02 -0.500000000    
          30          19  0.105923362      -4.89519835E-02 -0.500000000    
          30          20  0.123796947      -7.82609731E-02 -0.500000000    
          30          21   5.90332970E-02  -8.90851766E-02 -0.500000000    
          30          22   1.58777013E-02 -0.117711432     -0.500000000    
          30          23   7.53917843E-02 -0.132910803     -0.500000000    
          30          24  0.144188598     -0.141227826     -0.500000000    
          30          25  0.163520157     -0.139122620     -0.500000000    
          30          26   9.13292393E-02 -0.123256862     -0.500000000    
          30          27   9.11533758E-02  -8.41021091E-02 -0.500000000    
          30          28  0.201501295      -1.46514270E-02 -0.500000000    
          30          29  0.112508841       8.05519819E-02 -0.500000000    
          30          30  0.198127612      0.138506696     -0.500000000    
          30          31  0.119658932      0.152502626     -0.500000000    
          30          32   9.31700841E-02  0.134297520     -0.500000000    
          30          33   2.98300944E-02  0.114711598     -0.500000000    
          31           1  0.522848666      0.111727729     -0.500000000    
          31           2  0.427458346      0.142867699     -0.500000000    
          31           3  0.147269055      0.119493470     -0.500000000    
          31           4   4.81718741E-02   9.70899239E-02 -0.500000000    
          31           5  -9.44497064E-02   6.67380616E-02 -0.500000000    
          31           6  -1.42906224E-02  -2.34677759E-03 -0.500000000    
          31           7   9.34032500E-02  -5.67209236E-02 -0.500000000    
          31           8   5.83618917E-02  -7.93306530E-02 -0.500000000    
          31           9  0.165211067      -7.01420158E-02 -0.500000000    
          31          10   9.06539634E-02  -2.64301188E-02 -0.500000000    
          31          11  0.100471705      -8.71538930E-03 -0.500000000    
          31          12   1.68763474E-02   1.86763853E-02 -0.500000000    
          31          13   1.82403587E-02   2.99464948E-02 -0.500000000    
          31          14  0.111148976       2.64477301E-02 -0.500000000    
          31          15  0.190862775       2.88964827E-02 -0.500000000    
          31          16  0.178522065      -1.24898423E-02 -0.500000000    
          31          17  0.146074757      -4.59924825E-02 -0.500000000    
          31          18  0.108460180      -4.18187231E-02 -0.500000000    
          31          19   6.73090145E-02  -4.62770574E-02 -0.500000000    
          31          20   6.12243302E-02  -8.05904716E-02 -0.500000000    
          31          21  -6.82435930E-05 -0.122690246     -0.500000000    
          31          22   4.72887643E-02 -0.180661872     -0.500000000    
          31          23  0.165651917     -0.209924668     -0.500000000    
          31          24  0.260530114     -0.211443514     -0.500000000    
          31          25  0.174821541     -0.194853634     -0.500000000    
          31          26   6.03179596E-02 -0.149795860     -0.500000000    
          31          27   3.42682824E-02  -9.76409465E-02 -0.500000000    
          31          28   2.19906121E-02  -1.36408024E-02 -0.500000000    
          31          29 -0.112826891       9.27920565E-02 -0.500000000    
          31          30  0.116504967      0.152792200     -0.500000000    
          31          31  0.205411881      0.154575586     -0.500000000    
          31          32  0.159252062      0.126339093     -0.500000000    
          31          33   6.54475912E-02  0.107524849     -0.500000000    
          32           1  0.720784068      0.150873378     -0.500000000    
          32           2  0.607512712      0.172599927     -0.500000000    
          32           3  0.279930711      0.139119163     -0.500000000    
          32           4  0.104640007       8.46128464E-02 -0.500000000    
          32           5  -6.49293065E-02   6.83039799E-02 -0.500000000    
          32           6   8.70810226E-02   1.75421573E-02 -0.500000000    
          32           7   2.34111659E-02  -2.58229300E-02 -0.500000000    
          32           8  -8.04952607E-02  -5.81454188E-02 -0.500000000    
          32           9  0.127574086      -7.56189972E-02 -0.500000000    
          32          10  0.111630723      -4.75090593E-02 -0.500000000    
          32          11  0.137435868      -2.60935966E-02 -0.500000000    
          32          12   8.18345174E-02  -1.48323299E-02 -0.500000000    
          32          13   8.25068355E-02  -5.89386281E-03 -0.500000000    
          32          14  0.205140486      -1.69983215E-03 -0.500000000    
          32          15  0.257315099      -6.01140026E-04 -0.500000000    
          32          16  0.220909625      -4.98376638E-02 -0.500000000    
          32          17  0.125957131      -8.32197368E-02 -0.500000000    
          32          18   3.01654041E-02  -6.74163103E-02 -0.500000000    
          32          19   3.86561304E-02  -6.18522502E-02 -0.500000000    
          32          20  0.127462998      -9.26659480E-02 -0.500000000    
          32          21  0.123087369     -0.156593919     -0.500000000    
          32          22  0.209849626     -0.249013200     -0.500000000    
          32          23  0.261796653     -0.297432691     -0.500000000    
          32          24  0.219099104     -0.290145427     -0.500000000    
          32          25  0.195625395     -0.233723328     -0.500000000    
          32          26   8.63930210E-02 -0.154852986     -0.500000000    
          32          27   7.96171501E-02 -0.100126497     -0.500000000    
          32          28   7.71920988E-03  -2.14418769E-02 -0.500000000    
          32          29 -0.129663974       6.91059306E-02 -0.500000000    
          32          30   8.60618800E-02  0.134725094     -0.500000000    
          32          31  0.153990939      0.126348957     -0.500000000    
          32          32  0.189671665       8.71866867E-02 -0.500000000    
          32          33  0.291508973       6.85165301E-02 -0.500000000    
          33           1  0.740275681      0.181058213     -0.500000000    
          33           2  0.777476072      0.179214939     -0.500000000    
          33           3  0.418844908      0.133708671     -0.500000000    
          33           4  -5.77826500E-02   7.16051459E-02 -0.500000000    
          33           5 -0.222487837       5.92784360E-02 -0.500000000    
          33           6  0.140021876       1.35100596E-02 -0.500000000    
          33           7  0.206144810       1.26683451E-02 -0.500000000    
          33           8  -5.66271273E-03  -1.70173943E-02 -0.500000000    
          33           9  -1.16162412E-02  -6.03458844E-02 -0.500000000    
          33          10  -3.30244899E-02  -4.96092588E-02 -0.500000000    
          33          11   2.27056388E-02  -1.47670535E-02 -0.500000000    
          33          12   9.46875603E-04  -1.10627813E-02 -0.500000000    
          33          13  -9.97255966E-02  -2.18726955E-02 -0.500000000    
          33          14   1.24057224E-02  -3.35152894E-02 -0.500000000    
          33          15  0.159993604      -3.61044221E-02 -0.500000000    
          33          16  0.186104596      -8.05995762E-02 -0.500000000    
          33          17  0.115961455     -0.107722811     -0.500000000    
          33          18  0.120228022      -7.77475461E-02 -0.500000000    
          33          19  0.166257501      -6.49155676E-02 -0.500000000    
          33          20  0.267501622     -0.120054454     -0.500000000    
          33          21  0.305282295     -0.214930102     -0.500000000    
          33          22  0.422255933     -0.309459358     -0.500000000    
          33          23  0.389809251     -0.341964453     -0.500000000    
          33          24  0.143106297     -0.325830728     -0.500000000    
          33          25  0.161967292     -0.242346093     -0.500000000    
          33          26  0.188609421     -0.145971358     -0.500000000    
          33          27  0.252219766      -7.72492439E-02 -0.500000000    
          33          28   2.63465606E-02  -1.19546405E-03 -0.500000000    
          33          29 -0.238387495       6.35278597E-02 -0.500000000    
          33          30   2.20268499E-02  0.115329757     -0.500000000    
          33          31   5.34233116E-02  0.107397996     -0.500000000    
          33          32  0.282951683       6.79094568E-02 -0.500000000    
          33          33  0.543525875       4.70859222E-02 -0.500000000    
