           1   0.00000000    
           2   1.45007568E-13
           3   4.87946597E-13
           4   1.48193111E-12
           5   4.40055718E-12
           6   1.28780892E-11
           7   3.71799466E-11
           8   1.05933609E-10
           9   2.97962821E-10
          10   8.27636959E-10
          11   2.27105401E-09
          12   6.15886275E-09
          13   1.65139529E-08
          14   4.38013608E-08
          15   1.14983493E-07
          16   2.98907338E-07
          17   7.69924497E-07
          18   1.96626570E-06
          19   4.98199006E-06
          20   1.25320894E-05
          21   3.13186902E-05
          22   7.78116082E-05
          23   1.92328967E-04
          24   4.73255059E-04
          25   1.16004352E-03
          26   2.83426908E-03
          27   6.90598320E-03
          28   1.67880133E-02
          29   4.07176837E-02
          30   9.84413624E-02
          31  0.236439809    
          32  0.559356928    
          33   1.28069305    
          34   2.75273848    
          35   5.29969454    
          36   8.51713848    
          37   10.1244307    
          38   6.10947418    
          39  -5.76886082    
          40  -19.6873112    
          41  -19.0455246    
          42   2.63532734    
          43   26.1454639    
          44   23.6797447    
          45   2.79269600    
          46  -6.16467953    
          47  0.976642132    
          48   6.24323559    
          49   2.23891735    
          50 -0.851482391    
          51 -0.542019844    
          52  -1.77211070    
          53 -0.668553233    
          54  0.440834403    
          55  -1.85210478    
          56 -0.141285777    
          57  0.447879434    
          58  -7.53347874E-02
          59   2.55144382    
          60   1.45626462    
          61   3.56403446    
          62   4.09177876    
          63   5.04521561    
          64   7.53232908    
          65   7.91318083    
          66   11.1841078    
          67   11.2740068    
          68   15.2068348    
          69   16.7257271    
          70   21.4097042    
          71   25.5459747    
          72   31.0921383    
          73   44.2176132    
          74   56.0704727    
          75   111.847321    
          76   53.0110474    
          77   35.6182022    
          78   15.1359100    
          79   3.25002670    
          80  -3.72345781    
          81  -10.3274183    
          82  -10.4686584    
          83  -12.2429056    
          84  -8.39364624    
          85  -5.90907669    
          86  -1.74027216    
          87  -1.68103862    
          88  -3.28502798    
          89  -5.06218910    
          90  -7.80298710    
          91  -7.04245138    
          92  -7.49577093    
          93  -6.81523371    
          94  -3.79922771    
          95  -4.96197891    
          96  -5.93420863E-02
          97  0.146003410    
          98  0.906194508    
          99  0.832673430    
         100   2.92025495    
         101   3.76160526    
         102   9.62107849    
         103   5.82295561    
         104  -3.65936470    
         105   3.46615124    
         106   23.6720505    
         107   41.9677849    
         108   34.6936874    
         109   9.43089294    
         110  -2.51768160    
         111   2.82940054    
         112   11.8786640    
         113   16.6023197    
         114   16.8853226    
         115   15.1295443    
         116   13.1143990    
         117   11.4460497    
         118   10.1197252    
         119   9.00028706    
         120   7.98931551    
         121   7.03797150    
         122   6.12659597    
         123   5.24876118    
         124   4.40322733    
         125   3.59043694    
         126   2.81121182    
         127   2.06625557    
         128   1.35602009    
         129  0.680776179    
         130   4.05537263E-02
         131 -0.564733088    
         132  -1.13529384    
         133  -1.67142332    
         134  -2.17348003    
         135  -2.64188218    
         136  -3.07707691    
         137  -3.47954202    
         138  -3.84977508    
         139  -4.18827963    
         140  -4.49557447    
         141  -4.77218914    
         142  -5.01858044    
         143  -5.23526573    
         144  -5.42264795    
         145  -5.58115149    
         146  -5.71111393    
         147  -5.81285954    
         148  -5.88662958    
         149  -5.93259525    
         150  -5.95087671    
         151  -5.94150925    
         152  -5.90448761    
         153  -5.83969355    
         154  -5.74694967    
         155  -5.62605619    
         156  -5.47669506    
         157  -5.29852581    
         158  -5.09115553    
         159  -4.85413218    
         160  -4.58698177    
         161  -4.28920984    
         162  -3.96030045    
         163  -3.59973049    
         164  -3.20696759    
         165  -2.78150749    
         166  -2.32283258    
         167  -1.83048308    
         168  -1.30400634    
         169 -0.743021190    
         170 -0.147195861    
         171  0.483715206    
         172   1.14984190    
         173   1.85116720    
         174   2.58747005    
         175   3.35826182    
         176   4.16264153    
         177   4.99916792    
         178   5.86572504    
         179   6.75923586    
         180   7.67536163    
         181   8.60812569    
         182   9.54955673    
         183   10.4891100    
         184   11.4132433    
         185   12.3049116    
         186   13.1432467    
         187   13.9034081    
         188   14.5569019    
         189   15.0724487    
         190   15.4173460    
         191   15.5598326    
         192   15.4715290    
         193   15.1305580    
         194   14.5239258    
         195   13.6490278    
         196   12.5141277    
         197   11.1365519    
         198   9.54022408    
         199   7.75219727    
         200   5.79870701    
         201   3.70319366    
         202   1.48470044    
         203 -0.841291785    
         204  -3.25798750    
         205  -5.74126244    
         206  -8.24777889    
         207  -10.6986523    
         208  -12.9661512    
         209  -14.8632870    
         210  -16.1547089    
         211  -16.6068306    
         212  -16.0562344    
         213  -14.4713984    
         214  -11.9715481    
         215  -8.76289272    
         216  -5.04657793    
         217 -0.980006695    
         218   3.32335925    
         219   7.74868107    
         220   12.0102949    
         221   15.4479284    
         222   17.1176739    
         223   16.3110180    
         224   13.0274096    
         225   7.86052561    
         226   1.53297591    
         227  -5.29148769    
         228  -11.6519413    
         229  -15.8096666    
         230  -15.8549910    
         231  -11.4903212    
         232  -4.37164545    
         233   3.39187002    
         234   9.82338142    
         235   12.9083786    
         236   11.6924982    
         237   7.39672470    
         238   2.26580548    
         239  -2.07667828    
         240  -4.91305542    
         241  -6.11759043    
         242  -5.96199179    
         243  -4.94881725    
         244  -3.58990240    
         245  -2.25101686    
         246  -1.12572539    
         247 -0.282065243    
         248  0.284264058    
         249  0.613703966    
         250  0.761094928    
         251  0.782215357    
         252  0.725676715    
         253  0.629141510    
         254  0.518870711    
         255  0.411290407    
         256  0.315347850    
         257  0.234839067    
         258  0.170322701    
         259  0.120530777    
         260   8.33306685E-02
         261   5.63372076E-02
         262   3.72708812E-02
         263   2.41413135E-02
         264   1.53163886E-02
         265   9.52164456E-03
         266   5.80176618E-03
         267   3.46590276E-03
         268   2.03040033E-03
         269   1.16666616E-03
         270   6.57646684E-04
         271   3.63742089E-04
         272   1.97431655E-04
         273   1.05177809E-04
         274   5.50012483E-05
         275   2.82367691E-05
         276   1.42331346E-05
         277   7.04490230E-06
         278   3.42437534E-06
         279   1.63478194E-06
         280   7.66563915E-07
         281   3.53087898E-07
         282   1.59770693E-07
         283   7.10269816E-08
         284   3.10235890E-08
         285   1.33147271E-08
         286   5.61528557E-09
         287   2.32721797E-09
         288   9.47879775E-10
         289   3.79441423E-10
         290   1.49291315E-10
         291   5.77357676E-11
         292   2.19481152E-11
         293   8.20184979E-12
         294   3.01306072E-12
         295   1.08817773E-12
         296   3.86334248E-13
         297   1.34717541E-13
         298   4.57571298E-14
         299   1.39340850E-14
         300   0.00000000    
