           1   0.00000000    
           2   3.03885539E-34
           3   1.68748514E-33
           4   8.92565497E-33
           5   4.63608801E-32
           6   2.36850968E-31
           7   1.19186889E-30
           8   5.92259908E-30
           9   2.91725935E-29
          10   1.43072617E-28
          11   7.01162819E-28
          12   3.43622918E-27
          13   1.67848431E-26
          14   8.11781382E-26
          15   3.85707919E-25
          16   1.78857960E-24
          17   8.06231780E-24
          18   3.52880833E-23
          19   1.50142546E-22
          20   6.22480169E-22
          21   2.52153267E-21
          22   1.00031727E-20
          23   3.89301634E-20
          24   1.48794386E-19
          25   5.58886959E-19
          26   2.06380818E-18
          27   7.49432914E-18
          28   2.67666349E-17
          29   9.40406749E-17
          30   3.25053446E-16
          31   1.10551278E-15
          32   3.69995003E-15
          33   1.21872778E-14
          34   3.95144292E-14
          35   1.26126716E-13
          36   3.96398111E-13
          37   1.22689391E-12
          38   3.74041249E-12
          39   1.12347718E-11
          40   3.32542258E-11
          41   9.70251240E-11
          42   2.79129414E-10
          43   7.92052757E-10
          44   2.21762120E-09
          45   6.12884854E-09
          46   1.67270287E-08
          47   4.51040023E-08
          48   1.20224641E-07
          49   3.16955266E-07
          50   8.26971473E-07
          51   2.13673388E-06
          52   5.47107084E-06
          53   1.38919795E-05
          54   3.50061055E-05
          55   8.76063787E-05
          56   2.17904380E-04
          57   5.39085071E-04
          58   1.32746692E-03
          59   3.25585343E-03
          60   7.95906037E-03
          61   1.94031522E-02
          62   4.71984223E-02
          63  0.114611879    
          64  0.277937114    
          65  0.673273265    
          66   1.62901783    
          67   3.93113446    
          68   9.39227200    
          69   21.5088539    
          70   41.5723686    
          71   47.3549118    
          72   22.2843742    
          73   22.8051567    
          74   51.0247612    
          75   93.8452148    
          76   52.0614166    
          77   23.9426117    
          78   22.7174892    
          79   48.4637909    
          80   43.9871864    
          81   23.9664955    
          82   11.7011929    
          83   6.18368196    
          84   3.78351092    
          85   2.53092575    
          86   1.50766408    
          87  0.279956162    
          88  -1.36051250    
          89  -3.48293686    
          90  -5.98451805    
          91  -8.45700359    
          92  -10.0786753    
          93  -9.82472420    
          94  -7.06594372    
          95  -1.97780633    
          96   4.62888670    
          97   11.4020777    
          98   16.1845074    
          99   16.7498207    
         100   12.8047657    
         101   6.15410471    
         102  -1.34411788    
         103  -8.66296577    
         104  -14.9181824    
         105  -18.8954735    
         106  -19.6415443    
         107  -17.3224812    
         108  -13.0577078    
         109  -8.02318954    
         110  -2.93226814    
         111   1.92827928    
         112   6.46379042    
         113   10.5843573    
         114   14.1371021    
         115   16.9230347    
         116   18.7588978    
         117   19.5547466    
         118   19.3563385    
         119   18.3270264    
         120   16.6903801    
         121   14.6688337    
         122   12.4454823    
         123   10.1524992    
         124   7.87569237    
         125   5.66605568    
         126   3.55126309    
         127   1.54481447    
         128 -0.347527146    
         129  -2.12381434    
         130  -3.78371239    
         131  -5.32740211    
         132  -6.75522518    
         133  -8.06775951    
         134  -9.26599979    
         135  -10.3516951    
         136  -11.3274527    
         137  -12.1969118    
         138  -12.9647198    
         139  -13.6364241    
         140  -14.2183390    
         141  -14.7172203    
         142  -15.1400976    
         143  -15.4939137    
         144  -15.7854042    
         145  -16.0207710    
         146  -16.2055645    
         147  -16.3445034    
         148  -16.4413795    
         149  -16.4989586    
         150  -16.5189590    
         151  -16.5019836    
         152  -16.4475040    
         153  -16.3539181    
         154  -16.2185211    
         155  -16.0376034    
         156  -15.8065014    
         157  -15.5197325    
         158  -15.1711159    
         159  -14.7539492    
         160  -14.2612572    
         161  -13.6859913    
         162  -13.0213251    
         163  -12.2608738    
         164  -11.3989887    
         165  -10.4308853    
         166  -9.35279179    
         167  -8.16196918    
         168  -6.85656214    
         169  -5.43547344    
         170  -3.89805746    
         171  -2.24390078    
         172 -0.472812206    
         173   1.41492248    
         174   3.41746044    
         175   5.52922726    
         176   7.73720169    
         177   10.0144873    
         178   12.3113823    
         179   14.5439816    
         180   16.5824337    
         181   18.2460041    
         182   19.3134022    
         183   19.5596428    
         184   18.8166389    
         185   17.0313683    
         186   14.2868681    
         187   10.7626553    
         188   6.65800953    
         189   2.12894869    
         190  -2.73115587    
         191  -7.82723045    
         192  -12.8792791    
         193  -17.1893463    
         194  -19.5939026    
         195  -18.9588642    
         196  -15.0769339    
         197  -8.87432671    
         198  -1.57202828    
         199   5.93196487    
         200   12.6214380    
         201   16.6658592    
         202   16.2455540    
         203   11.5851698    
         204   4.87230968    
         205  -1.72250962    
         206  -6.83315516    
         207  -9.65190792    
         208  -9.99945259    
         209  -8.48131657    
         210  -6.09820700    
         211  -3.66598892    
         212  -1.60574126    
         213  -5.08511513E-02
         214   1.00382173    
         215   1.62047672    
         216   1.88658011    
         217   1.89875150    
         218   1.74902701    
         219   1.51412606    
         220   1.25037265    
         221  0.994132876    
         222  0.765550435    
         223  0.573230207    
         224  0.418434560    
         225  0.298267156    
         226  0.207851306    
         227  0.141710952    
         228   9.45787132E-02
         229   6.18154220E-02
         230   3.95775512E-02
         231   2.48290002E-02
         232   1.52658029E-02
         233   9.20046493E-03
         234   5.43625327E-03
         235   3.14957392E-03
         236   1.78946333E-03
         237   9.97158000E-04
         238   5.45032613E-04
         239   2.92241428E-04
         240   1.53731147E-04
         241   7.93450527E-05
         242   4.01837569E-05
         243   1.99703827E-05
         244   9.73997612E-06
         245   4.66223264E-06
         246   2.19038975E-06
         247   1.01010414E-06
         248   4.57248575E-07
         249   2.03190353E-07
         250   8.86421532E-08
         251   3.79651439E-08
         252   1.59645701E-08
         253   6.59137633E-09
         254   2.67214517E-09
         255   1.06371767E-09
         256   4.15807305E-10
         257   1.59614877E-10
         258   6.01707989E-11
         259   2.22763578E-11
         260   8.09958697E-12
         261   2.89238295E-12
         262   1.01446249E-12
         263   3.49475169E-13
         264   1.18252196E-13
         265   3.93030640E-14
         266   1.28315573E-14
         267   4.11508765E-15
         268   1.29639091E-15
         269   4.01199273E-16
         270   1.21972387E-16
         271   3.64291798E-17
         272   1.06888990E-17
         273   3.08120580E-18
         274   8.72611853E-19
         275   2.42796328E-19
         276   6.63729465E-20
         277   1.78268812E-20
         278   4.70437526E-21
         279   1.21976940E-21
         280   3.10748466E-22
         281   7.77860398E-23
         282   1.91320542E-23
         283   4.62374766E-24
         284   1.09800544E-24
         285   2.56210978E-25
         286   5.87460217E-26
         287   1.32358257E-26
         288   2.93035017E-27
         289   6.37511123E-28
         290   1.36288529E-28
         291   2.86310551E-29
         292   5.91050672E-30
         293   1.19901439E-30
         294   2.39022529E-31
         295   4.68242247E-32
         296   9.01407492E-33
         297   1.70521821E-33
         298   3.16703387E-34
         299   5.60826920E-35
         300   0.00000000    
